5000 656853.878600 6868977.771459 656863.877464 6868977.922165 656863.140842 6869026.794682 656853.141978 6869026.643976 656853.878600 6868977.771459 18.000000
10000 656857.703512 6868995.620811 656867.702376 6868995.771518 656867.300308 6869022.447483 656857.301443 6869022.296777 656857.703512 6868995.620811 18.000000
15000 656860.083071 6868989.399809 656870.081936 6868989.550516 656869.480134 6869029.478141 656859.481269 6869029.327435 656860.083071 6868989.399809 18.000000
15000 656849.329430 6868994.704244 656854.328862 6868994.779597 656854.061439 6869012.522249 656849.062007 6869012.446896 656849.329430 6868994.704244 6.000000
20000 656849.497542 6868995.656801 656854.496974 6868995.732154 656854.344654 6869005.838111 656849.345221 6869005.762758 656849.497542 6868995.656801 6.000000
20000 656860.889700 6869031.557195 656860.814347 6869036.556627 656849.282854 6869036.382821 656849.358207 6869031.383389 656860.889700 6869031.557195 6.000000
25000 656860.573772 6869002.231337 656870.572636 6869002.382043 656869.864734 6869049.349079 656859.865870 6869049.198373 656860.573772 6869002.231337 18.000000
30000 656859.045546 6869012.771676 656869.044410 6869012.922382 656868.513311 6869048.159081 656858.514447 6869048.008375 656859.045546 6869012.771676 18.000000
35000 656861.645997 6868994.502121 656871.644861 6868994.652827 656871.238734 6869021.598012 656861.239870 6869021.447306 656861.645997 6868994.502121 18.000000
40000 656858.992520 6868977.094635 656868.991384 6868977.245342 656868.570638 6869005.160494 656858.571774 6869005.009788 656858.992520 6868977.094635 18.000000
45000 656871.227105 6868977.748356 656871.076399 6868987.747220 656849.504896 6868987.422087 656849.655602 6868977.423223 656871.227105 6868977.748356 18.000000
50000 656854.787509 6869035.775387 656854.712155 6869040.774819 656848.997357 6869040.688684 656849.072710 6869035.689252 656854.787509 6869035.775387 6.000000
50000 656857.274703 6869012.480024 656862.274135 6869012.555377 656862.198436 6869017.577764 656857.199004 6869017.502411 656857.274703 6869012.480024 6.000000
55000 656866.940485 6869013.804642 656871.939917 6869013.879995 656871.590149 6869037.085999 656866.590716 6869037.010646 656866.940485 6869013.804642 6.000000
55000 656859.380045 6868989.437800 656864.379478 6868989.513153 656864.173751 6869003.162424 656859.174319 6869003.087071 656859.380045 6868989.437800 6.000000
60000 656870.756237 6869026.209882 656870.605531 6869036.208747 656849.322291 6869035.887959 656849.472997 6869025.889095 656870.756237 6869026.209882 18.000000
65000 656853.633064 6869008.049643 656863.631929 6869008.200349 656863.089832 6869044.166758 656853.090967 6869044.016052 656853.633064 6869008.049643 18.000000
70000 656854.645653 6869012.900408 656864.644517 6869013.051114 656864.120412 6869047.823810 656854.121548 6869047.673104 656854.645653 6869012.900408 18.000000
75000 656852.022374 6868984.104412 656862.021238 6868984.255118 656861.391309 6869026.048876 656851.392445 6869025.898170 656852.022374 6868984.104412 18.000000
80000 656859.150236 6868995.053012 656859.074883 6869000.052444 656849.301907 6868999.905143 656849.377260 6868994.905711 656859.150236 6868995.053012 6.000000
80000 656871.470064 6869025.516879 656871.394711 6869030.516311 656857.889714 6869030.312760 656857.965067 6869025.313328 656871.470064 6869025.516879 6.000000
85000 656849.458773 6868980.130850 656854.458205 6868980.206203 656854.170438 6868999.298622 656849.171006 6868999.223269 656849.458773 6868980.130850 6.000000
85000 656849.536604 6869025.707210 656854.536036 6869025.782563 656854.196431 6869048.314254 656849.196999 6869048.238901 656849.536604 6869025.707210 6.000000
90000 656855.470414 6869017.998426 656865.469278 6869018.149132 656865.074619 6869044.333484 656855.075755 6869044.182778 656855.470414 6869017.998426 18.000000
95000 656850.775289 6869014.965508 656860.774153 6869015.116214 656860.275811 6869048.179648 656850.276946 6869048.028942 656850.775289 6869014.965508 18.000000
95000 656871.571990 6868993.289682 656871.421284 6869003.288547 656849.799583 6869002.962657 656849.950289 6868992.963793 656871.571990 6868993.289682 18.000000
100000 656863.918517 6868991.642984 656863.843164 6868996.642417 656849.257850 6868996.422582 656849.333203 6868991.423150 656863.918517 6868991.642984 6.000000
100000 656861.130191 6869020.502608 656871.129055 6869020.653314 656870.794009 6869042.882565 656860.795144 6869042.731859 656861.130191 6869020.502608 18.000000
105000 656860.578750 6868985.341888 656870.577614 6868985.492594 656870.097946 6869017.317050 656860.099082 6869017.166343 656860.578750 6868985.341888 18.000000
110000 656854.709427 6869005.639994 656864.708292 6869005.790700 656864.098585 6869046.242753 656854.099721 6869046.092047 656854.709427 6869005.639994 18.000000
115000 656853.856146 6869003.060544 656863.855010 6869003.211250 656863.204113 6869046.396184 656853.205249 6869046.245478 656853.856146 6869003.060544 18.000000
120000 656861.361580 6869004.459581 656871.360445 6869004.610287 656870.760177 6869044.436120 656860.761313 6869044.285414 656861.361580 6869004.459581 18.000000
125000 656866.336303 6868988.468931 656871.335735 6868988.544284 656871.110935 6869003.459063 656866.111503 6869003.383710 656866.336303 6868988.468931 6.000000
125000 656849.799372 6869041.667818 656854.798805 6869041.743171 656854.681467 6869049.528137 656849.682035 6869049.452784 656849.799372 6869041.667818 6.000000
135000 656866.712280 6869025.175233 656871.711712 6869025.250586 656871.578142 6869034.112567 656866.578709 6869034.037214 656866.712280 6869025.175233 6.000000
135000 656872.145877 6868978.525306 656871.995171 6868988.524171 656853.147161 6868988.240088 656853.297867 6868978.241223 656872.145877 6868978.525306 18.000000
140000 656857.193072 6868977.802080 656867.191936 6868977.952786 656866.604147 6869016.950683 656856.605283 6869016.799977 656857.193072 6868977.802080 18.000000
145000 656851.816240 6868997.553872 656861.815104 6868997.704578 656861.091334 6869045.724440 656851.092469 6869045.573734 656851.816240 6868997.553872 18.000000
150000 656849.451064 6868983.535766 656854.450496 6868983.611119 656854.098287 6869006.979062 656849.098855 6869006.903709 656849.451064 6868983.535766 6.000000
150000 656861.865623 6869033.405767 656866.865055 6869033.481120 656866.671614 6869046.315330 656861.672181 6869046.239977 656861.865623 6869033.405767 6.000000
155000 656854.912704 6869002.159922 656854.837351 6869007.159354 656849.123634 6869007.073235 656849.198987 6869002.073803 656854.912704 6869002.159922 6.000000
160000 656861.139071 6868990.244638 656871.137936 6868990.395344 656870.737366 6869016.971865 656860.738502 6869016.821159 656861.139071 6868990.244638 18.000000
165000 656849.364594 6868995.198003 656859.363459 6868995.348709 656858.888034 6869026.891615 656848.889170 6869026.740909 656849.364594 6868995.198003 18.000000
170000 656850.430468 6868985.142313 656860.429332 6868985.293019 656859.768207 6869029.156584 656849.769343 6869029.005878 656850.430468 6868985.142313 18.000000
175000 656849.698174 6868991.891596 656859.697038 6868992.042302 656859.076546 6869033.209940 656849.077682 6869033.059234 656849.698174 6868991.891596 18.000000
180000 656852.340845 6868997.882624 656862.339710 6868998.033330 656861.665076 6869042.793099 656851.666212 6869042.642393 656852.340845 6868997.882624 18.000000
180000 656869.435641 6868985.158623 656869.284935 6868995.157487 656850.637064 6868994.876421 656850.787770 6868984.877556 656869.435641 6868985.158623 18.000000
185000 656859.908163 6869004.295910 656869.907027 6869004.446616 656869.370401 6869040.050052 656859.371537 6869039.899346 656859.908163 6869004.295910 18.000000
190000 656860.368404 6869013.390309 656870.367269 6869013.541015 656869.843264 6869048.307058 656859.844400 6869048.156352 656860.368404 6869013.390309 18.000000
190000 656870.790640 6868985.227219 656870.639934 6868995.226083 656851.786101 6868994.941912 656851.936807 6868984.943048 656870.790640 6868985.227219 18.000000
195000 656872.113915 6868993.967951 656871.963209 6869003.966815 656849.224464 6869003.624089 656849.375171 6868993.625225 656872.113915 6868993.967951 18.000000
195000 656849.342257 6869016.619008 656859.341122 6869016.769714 656859.030694 6869037.365590 656849.031830 6869037.214884 656849.342257 6869016.619008 18.000000
200000 656859.334254 6868998.409961 656869.333118 6868998.560667 656868.609032 6869046.601493 656858.610167 6869046.450787 656859.334254 6868998.409961 18.000000
205000 656861.747480 6869008.382276 656871.746344 6869008.532982 656871.270965 6869040.072866 656861.272101 6869039.922160 656861.747480 6869008.382276 18.000000
205000 656867.148791 6868981.214531 656872.148223 6868981.289884 656872.069083 6868986.540574 656867.069651 6868986.465221 656867.148791 6868981.214531 6.000000
210000 656860.130226 6868984.519618 656870.129090 6868984.670324 656869.658846 6869015.869508 656859.659982 6869015.718802 656860.130226 6868984.519618 18.000000
215000 656859.600581 6868979.819044 656869.599445 6868979.969750 656869.040219 6869017.072589 656859.041355 6869016.921883 656859.600581 6868979.819044 18.000000
220000 656871.252151 6869004.036770 656871.176798 6869009.036202 656854.424879 6869008.783712 656854.500232 6869003.784280 656871.252151 6869004.036770 6.000000
220000 656853.521389 6868980.597114 656858.520821 6868980.672467 656858.356932 6868991.545979 656853.357500 6868991.470625 656853.521389 6868980.597114 6.000000
220000 656853.008196 6869022.266221 656858.007628 6869022.341574 656857.793732 6869036.532868 656852.794300 6869036.457515 656853.008196 6869022.266221 6.000000
225000 656857.016352 6868977.568686 656867.015217 6868977.719393 656866.376643 6869020.086703 656856.377779 6869019.935997 656857.016352 6868977.568686 18.000000
230000 656858.603522 6869013.435590 656868.602387 6869013.586296 656868.176736 6869041.826859 656858.177872 6869041.676153 656858.603522 6869013.435590 18.000000
230000 656855.760767 6869003.900728 656865.759631 6869004.051434 656865.315858 6869033.494365 656855.316994 6869033.343659 656855.760767 6869003.900728 18.000000
235000 656860.714835 6868982.535287 656870.713700 6868982.685993 656869.998519 6869030.135943 656859.999654 6869029.985237 656860.714835 6868982.535287 18.000000
240000 656864.303207 6869033.004419 656864.227854 6869038.003851 656849.107360 6869037.775950 656849.182713 6869032.776518 656864.303207 6869033.004419 6.000000
240000 656870.021914 6868990.821418 656869.871208 6869000.820282 656855.051867 6869000.596921 656855.202573 6868990.598056 656870.021914 6868990.821418 18.000000
245000 656849.878550 6869003.453688 656859.877415 6869003.604394 656859.263136 6869044.359798 656849.264272 6869044.209092 656849.878550 6869003.453688 18.000000
245000 656850.169418 6868984.926131 656860.168282 6868985.076837 656859.426136 6869034.315896 656849.427271 6869034.165190 656850.169418 6868984.926131 18.000000
250000 656849.567605 6868981.543128 656854.567037 6868981.618481 656854.349120 6868996.076530 656849.349688 6868996.001177 656849.567605 6868981.543128 6.000000
255000 656866.870003 6869021.248354 656871.869436 6869021.323707 656871.602385 6869039.041665 656866.602953 6869038.966312 656866.870003 6869021.248354 6.000000
255000 656866.660059 6868992.296896 656871.659491 6868992.372249 656871.443186 6869006.723410 656866.443754 6869006.648057 656866.660059 6868992.296896 6.000000
260000 656871.737577 6869031.510395 656871.662224 6869036.509828 656863.195212 6869036.382210 656863.270565 6869031.382778 656871.737577 6869031.510395 6.000000
265000 656852.364901 6869006.670049 656862.363765 6869006.820755 656861.839026 6869041.635549 656851.840161 6869041.484843 656852.364901 6869006.670049 18.000000
270000 656858.313960 6868977.704794 656868.312824 6868977.855500 656867.758502 6869014.633000 656857.759637 6869014.482294 656858.313960 6868977.704794 18.000000
270000 656871.334645 6869037.429568 656871.259292 6869042.429000 656858.086057 6869042.230449 656858.161410 6869037.231017 656871.334645 6869037.429568 6.000000
275000 656852.708222 6868982.520795 656862.707086 6868982.671501 656862.125961 6869021.227300 656852.127097 6869021.076594 656852.708222 6868982.520795 18.000000
280000 656854.668999 6868995.900406 656864.667863 6868996.051112 656863.996734 6869040.578382 656853.997870 6869040.427676 656854.668999 6868995.900406 18.000000
285000 656872.203203 6868979.972504 656872.127850 6868984.971936 656860.994266 6868984.804127 656861.069619 6868979.804695 656872.203203 6868979.972504 6.000000
285000 656857.537943 6869003.553631 656867.536807 6869003.704337 656866.896556 6869046.182981 656856.897691 6869046.032275 656857.537943 6869003.553631 18.000000
290000 656858.354868 6869003.433453 656868.353733 6869003.584159 656867.838827 6869037.746511 656857.839962 6869037.595805 656858.354868 6869003.433453 18.000000
295000 656860.848515 6868986.678542 656870.847380 6868986.829248 656870.128284 6869034.538948 656860.129420 6869034.388241 656860.848515 6868986.678542 18.000000
305000 656861.857561 6868981.922985 656871.856426 6868982.073691 656871.313282 6869018.109504 656861.314418 6869017.958797 656861.857561 6868981.922985 18.000000
310000 656862.183691 6868984.748897 656872.182555 6868984.899603 656871.616290 6869022.469480 656861.617426 6869022.318774 656862.183691 6868984.748897 18.000000
315000 656856.119947 6868977.809661 656866.118812 6868977.960367 656865.460200 6869021.657143 656855.461336 6869021.506437 656856.119947 6868977.809661 18.000000
315000 656859.065498 6869031.253946 656858.990145 6869036.253378 656849.912682 6869036.116559 656849.988035 6869031.117127 656859.065498 6869031.253946 6.000000
325000 656872.015356 6868994.018545 656871.940003 6868999.017977 656858.777719 6868998.819591 656858.853072 6868993.820159 656872.015356 6868994.018545 6.000000
325000 656863.873733 6869005.622352 656863.798380 6869010.621784 656849.063367 6869010.399693 656849.138720 6869005.400261 656863.873733 6869005.622352 6.000000
330000 656871.833197 6869026.854359 656871.757844 6869031.853792 656866.528338 6869031.774971 656866.603691 6869026.775539 656871.833197 6869026.854359 6.000000
335000 656856.929481 6869004.828910 656866.928346 6869004.979616 656866.294415 6869047.038887 656856.295551 6869046.888181 656856.929481 6869004.828910 18.000000
335000 656860.170013 6868986.695462 656870.168877 6868986.846168 656869.997778 6868998.198040 656859.998914 6868998.047334 656860.170013 6868986.695462 18.000000
345000 656866.875613 6869020.668091 656871.875045 6869020.743444 656871.795426 6869026.025918 656866.795994 6869025.950565 656866.875613 6869020.668091 6.000000
345000 656849.397958 6869028.126157 656854.397390 6869028.201510 656854.302717 6869034.482767 656849.303285 6869034.407414 656849.397958 6869028.126157 6.000000
345000 656860.318264 6869014.583744 656860.242911 6869019.583176 656850.247532 6869019.432522 656850.322885 6869014.433090 656860.318264 6869014.583744 6.000000
350000 656871.737771 6869033.197038 656871.587065 6869043.195903 656850.865229 6869042.883577 656851.015935 6869032.884712 656871.737771 6869033.197038 18.000000
350000 656849.889731 6868982.086597 656859.888596 6868982.237303 656859.275060 6869022.943451 656849.276195 6869022.792745 656849.889731 6868982.086597 18.000000
355000 656861.881156 6868998.889029 656871.880021 6868999.039735 656871.284344 6869038.560998 656861.285479 6869038.410292 656861.881156 6868998.889029 18.000000
360000 656851.186916 6868988.543309 656861.185781 6868988.694015 656860.582980 6869028.687896 656850.584116 6869028.537190 656851.186916 6868988.543309 18.000000
365000 656861.938333 6869000.388823 656871.937197 6869000.539529 656871.230549 6869047.423383 656861.231685 6869047.272677 656861.938333 6869000.388823 18.000000
370000 656871.545471 6868995.485333 656871.394765 6869005.484198 656849.256135 6869005.150517 656849.406841 6868995.151653 656871.545471 6868995.485333 18.000000
370000 656853.166489 6868984.853963 656863.165354 6868985.004669 656862.631276 6869020.438982 656852.632412 6869020.288275 656853.166489 6868984.853963 18.000000
375000 656851.936206 6868983.703407 656861.935070 6868983.854113 656861.257261 6869028.824581 656851.258397 6869028.673875 656851.936206 6868983.703407 18.000000
380000 656849.575860 6869002.543156 656859.574725 6869002.693862 656858.898542 6869047.556393 656848.899678 6869047.405687 656849.575860 6869002.543156 18.000000
380000 656869.980707 6868984.968499 656869.830001 6868994.967363 656850.788126 6868994.680358 656850.938832 6868984.681494 656869.980707 6868984.968499 18.000000
385000 656859.270728 6868986.227437 656869.269592 6868986.378143 656868.589494 6869031.500506 656858.590629 6869031.349800 656859.270728 6868986.227437 18.000000
390000 656857.570375 6869001.426614 656867.569239 6869001.577320 656866.932747 6869043.806554 656856.933883 6869043.655848 656857.570375 6869001.426614 18.000000
395000 656869.638817 6869023.278363 656869.488111 6869033.277227 656850.881286 6869032.996779 656851.031992 6869022.997915 656869.638817 6869023.278363 18.000000
395000 656851.429264 6868983.465563 656861.428128 6868983.616269 656860.932517 6869016.498475 656850.933653 6869016.347769 656851.429264 6868983.465563 18.000000
400000 656850.653839 6868978.370995 656860.652703 6868978.521701 656860.047548 6869018.671801 656850.048684 6869018.521095 656850.653839 6868978.370995 18.000000
400000 656871.752101 6869025.783911 656871.601395 6869035.782775 656850.523682 6869035.465085 656850.674388 6869025.466221 656871.752101 6869025.783911 18.000000
405000 656850.105366 6868984.446226 656860.104231 6868984.596932 656859.652100 6869014.594342 656849.653236 6869014.443636 656850.105366 6868984.446226 18.000000
410000 656857.701176 6868986.336338 656867.700040 6868986.487044 656866.957534 6869035.749956 656856.958669 6869035.599250 656857.701176 6868986.336338 18.000000
415000 656854.539147 6868984.963556 656864.538011 6868985.114262 656863.897282 6869027.624558 656853.898418 6869027.473852 656854.539147 6868984.963556 18.000000
415000 656865.493261 6869003.654958 656870.492694 6869003.730311 656870.413057 6869009.013964 656865.413625 6869008.938611 656865.493261 6869003.654958 6.000000
420000 656854.691090 6869002.496777 656864.689954 6869002.647483 656864.085096 6869042.777855 656854.086232 6869042.627149 656854.691090 6869002.496777 18.000000
425000 656849.772739 6868997.034789 656859.771604 6868997.185495 656859.168627 6869037.191088 656849.169762 6869037.040382 656849.772739 6868997.034789 18.000000
430000 656860.989256 6868987.506193 656870.988120 6868987.656899 656870.248934 6869036.699509 656860.250070 6869036.548803 656860.989256 6868987.506193 18.000000
435000 656870.313366 6868981.638767 656870.162660 6868991.637631 656849.378228 6868991.324362 656849.528934 6868981.325497 656870.313366 6868981.638767 18.000000
435000 656859.092699 6869005.084429 656869.091563 6869005.235135 656868.522040 6869043.021187 656858.523175 6869042.870481 656859.092699 6869005.084429 18.000000
440000 656871.363037 6869035.499487 656871.212331 6869045.498351 656850.721860 6869045.189512 656850.872566 6869035.190648 656871.363037 6869035.499487 18.000000
440000 656867.112999 6868998.528572 656872.112431 6868998.603925 656872.023786 6869004.485191 656867.024354 6869004.409838 656867.112999 6868998.528572 6.000000
445000 656858.832930 6868978.827400 656868.831795 6868978.978106 656868.122735 6869026.021917 656858.123871 6869025.871211 656858.832930 6868978.827400 18.000000
450000 656871.758605 6869038.890772 656871.607899 6869048.889636 656848.934104 6869048.547890 656849.084810 6869038.549025 656871.758605 6869038.890772 18.000000
450000 656859.464073 6868991.926346 656869.462937 6868992.077052 656868.908254 6869028.878512 656858.909390 6869028.727806 656859.464073 6868991.926346 18.000000
455000 656871.758605 6869038.890772 656871.607899 6869048.889636 656848.934104 6869048.547890 656849.084810 6869038.549025 656871.758605 6869038.890772 18.000000
455000 656870.700698 6869007.550661 656870.549991 6869017.549525 656849.459515 6869017.231643 656849.610221 6869007.232778 656870.700698 6869007.550661 18.000000
460000 656850.034315 6868979.531006 656860.033180 6868979.681712 656859.408814 6869021.106370 656849.409950 6869020.955664 656850.034315 6868979.531006 18.000000
465000 656871.340400 6869037.412466 656871.265047 6869042.411898 656849.117808 6869042.078088 656849.193161 6869037.078656 656871.340400 6869037.412466 6.000000
465000 656864.810939 6868982.727533 656864.735586 6868987.726965 656849.320902 6868987.494630 656849.396255 6868982.495198 656864.810939 6868982.727533 6.000000
470000 656869.602153 6869011.306205 656869.451447 6869021.305069 656851.234976 6869021.030505 656851.385682 6869011.031640 656869.602153 6869011.306205 18.000000
470000 656872.195291 6868982.088456 656872.119938 6868987.087888 656859.520580 6868986.897986 656859.595933 6868981.898554 656872.195291 6868982.088456 6.000000
475000 656866.885252 6868980.050233 656871.884684 6868980.125586 656871.695464 6868992.679742 656866.696032 6868992.604389 656866.885252 6868980.050233 6.000000
480000 656849.998441 6868978.375144 656854.997874 6868978.450497 656854.698320 6868998.324912 656849.698888 6868998.249559 656849.998441 6868978.375144 6.000000
480000 656849.240451 6869014.370508 656854.239883 6869014.445861 656853.923151 6869035.460058 656848.923718 6869035.384705 656849.240451 6869014.370508 6.000000
480000 656866.467465 6869031.473592 656871.466897 6869031.548945 656871.255594 6869045.568190 656866.256162 6869045.492837 656866.467465 6869031.473592 6.000000
480000 656871.455544 6868992.847100 656871.380191 6868997.846532 656849.589089 6868997.518090 656849.664442 6868992.518658 656871.455544 6868992.847100 6.000000
485000 656864.623204 6869040.711084 656864.547850 6869045.710516 656849.053905 6869045.476986 656849.129258 6869040.477554 656864.623204 6869040.711084 6.000000
485000 656872.193968 6868987.694837 656872.118615 6868992.694269 656857.938945 6868992.480548 656858.014298 6868987.481116 656872.193968 6868987.694837 6.000000
485000 656866.357269 6868999.191503 656866.281916 6869004.190935 656849.277547 6869003.934640 656849.352900 6868998.935208 656866.357269 6868999.191503 6.000000
490000 656849.230616 6868992.028522 656854.230048 6868992.103875 656854.095578 6869001.025528 656849.096146 6869000.950175 656849.230616 6868992.028522 6.000000
490000 656867.045861 6868998.684391 656872.045293 6868998.759745 656871.760221 6869017.673314 656866.760789 6869017.597961 656867.045861 6868998.684391 6.000000
495000 656849.352886 6869001.574744 656854.352318 6869001.650097 656854.116529 6869017.293960 656849.117097 6869017.218607 656849.352886 6869001.574744 6.000000
495000 656866.206873 6868996.439367 656871.206305 6868996.514720 656870.853057 6869019.951601 656865.853625 6869019.876248 656866.206873 6868996.439367 6.000000
500000 656866.915379 6869023.452081 656871.914811 6869023.527434 656871.552038 6869047.596262 656866.552606 6869047.520909 656866.915379 6869023.452081 6.000000
505000 656867.201423 6868982.903787 656872.200855 6868982.979140 656871.973011 6868998.095820 656866.973579 6868998.020467 656867.201423 6868982.903787 6.000000
505000 656849.254071 6869014.345666 656854.253504 6869014.421019 656853.947010 6869034.755875 656848.947578 6869034.680522 656849.254071 6869014.345666 6.000000
510000 656852.531635 6869018.292369 656862.530500 6869018.443075 656862.165492 6869042.660165 656852.166628 6869042.509459 656852.531635 6869018.292369 18.000000
510000 656864.859905 6868987.853527 656864.784552 6868992.852959 656849.320797 6868992.619884 656849.396150 6868987.620452 656864.859905 6868987.853527 6.000000
515000 656871.972495 6868989.574056 656871.821789 6868999.572921 656850.575707 6868999.252693 656850.726413 6868989.253829 656871.972495 6868989.574056 18.000000
515000 656851.098233 6869004.647339 656861.097098 6869004.798045 656860.493877 6869044.819775 656850.495013 6869044.669069 656851.098233 6869004.647339 18.000000
520000 656851.726601 6868990.175366 656861.725465 6868990.326072 656861.069716 6869033.832887 656851.070852 6869033.682181 656851.726601 6868990.175366 18.000000
520000 656866.930592 6869007.583950 656871.930024 6869007.659303 656871.808963 6869015.691343 656866.809531 6869015.615990 656866.930592 6869007.583950 6.000000
525000 656851.080084 6868986.035559 656861.078948 6868986.186265 656860.368527 6869033.320435 656850.369663 6869033.169729 656851.080084 6868986.035559 18.000000
530000 656860.156930 6868984.236607 656870.155795 6868984.387313 656869.500191 6869027.884499 656859.501327 6869027.733793 656860.156930 6868984.236607 18.000000
535000 656866.568230 6869030.501993 656871.567662 6869030.577346 656871.324441 6869046.714326 656866.325008 6869046.638973 656866.568230 6869030.501993 6.000000
535000 656849.284176 6869021.177321 656854.283609 6869021.252674 656854.018637 6869038.832715 656849.019204 6869038.757362 656849.284176 6869021.177321 6.000000
535000 656854.656004 6868987.397461 656854.580651 6868992.396893 656849.224317 6868992.316161 656849.299670 6868987.316729 656854.656004 6868987.397461 6.000000
540000 656859.644338 6868993.408174 656869.643202 6868993.558880 656868.936771 6869040.428355 656858.937906 6869040.277649 656859.644338 6868993.408174 18.000000
545000 656849.869413 6868987.455268 656859.868277 6868987.605974 656859.145772 6869035.541872 656849.146908 6869035.391165 656849.869413 6868987.455268 18.000000
545000 656871.935978 6869009.585857 656871.860625 6869014.585290 656864.233018 6869014.470324 656864.308371 6869009.470892 656871.935978 6869009.585857 6.000000
550000 656866.737485 6869011.767259 656871.736917 6869011.842612 656871.427996 6869032.338575 656866.428564 6869032.263222 656866.737485 6869011.767259 6.000000
550000 656871.599786 6869038.583054 656871.524432 6869043.582486 656856.745951 6869043.359740 656856.821304 6869038.360308 656871.599786 6869038.583054 6.000000
550000 656849.327687 6869004.173777 656854.327119 6869004.249130 656853.996457 6869026.187538 656848.997025 6869026.112185 656849.327687 6869004.173777 6.000000
550000 656866.691387 6868978.522549 656871.690819 6868978.597902 656871.330488 6869002.504682 656866.331056 6869002.429329 656866.691387 6868978.522549 6.000000
555000 656856.032433 6868978.416101 656866.031297 6868978.566807 656865.420519 6869019.089942 656855.421655 6869018.939236 656856.032433 6868978.416101 18.000000
560000 656856.032433 6868978.416101 656866.031297 6868978.566807 656865.420519 6869019.089942 656855.421655 6869018.939236 656856.032433 6868978.416101 18.000000
560000 656871.551996 6869029.099890 656871.401290 6869039.098755 656850.497497 6869038.783686 656850.648203 6869028.784822 656871.551996 6869029.099890 18.000000
565000 656871.458000 6868978.321219 656871.307294 6868988.320083 656850.078348 6868988.000114 656850.229054 6868978.001250 656871.458000 6868978.321219 18.000000
565000 656849.337674 6869007.409346 656859.336538 6869007.560052 656858.727603 6869047.960962 656848.728739 6869047.810256 656849.337674 6869007.409346 18.000000
570000 656860.573336 6868989.852491 656870.572201 6868990.003197 656869.822949 6869039.713618 656859.824085 6869039.562912 656860.573336 6868989.852491 18.000000
575000 656854.025094 6868981.614340 656864.023958 6868981.765046 656863.346400 6869026.718844 656853.347536 6869026.568138 656854.025094 6868981.614340 18.000000
580000 656858.794939 6868990.822732 656868.793803 6868990.973438 656868.090455 6869037.638317 656858.091591 6869037.487611 656858.794939 6868990.822732 18.000000
585000 656857.459324 6868994.910147 656867.458189 6868995.060853 656866.711612 6869044.593853 656856.712747 6869044.443147 656857.459324 6868994.910147 18.000000
585000 656870.318277 6868978.315174 656870.167571 6868988.314038 656850.121205 6868988.011893 656850.271912 6868978.013029 656870.318277 6868978.315174 18.000000
590000 656870.318277 6868978.315174 656870.167571 6868988.314038 656850.121205 6868988.011893 656850.271912 6868978.013029 656870.318277 6868978.315174 18.000000
590000 656852.045974 6868995.190338 656862.044838 6868995.341044 656861.413659 6869037.217741 656851.414795 6869037.067035 656852.045974 6868995.190338 18.000000
595000 656857.138222 6868992.739900 656867.137086 6868992.890606 656866.395325 6869042.104046 656856.396461 6869041.953340 656857.138222 6868992.739900 18.000000
600000 656870.185449 6868993.646364 656870.034742 6869003.645229 656849.518011 6869003.335994 656849.668717 6868993.337130 656870.185449 6868993.646364 18.000000
605000 656851.399841 6868989.884924 656861.398705 6868990.035630 656860.941879 6869020.344576 656850.943015 6869020.193870 656851.399841 6868989.884924 18.000000
610000 656871.787486 6869041.625388 656871.712133 6869046.624820 656860.822579 6869046.460689 656860.897932 6869041.461257 656871.787486 6869041.625388 6.000000
610000 656849.332006 6868986.980019 656854.331438 6868987.055372 656854.127815 6869000.565115 656849.128382 6869000.489761 656849.332006 6868986.980019 6.000000
615000 656867.108788 6868981.564647 656872.108220 6868981.640000 656871.861082 6868998.036861 656866.861649 6868997.961508 656867.108788 6868981.564647 6.000000
615000 656864.599711 6869030.064581 656864.524358 6869035.064013 656849.097110 6869034.831488 656849.172463 6869029.832056 656864.599711 6869030.064581 6.000000
615000 656865.686268 6869041.607928 656865.610915 6869046.607360 656848.896441 6869046.355434 656848.971794 6869041.356002 656865.686268 6869041.607928 6.000000
620000 656866.902517 6868998.266069 656871.901949 6868998.341422 656871.611847 6869017.588722 656866.612415 6869017.513369 656866.902517 6868998.266069 6.000000
620000 656849.460517 6868977.296597 656854.459949 6868977.371950 656854.107258 6869000.771877 656849.107826 6869000.696524 656849.460517 6868977.296597 6.000000
625000 656850.751610 6868977.811458 656860.750474 6868977.962164 656860.047957 6869024.571943 656850.049093 6869024.421237 656850.751610 6868977.811458 18.000000
630000 656871.038475 6868986.534117 656870.887769 6868996.532981 656849.879202 6868996.216333 656850.029908 6868986.217469 656871.038475 6868986.534117 18.000000
630000 656855.837193 6869001.727900 656865.836058 6869001.878606 656865.140610 6869048.019327 656855.141746 6869047.868621 656855.837193 6869001.727900 18.000000
635000 656857.663758 6868978.155055 656867.662622 6868978.305761 656867.101660 6869015.523782 656857.102796 6869015.373076 656857.663758 6868978.155055 18.000000
640000 656855.103339 6868991.136249 656865.102203 6868991.286955 656864.486028 6869032.168198 656854.487164 6869032.017492 656855.103339 6868991.136249 18.000000
645000 656857.137990 6868999.317235 656867.136854 6868999.467941 656866.467668 6869043.866302 656856.468803 6869043.715596 656857.137990 6868999.317235 18.000000
645000 656870.408434 6868982.443635 656870.257728 6868992.442499 656850.550516 6868992.145466 656850.701222 6868982.146601 656870.408434 6868982.443635 18.000000
650000 656857.137990 6868999.317235 656867.136854 6868999.467941 656866.467668 6869043.866302 656856.468803 6869043.715596 656857.137990 6868999.317235 18.000000
650000 656871.890213 6868979.869055 656871.739507 6868989.867919 656850.083459 6868989.541512 656850.234165 6868979.542648 656871.890213 6868979.869055 18.000000
655000 656857.137990 6868999.317235 656867.136854 6868999.467941 656866.467668 6869043.866302 656856.468803 6869043.715596 656857.137990 6868999.317235 18.000000
655000 656871.890213 6868979.869055 656871.739507 6868989.867919 656850.083459 6868989.541512 656850.234165 6868979.542648 656871.890213 6868979.869055 18.000000
660000 656857.137990 6868999.317235 656867.136854 6868999.467941 656866.467668 6869043.866302 656856.468803 6869043.715596 656857.137990 6868999.317235 18.000000
660000 656871.890213 6868979.869055 656871.739507 6868989.867919 656850.083459 6868989.541512 656850.234165 6868979.542648 656871.890213 6868979.869055 18.000000
665000 656857.137990 6868999.317235 656867.136854 6868999.467941 656866.467668 6869043.866302 656856.468803 6869043.715596 656857.137990 6868999.317235 18.000000
665000 656871.890213 6868979.869055 656871.739507 6868989.867919 656850.083459 6868989.541512 656850.234165 6868979.542648 656871.890213 6868979.869055 18.000000
670000 656857.137990 6868999.317235 656867.136854 6868999.467941 656866.467668 6869043.866302 656856.468803 6869043.715596 656857.137990 6868999.317235 18.000000
670000 656871.890213 6868979.869055 656871.739507 6868989.867919 656850.083459 6868989.541512 656850.234165 6868979.542648 656871.890213 6868979.869055 18.000000
675000 656857.137990 6868999.317235 656867.136854 6868999.467941 656866.467668 6869043.866302 656856.468803 6869043.715596 656857.137990 6868999.317235 18.000000
675000 656871.890213 6868979.869055 656871.739507 6868989.867919 656850.083459 6868989.541512 656850.234165 6868979.542648 656871.890213 6868979.869055 18.000000
680000 656857.137990 6868999.317235 656867.136854 6868999.467941 656866.467668 6869043.866302 656856.468803 6869043.715596 656857.137990 6868999.317235 18.000000
680000 656871.890213 6868979.869055 656871.739507 6868989.867919 656850.083459 6868989.541512 656850.234165 6868979.542648 656871.890213 6868979.869055 18.000000
685000 656857.137990 6868999.317235 656867.136854 6868999.467941 656866.467668 6869043.866302 656856.468803 6869043.715596 656857.137990 6868999.317235 18.000000
685000 656871.890213 6868979.869055 656871.739507 6868989.867919 656850.083459 6868989.541512 656850.234165 6868979.542648 656871.890213 6868979.869055 18.000000
690000 656857.137990 6868999.317235 656867.136854 6868999.467941 656866.467668 6869043.866302 656856.468803 6869043.715596 656857.137990 6868999.317235 18.000000
690000 656871.890213 6868979.869055 656871.739507 6868989.867919 656850.083459 6868989.541512 656850.234165 6868979.542648 656871.890213 6868979.869055 18.000000
695000 656857.137990 6868999.317235 656867.136854 6868999.467941 656866.467668 6869043.866302 656856.468803 6869043.715596 656857.137990 6868999.317235 18.000000
695000 656871.890213 6868979.869055 656871.739507 6868989.867919 656850.083459 6868989.541512 656850.234165 6868979.542648 656871.890213 6868979.869055 18.000000
700000 656871.890213 6868979.869055 656871.739507 6868989.867919 656850.083459 6868989.541512 656850.234165 6868979.542648 656871.890213 6868979.869055 18.000000
700000 656871.154580 6868997.445331 656871.003874 6869007.444195 656849.250612 6869007.116323 656849.401318 6868997.117459 656871.154580 6868997.445331 18.000000
700000 656869.803320 6869019.591488 656869.652614 6869029.590352 656850.811705 6869029.306376 656850.962411 6869019.307512 656869.803320 6869019.591488 18.000000
705000 656871.890213 6868979.869055 656871.739507 6868989.867919 656850.083459 6868989.541512 656850.234165 6868979.542648 656871.890213 6868979.869055 18.000000
705000 656871.498641 6869002.092944 656871.347935 6869012.091808 656849.419382 6869011.761294 656849.570088 6869001.762430 656871.498641 6869002.092944 18.000000
710000 656871.896158 6869012.796849 656871.745452 6869022.795713 656849.139232 6869022.454985 656849.289938 6869012.456120 656871.896158 6869012.796849 18.000000
710000 656871.530789 6868988.911553 656871.380083 6868998.910417 656849.572982 6868998.581733 656849.723688 6868988.582869 656871.530789 6868988.911553 18.000000
710000 656871.596469 6869037.432808 656871.445763 6869047.431673 656849.762405 6869047.104854 656849.913111 6869037.105990 656871.596469 6869037.432808 18.000000
715000 656871.896158 6869012.796849 656871.745452 6869022.795713 656849.139232 6869022.454985 656849.289938 6869012.456120 656871.896158 6869012.796849 18.000000
715000 656871.530789 6868988.911553 656871.380083 6868998.910417 656849.572982 6868998.581733 656849.723688 6868988.582869 656871.530789 6868988.911553 18.000000
715000 656871.596469 6869037.432808 656871.445763 6869047.431673 656849.762405 6869047.104854 656849.913111 6869037.105990 656871.596469 6869037.432808 18.000000
720000 656871.896158 6869012.796849 656871.745452 6869022.795713 656849.139232 6869022.454985 656849.289938 6869012.456120 656871.896158 6869012.796849 18.000000
720000 656871.596469 6869037.432808 656871.445763 6869047.431673 656849.762405 6869047.104854 656849.913111 6869037.105990 656871.596469 6869037.432808 18.000000
720000 656871.259118 6868993.208774 656871.108412 6869003.207638 656849.910764 6869002.888141 656850.061470 6868992.889276 656871.259118 6868993.208774 18.000000
725000 656871.896158 6869012.796849 656871.745452 6869022.795713 656849.139232 6869022.454985 656849.289938 6869012.456120 656871.896158 6869012.796849 18.000000
725000 656871.596469 6869037.432808 656871.445763 6869047.431673 656849.762405 6869047.104854 656849.913111 6869037.105990 656871.596469 6869037.432808 18.000000
725000 656871.252746 6868981.353507 656871.102040 6868991.352371 656849.254303 6868991.023075 656849.405009 6868981.024211 656871.252746 6868981.353507 18.000000
730000 656871.896158 6869012.796849 656871.745452 6869022.795713 656849.139232 6869022.454985 656849.289938 6869012.456120 656871.896158 6869012.796849 18.000000
730000 656871.596469 6869037.432808 656871.445763 6869047.431673 656849.762405 6869047.104854 656849.913111 6869037.105990 656871.596469 6869037.432808 18.000000
730000 656871.252746 6868981.353507 656871.102040 6868991.352371 656849.254303 6868991.023075 656849.405009 6868981.024211 656871.252746 6868981.353507 18.000000
735000 656871.896158 6869012.796849 656871.745452 6869022.795713 656849.139232 6869022.454985 656849.289938 6869012.456120 656871.896158 6869012.796849 18.000000
735000 656871.596469 6869037.432808 656871.445763 6869047.431673 656849.762405 6869047.104854 656849.913111 6869037.105990 656871.596469 6869037.432808 18.000000
735000 656871.252746 6868981.353507 656871.102040 6868991.352371 656849.254303 6868991.023075 656849.405009 6868981.024211 656871.252746 6868981.353507 18.000000
740000 656871.596469 6869037.432808 656871.445763 6869047.431673 656849.762405 6869047.104854 656849.913111 6869037.105990 656871.596469 6869037.432808 18.000000
740000 656871.252746 6868981.353507 656871.102040 6868991.352371 656849.254303 6868991.023075 656849.405009 6868981.024211 656871.252746 6868981.353507 18.000000
740000 656871.752743 6869018.679877 656871.602036 6869028.678741 656849.041224 6869028.338697 656849.191930 6869018.339833 656871.752743 6869018.679877 18.000000
745000 656871.596469 6869037.432808 656871.445763 6869047.431673 656849.762405 6869047.104854 656849.913111 6869037.105990 656871.596469 6869037.432808 18.000000
745000 656871.252746 6868981.353507 656871.102040 6868991.352371 656849.254303 6868991.023075 656849.405009 6868981.024211 656871.252746 6868981.353507 18.000000
745000 656871.650120 6869007.805082 656871.499414 6869017.803946 656849.984840 6869017.479672 656850.135546 6869007.480807 656871.650120 6869007.805082 18.000000
750000 656871.596469 6869037.432808 656871.445763 6869047.431673 656849.762405 6869047.104854 656849.913111 6869037.105990 656871.596469 6869037.432808 18.000000
750000 656871.252746 6868981.353507 656871.102040 6868991.352371 656849.254303 6868991.023075 656849.405009 6868981.024211 656871.252746 6868981.353507 18.000000
750000 656871.967920 6869007.836941 656871.817214 6869017.835805 656849.601267 6869017.500960 656849.751973 6869007.502095 656871.967920 6869007.836941 18.000000
755000 656871.596469 6869037.432808 656871.445763 6869047.431673 656849.762405 6869047.104854 656849.913111 6869037.105990 656871.596469 6869037.432808 18.000000
755000 656871.252746 6868981.353507 656871.102040 6868991.352371 656849.254303 6868991.023075 656849.405009 6868981.024211 656871.252746 6868981.353507 18.000000
755000 656871.967920 6869007.836941 656871.817214 6869017.835805 656849.601267 6869017.500960 656849.751973 6869007.502095 656871.967920 6869007.836941 18.000000
760000 656871.252746 6868981.353507 656871.102040 6868991.352371 656849.254303 6868991.023075 656849.405009 6868981.024211 656871.252746 6868981.353507 18.000000
760000 656871.967920 6869007.836941 656871.817214 6869017.835805 656849.601267 6869017.500960 656849.751973 6869007.502095 656871.967920 6869007.836941 18.000000
760000 656871.158855 6869031.116460 656871.008148 6869041.115324 656849.537691 6869040.791715 656849.688397 6869030.792850 656871.158855 6869031.116460 18.000000
765000 656871.252746 6868981.353507 656871.102040 6868991.352371 656849.254303 6868991.023075 656849.405009 6868981.024211 656871.252746 6868981.353507 18.000000
765000 656871.967920 6869007.836941 656871.817214 6869017.835805 656849.601267 6869017.500960 656849.751973 6869007.502095 656871.967920 6869007.836941 18.000000
765000 656871.158855 6869031.116460 656871.008148 6869041.115324 656849.537691 6869040.791715 656849.688397 6869030.792850 656871.158855 6869031.116460 18.000000
770000 656871.252746 6868981.353507 656871.102040 6868991.352371 656849.254303 6868991.023075 656849.405009 6868981.024211 656871.252746 6868981.353507 18.000000
770000 656871.967920 6869007.836941 656871.817214 6869017.835805 656849.601267 6869017.500960 656849.751973 6869007.502095 656871.967920 6869007.836941 18.000000
770000 656871.158855 6869031.116460 656871.008148 6869041.115324 656849.537691 6869040.791715 656849.688397 6869030.792850 656871.158855 6869031.116460 18.000000
775000 656871.252746 6868981.353507 656871.102040 6868991.352371 656849.254303 6868991.023075 656849.405009 6868981.024211 656871.252746 6868981.353507 18.000000
775000 656871.967920 6869007.836941 656871.817214 6869017.835805 656849.601267 6869017.500960 656849.751973 6869007.502095 656871.967920 6869007.836941 18.000000
775000 656871.158855 6869031.116460 656871.008148 6869041.115324 656849.537691 6869040.791715 656849.688397 6869030.792850 656871.158855 6869031.116460 18.000000
780000 656871.252746 6868981.353507 656871.102040 6868991.352371 656849.254303 6868991.023075 656849.405009 6868981.024211 656871.252746 6868981.353507 18.000000
780000 656871.158855 6869031.116460 656871.008148 6869041.115324 656849.537691 6869040.791715 656849.688397 6869030.792850 656871.158855 6869031.116460 18.000000
780000 656871.279948 6868999.870501 656871.129242 6869009.869365 656849.048403 6869009.536556 656849.199110 6868999.537691 656871.279948 6868999.870501 18.000000
785000 656871.252746 6868981.353507 656871.102040 6868991.352371 656849.254303 6868991.023075 656849.405009 6868981.024211 656871.252746 6868981.353507 18.000000
785000 656871.158855 6869031.116460 656871.008148 6869041.115324 656849.537691 6869040.791715 656849.688397 6869030.792850 656871.158855 6869031.116460 18.000000
785000 656871.279948 6868999.870501 656871.129242 6869009.869365 656849.048403 6869009.536556 656849.199110 6868999.537691 656871.279948 6868999.870501 18.000000
790000 656871.252746 6868981.353507 656871.102040 6868991.352371 656849.254303 6868991.023075 656849.405009 6868981.024211 656871.252746 6868981.353507 18.000000
790000 656871.158855 6869031.116460 656871.008148 6869041.115324 656849.537691 6869040.791715 656849.688397 6869030.792850 656871.158855 6869031.116460 18.000000
790000 656871.279948 6868999.870501 656871.129242 6869009.869365 656849.048403 6869009.536556 656849.199110 6868999.537691 656871.279948 6868999.870501 18.000000
795000 656871.252746 6868981.353507 656871.102040 6868991.352371 656849.254303 6868991.023075 656849.405009 6868981.024211 656871.252746 6868981.353507 18.000000
795000 656871.158855 6869031.116460 656871.008148 6869041.115324 656849.537691 6869040.791715 656849.688397 6869030.792850 656871.158855 6869031.116460 18.000000
795000 656871.279948 6868999.870501 656871.129242 6869009.869365 656849.048403 6869009.536556 656849.199110 6868999.537691 656871.279948 6868999.870501 18.000000
800000 656871.252746 6868981.353507 656871.102040 6868991.352371 656849.254303 6868991.023075 656849.405009 6868981.024211 656871.252746 6868981.353507 18.000000
800000 656871.158855 6869031.116460 656871.008148 6869041.115324 656849.537691 6869040.791715 656849.688397 6869030.792850 656871.158855 6869031.116460 18.000000
800000 656871.833681 6869005.669864 656871.682974 6869015.668729 656849.660620 6869015.336801 656849.811326 6869005.337936 656871.833681 6869005.669864 18.000000
805000 656871.252746 6868981.353507 656871.102040 6868991.352371 656849.254303 6868991.023075 656849.405009 6868981.024211 656871.252746 6868981.353507 18.000000
805000 656871.158855 6869031.116460 656871.008148 6869041.115324 656849.537691 6869040.791715 656849.688397 6869030.792850 656871.158855 6869031.116460 18.000000
805000 656871.833681 6869005.669864 656871.682974 6869015.668729 656849.660620 6869015.336801 656849.811326 6869005.337936 656871.833681 6869005.669864 18.000000
810000 656871.252746 6868981.353507 656871.102040 6868991.352371 656849.254303 6868991.023075 656849.405009 6868981.024211 656871.252746 6868981.353507 18.000000
810000 656871.833681 6869005.669864 656871.682974 6869015.668729 656849.660620 6869015.336801 656849.811326 6869005.337936 656871.833681 6869005.669864 18.000000
810000 656871.307558 6869028.925068 656871.156852 6869038.923932 656849.399372 6869038.595997 656849.550078 6869028.597132 656871.307558 6869028.925068 18.000000
815000 656871.252746 6868981.353507 656871.102040 6868991.352371 656849.254303 6868991.023075 656849.405009 6868981.024211 656871.252746 6868981.353507 18.000000
815000 656871.833681 6869005.669864 656871.682974 6869015.668729 656849.660620 6869015.336801 656849.811326 6869005.337936 656871.833681 6869005.669864 18.000000
815000 656871.307558 6869028.925068 656871.156852 6869038.923932 656849.399372 6869038.595997 656849.550078 6869028.597132 656871.307558 6869028.925068 18.000000
820000 656871.252746 6868981.353507 656871.102040 6868991.352371 656849.254303 6868991.023075 656849.405009 6868981.024211 656871.252746 6868981.353507 18.000000
820000 656871.833681 6869005.669864 656871.682974 6869015.668729 656849.660620 6869015.336801 656849.811326 6869005.337936 656871.833681 6869005.669864 18.000000
820000 656871.307558 6869028.925068 656871.156852 6869038.923932 656849.399372 6869038.595997 656849.550078 6869028.597132 656871.307558 6869028.925068 18.000000
825000 656871.252746 6868981.353507 656871.102040 6868991.352371 656849.254303 6868991.023075 656849.405009 6868981.024211 656871.252746 6868981.353507 18.000000
825000 656871.833681 6869005.669864 656871.682974 6869015.668729 656849.660620 6869015.336801 656849.811326 6869005.337936 656871.833681 6869005.669864 18.000000
825000 656871.307558 6869028.925068 656871.156852 6869038.923932 656849.399372 6869038.595997 656849.550078 6869028.597132 656871.307558 6869028.925068 18.000000
830000 656871.252746 6868981.353507 656871.102040 6868991.352371 656849.254303 6868991.023075 656849.405009 6868981.024211 656871.252746 6868981.353507 18.000000
830000 656871.833681 6869005.669864 656871.682974 6869015.668729 656849.660620 6869015.336801 656849.811326 6869005.337936 656871.833681 6869005.669864 18.000000
830000 656871.307558 6869028.925068 656871.156852 6869038.923932 656849.399372 6869038.595997 656849.550078 6869028.597132 656871.307558 6869028.925068 18.000000
835000 656871.252746 6868981.353507 656871.102040 6868991.352371 656849.254303 6868991.023075 656849.405009 6868981.024211 656871.252746 6868981.353507 18.000000
835000 656871.833681 6869005.669864 656871.682974 6869015.668729 656849.660620 6869015.336801 656849.811326 6869005.337936 656871.833681 6869005.669864 18.000000
835000 656871.307558 6869028.925068 656871.156852 6869038.923932 656849.399372 6869038.595997 656849.550078 6869028.597132 656871.307558 6869028.925068 18.000000
840000 656871.252746 6868981.353507 656871.102040 6868991.352371 656849.254303 6868991.023075 656849.405009 6868981.024211 656871.252746 6868981.353507 18.000000
840000 656871.833681 6869005.669864 656871.682974 6869015.668729 656849.660620 6869015.336801 656849.811326 6869005.337936 656871.833681 6869005.669864 18.000000
840000 656871.307558 6869028.925068 656871.156852 6869038.923932 656849.399372 6869038.595997 656849.550078 6869028.597132 656871.307558 6869028.925068 18.000000
845000 656871.252746 6868981.353507 656871.102040 6868991.352371 656849.254303 6868991.023075 656849.405009 6868981.024211 656871.252746 6868981.353507 18.000000
845000 656871.833681 6869005.669864 656871.682974 6869015.668729 656849.660620 6869015.336801 656849.811326 6869005.337936 656871.833681 6869005.669864 18.000000
845000 656871.307558 6869028.925068 656871.156852 6869038.923932 656849.399372 6869038.595997 656849.550078 6869028.597132 656871.307558 6869028.925068 18.000000
850000 656871.252746 6868981.353507 656871.102040 6868991.352371 656849.254303 6868991.023075 656849.405009 6868981.024211 656871.252746 6868981.353507 18.000000
850000 656871.307558 6869028.925068 656871.156852 6869038.923932 656849.399372 6869038.595997 656849.550078 6869028.597132 656871.307558 6869028.925068 18.000000
850000 656871.324833 6868999.633610 656871.174127 6869009.632474 656849.484434 6869009.305560 656849.635140 6868999.306696 656871.324833 6868999.633610 18.000000
855000 656871.252746 6868981.353507 656871.102040 6868991.352371 656849.254303 6868991.023075 656849.405009 6868981.024211 656871.252746 6868981.353507 18.000000
855000 656871.307558 6869028.925068 656871.156852 6869038.923932 656849.399372 6869038.595997 656849.550078 6869028.597132 656871.307558 6869028.925068 18.000000
855000 656871.324833 6868999.633610 656871.174127 6869009.632474 656849.484434 6869009.305560 656849.635140 6868999.306696 656871.324833 6868999.633610 18.000000
860000 656871.252746 6868981.353507 656871.102040 6868991.352371 656849.254303 6868991.023075 656849.405009 6868981.024211 656871.252746 6868981.353507 18.000000
860000 656871.324833 6868999.633610 656871.174127 6869009.632474 656849.484434 6869009.305560 656849.635140 6868999.306696 656871.324833 6868999.633610 18.000000
860000 656871.501734 6869015.975922 656871.351028 6869025.974787 656850.209473 6869025.656134 656850.360179 6869015.657270 656871.501734 6869015.975922 18.000000
865000 656871.252746 6868981.353507 656871.102040 6868991.352371 656849.254303 6868991.023075 656849.405009 6868981.024211 656871.252746 6868981.353507 18.000000
865000 656871.324833 6868999.633610 656871.174127 6869009.632474 656849.484434 6869009.305560 656849.635140 6868999.306696 656871.324833 6868999.633610 18.000000
865000 656871.501734 6869015.975922 656871.351028 6869025.974787 656850.209473 6869025.656134 656850.360179 6869015.657270 656871.501734 6869015.975922 18.000000
870000 656871.252746 6868981.353507 656871.102040 6868991.352371 656849.254303 6868991.023075 656849.405009 6868981.024211 656871.252746 6868981.353507 18.000000
870000 656871.324833 6868999.633610 656871.174127 6869009.632474 656849.484434 6869009.305560 656849.635140 6868999.306696 656871.324833 6868999.633610 18.000000
870000 656871.501734 6869015.975922 656871.351028 6869025.974787 656850.209473 6869025.656134 656850.360179 6869015.657270 656871.501734 6869015.975922 18.000000
875000 656871.252746 6868981.353507 656871.102040 6868991.352371 656849.254303 6868991.023075 656849.405009 6868981.024211 656871.252746 6868981.353507 18.000000
875000 656871.324833 6868999.633610 656871.174127 6869009.632474 656849.484434 6869009.305560 656849.635140 6868999.306696 656871.324833 6868999.633610 18.000000
875000 656871.501734 6869015.975922 656871.351028 6869025.974787 656850.209473 6869025.656134 656850.360179 6869015.657270 656871.501734 6869015.975922 18.000000
880000 656871.252746 6868981.353507 656871.102040 6868991.352371 656849.254303 6868991.023075 656849.405009 6868981.024211 656871.252746 6868981.353507 18.000000
880000 656871.324833 6868999.633610 656871.174127 6869009.632474 656849.484434 6869009.305560 656849.635140 6868999.306696 656871.324833 6868999.633610 18.000000
880000 656871.501734 6869015.975922 656871.351028 6869025.974787 656850.209473 6869025.656134 656850.360179 6869015.657270 656871.501734 6869015.975922 18.000000
885000 656871.252746 6868981.353507 656871.102040 6868991.352371 656849.254303 6868991.023075 656849.405009 6868981.024211 656871.252746 6868981.353507 18.000000
885000 656871.324833 6868999.633610 656871.174127 6869009.632474 656849.484434 6869009.305560 656849.635140 6868999.306696 656871.324833 6868999.633610 18.000000
885000 656871.501734 6869015.975922 656871.351028 6869025.974787 656850.209473 6869025.656134 656850.360179 6869015.657270 656871.501734 6869015.975922 18.000000
890000 656871.252746 6868981.353507 656871.102040 6868991.352371 656849.254303 6868991.023075 656849.405009 6868981.024211 656871.252746 6868981.353507 18.000000
890000 656871.324833 6868999.633610 656871.174127 6869009.632474 656849.484434 6869009.305560 656849.635140 6868999.306696 656871.324833 6868999.633610 18.000000
890000 656871.501734 6869015.975922 656871.351028 6869025.974787 656850.209473 6869025.656134 656850.360179 6869015.657270 656871.501734 6869015.975922 18.000000
895000 656871.252746 6868981.353507 656871.102040 6868991.352371 656849.254303 6868991.023075 656849.405009 6868981.024211 656871.252746 6868981.353507 18.000000
895000 656871.324833 6868999.633610 656871.174127 6869009.632474 656849.484434 6869009.305560 656849.635140 6868999.306696 656871.324833 6868999.633610 18.000000
895000 656871.501734 6869015.975922 656871.351028 6869025.974787 656850.209473 6869025.656134 656850.360179 6869015.657270 656871.501734 6869015.975922 18.000000
900000 656871.252746 6868981.353507 656871.102040 6868991.352371 656849.254303 6868991.023075 656849.405009 6868981.024211 656871.252746 6868981.353507 18.000000
900000 656871.324833 6868999.633610 656871.174127 6869009.632474 656849.484434 6869009.305560 656849.635140 6868999.306696 656871.324833 6868999.633610 18.000000
900000 656871.501734 6869015.975922 656871.351028 6869025.974787 656850.209473 6869025.656134 656850.360179 6869015.657270 656871.501734 6869015.975922 18.000000
905000 656871.252746 6868981.353507 656871.102040 6868991.352371 656849.254303 6868991.023075 656849.405009 6868981.024211 656871.252746 6868981.353507 18.000000
905000 656871.324833 6868999.633610 656871.174127 6869009.632474 656849.484434 6869009.305560 656849.635140 6868999.306696 656871.324833 6868999.633610 18.000000
905000 656870.045943 6869029.738699 656869.895237 6869039.737563 656849.217261 6869039.425898 656849.367967 6869029.427034 656870.045943 6869029.738699 18.000000
910000 656871.252746 6868981.353507 656871.102040 6868991.352371 656849.254303 6868991.023075 656849.405009 6868981.024211 656871.252746 6868981.353507 18.000000
910000 656871.324833 6868999.633610 656871.174127 6869009.632474 656849.484434 6869009.305560 656849.635140 6868999.306696 656871.324833 6868999.633610 18.000000
910000 656870.045943 6869029.738699 656869.895237 6869039.737563 656849.217261 6869039.425898 656849.367967 6869029.427034 656870.045943 6869029.738699 18.000000
915000 656871.252746 6868981.353507 656871.102040 6868991.352371 656849.254303 6868991.023075 656849.405009 6868981.024211 656871.252746 6868981.353507 18.000000
915000 656870.045943 6869029.738699 656869.895237 6869039.737563 656849.217261 6869039.425898 656849.367967 6869029.427034 656870.045943 6869029.738699 18.000000
915000 656870.776282 6869011.748379 656870.625576 6869021.747243 656849.234340 6869021.424827 656849.385046 6869011.425963 656870.776282 6869011.748379 18.000000
920000 656871.252746 6868981.353507 656871.102040 6868991.352371 656849.254303 6868991.023075 656849.405009 6868981.024211 656871.252746 6868981.353507 18.000000
920000 656870.045943 6869029.738699 656869.895237 6869039.737563 656849.217261 6869039.425898 656849.367967 6869029.427034 656870.045943 6869029.738699 18.000000
920000 656870.776282 6869011.748379 656870.625576 6869021.747243 656849.234340 6869021.424827 656849.385046 6869011.425963 656870.776282 6869011.748379 18.000000
925000 656871.252746 6868981.353507 656871.102040 6868991.352371 656849.254303 6868991.023075 656849.405009 6868981.024211 656871.252746 6868981.353507 18.000000
925000 656870.045943 6869029.738699 656869.895237 6869039.737563 656849.217261 6869039.425898 656849.367967 6869029.427034 656870.045943 6869029.738699 18.000000
925000 656870.776282 6869011.748379 656870.625576 6869021.747243 656849.234340 6869021.424827 656849.385046 6869011.425963 656870.776282 6869011.748379 18.000000
930000 656871.252746 6868981.353507 656871.102040 6868991.352371 656849.254303 6868991.023075 656849.405009 6868981.024211 656871.252746 6868981.353507 18.000000
930000 656870.851862 6869002.347308 656870.701156 6869012.346172 656850.228819 6869012.037607 656850.379525 6869002.038743 656870.851862 6869002.347308 18.000000
935000 656871.764314 6868982.925084 656871.613608 6868992.923948 656850.339644 6868992.603300 656850.490350 6868982.604436 656871.764314 6868982.925084 18.000000
935000 656871.059075 6869015.884018 656870.908368 6869025.882883 656849.122639 6869025.554521 656849.273345 6869015.555657 656871.059075 6869015.884018 18.000000
935000 656870.951196 6869032.637655 656870.800490 6869042.636519 656849.819163 6869042.320282 656849.969869 6869032.321417 656870.951196 6869032.637655 18.000000
940000 656871.764314 6868982.925084 656871.613608 6868992.923948 656850.339644 6868992.603300 656850.490350 6868982.604436 656871.764314 6868982.925084 18.000000
940000 656870.951196 6869032.637655 656870.800490 6869042.636519 656849.819163 6869042.320282 656849.969869 6869032.321417 656870.951196 6869032.637655 18.000000
940000 656870.495720 6869002.834932 656870.345013 6869012.833796 656849.305484 6869012.516682 656849.456191 6869002.517818 656870.495720 6869002.834932 18.000000
945000 656871.764314 6868982.925084 656871.613608 6868992.923948 656850.339644 6868992.603300 656850.490350 6868982.604436 656871.764314 6868982.925084 18.000000
945000 656870.951196 6869032.637655 656870.800490 6869042.636519 656849.819163 6869042.320282 656849.969869 6869032.321417 656870.951196 6869032.637655 18.000000
945000 656870.495720 6869002.834932 656870.345013 6869012.833796 656849.305484 6869012.516682 656849.456191 6869002.517818 656870.495720 6869002.834932 18.000000
950000 656871.764314 6868982.925084 656871.613608 6868992.923948 656850.339644 6868992.603300 656850.490350 6868982.604436 656871.764314 6868982.925084 18.000000
950000 656870.951196 6869032.637655 656870.800490 6869042.636519 656849.819163 6869042.320282 656849.969869 6869032.321417 656870.951196 6869032.637655 18.000000
950000 656870.495720 6869002.834932 656870.345013 6869012.833796 656849.305484 6869012.516682 656849.456191 6869002.517818 656870.495720 6869002.834932 18.000000
955000 656871.764314 6868982.925084 656871.613608 6868992.923948 656850.339644 6868992.603300 656850.490350 6868982.604436 656871.764314 6868982.925084 18.000000
955000 656870.951196 6869032.637655 656870.800490 6869042.636519 656849.819163 6869042.320282 656849.969869 6869032.321417 656870.951196 6869032.637655 18.000000
955000 656870.495720 6869002.834932 656870.345013 6869012.833796 656849.305484 6869012.516682 656849.456191 6869002.517818 656870.495720 6869002.834932 18.000000
960000 656871.764314 6868982.925084 656871.613608 6868992.923948 656850.339644 6868992.603300 656850.490350 6868982.604436 656871.764314 6868982.925084 18.000000
960000 656870.951196 6869032.637655 656870.800490 6869042.636519 656849.819163 6869042.320282 656849.969869 6869032.321417 656870.951196 6869032.637655 18.000000
960000 656870.495720 6869002.834932 656870.345013 6869012.833796 656849.305484 6869012.516682 656849.456191 6869002.517818 656870.495720 6869002.834932 18.000000
965000 656871.764314 6868982.925084 656871.613608 6868992.923948 656850.339644 6868992.603300 656850.490350 6868982.604436 656871.764314 6868982.925084 18.000000
965000 656870.951196 6869032.637655 656870.800490 6869042.636519 656849.819163 6869042.320282 656849.969869 6869032.321417 656870.951196 6869032.637655 18.000000
965000 656870.495720 6869002.834932 656870.345013 6869012.833796 656849.305484 6869012.516682 656849.456191 6869002.517818 656870.495720 6869002.834932 18.000000
970000 656871.764314 6868982.925084 656871.613608 6868992.923948 656850.339644 6868992.603300 656850.490350 6868982.604436 656871.764314 6868982.925084 18.000000
970000 656870.951196 6869032.637655 656870.800490 6869042.636519 656849.819163 6869042.320282 656849.969869 6869032.321417 656870.951196 6869032.637655 18.000000
970000 656870.495720 6869002.834932 656870.345013 6869012.833796 656849.305484 6869012.516682 656849.456191 6869002.517818 656870.495720 6869002.834932 18.000000
975000 656871.764314 6868982.925084 656871.613608 6868992.923948 656850.339644 6868992.603300 656850.490350 6868982.604436 656871.764314 6868982.925084 18.000000
975000 656870.951196 6869032.637655 656870.800490 6869042.636519 656849.819163 6869042.320282 656849.969869 6869032.321417 656870.951196 6869032.637655 18.000000
975000 656870.495720 6869002.834932 656870.345013 6869012.833796 656849.305484 6869012.516682 656849.456191 6869002.517818 656870.495720 6869002.834932 18.000000
980000 656871.764314 6868982.925084 656871.613608 6868992.923948 656850.339644 6868992.603300 656850.490350 6868982.604436 656871.764314 6868982.925084 18.000000
980000 656870.951196 6869032.637655 656870.800490 6869042.636519 656849.819163 6869042.320282 656849.969869 6869032.321417 656870.951196 6869032.637655 18.000000
980000 656870.495720 6869002.834932 656870.345013 6869012.833796 656849.305484 6869012.516682 656849.456191 6869002.517818 656870.495720 6869002.834932 18.000000
985000 656871.764314 6868982.925084 656871.613608 6868992.923948 656850.339644 6868992.603300 656850.490350 6868982.604436 656871.764314 6868982.925084 18.000000
985000 656870.951196 6869032.637655 656870.800490 6869042.636519 656849.819163 6869042.320282 656849.969869 6869032.321417 656870.951196 6869032.637655 18.000000
985000 656870.495720 6869002.834932 656870.345013 6869012.833796 656849.305484 6869012.516682 656849.456191 6869002.517818 656870.495720 6869002.834932 18.000000
990000 656871.764314 6868982.925084 656871.613608 6868992.923948 656850.339644 6868992.603300 656850.490350 6868982.604436 656871.764314 6868982.925084 18.000000
990000 656870.951196 6869032.637655 656870.800490 6869042.636519 656849.819163 6869042.320282 656849.969869 6869032.321417 656870.951196 6869032.637655 18.000000
990000 656870.495720 6869002.834932 656870.345013 6869012.833796 656849.305484 6869012.516682 656849.456191 6869002.517818 656870.495720 6869002.834932 18.000000
995000 656871.764314 6868982.925084 656871.613608 6868992.923948 656850.339644 6868992.603300 656850.490350 6868982.604436 656871.764314 6868982.925084 18.000000
995000 656870.951196 6869032.637655 656870.800490 6869042.636519 656849.819163 6869042.320282 656849.969869 6869032.321417 656870.951196 6869032.637655 18.000000
995000 656870.495720 6869002.834932 656870.345013 6869012.833796 656849.305484 6869012.516682 656849.456191 6869002.517818 656870.495720 6869002.834932 18.000000
1000000 656871.764314 6868982.925084 656871.613608 6868992.923948 656850.339644 6868992.603300 656850.490350 6868982.604436 656871.764314 6868982.925084 18.000000
1000000 656870.951196 6869032.637655 656870.800490 6869042.636519 656849.819163 6869042.320282 656849.969869 6869032.321417 656870.951196 6869032.637655 18.000000
1000000 656870.495720 6869002.834932 656870.345013 6869012.833796 656849.305484 6869012.516682 656849.456191 6869002.517818 656870.495720 6869002.834932 18.000000
1005000 656871.764314 6868982.925084 656871.613608 6868992.923948 656850.339644 6868992.603300 656850.490350 6868982.604436 656871.764314 6868982.925084 18.000000
1005000 656870.495720 6869002.834932 656870.345013 6869012.833796 656849.305484 6869012.516682 656849.456191 6869002.517818 656870.495720 6869002.834932 18.000000
1005000 656871.836360 6869019.040491 656871.685653 6869029.039355 656848.941339 6869028.696546 656849.092045 6869018.697682 656871.836360 6869019.040491 18.000000
1010000 656871.764314 6868982.925084 656871.613608 6868992.923948 656850.339644 6868992.603300 656850.490350 6868982.604436 656871.764314 6868982.925084 18.000000
1010000 656870.495720 6869002.834932 656870.345013 6869012.833796 656849.305484 6869012.516682 656849.456191 6869002.517818 656870.495720 6869002.834932 18.000000
1010000 656871.836360 6869019.040491 656871.685653 6869029.039355 656848.941339 6869028.696546 656849.092045 6869018.697682 656871.836360 6869019.040491 18.000000
1015000 656871.764314 6868982.925084 656871.613608 6868992.923948 656850.339644 6868992.603300 656850.490350 6868982.604436 656871.764314 6868982.925084 18.000000
1015000 656870.495720 6869002.834932 656870.345013 6869012.833796 656849.305484 6869012.516682 656849.456191 6869002.517818 656870.495720 6869002.834932 18.000000
1015000 656871.836360 6869019.040491 656871.685653 6869029.039355 656848.941339 6869028.696546 656849.092045 6869018.697682 656871.836360 6869019.040491 18.000000
1020000 656871.764314 6868982.925084 656871.613608 6868992.923948 656850.339644 6868992.603300 656850.490350 6868982.604436 656871.764314 6868982.925084 18.000000
1020000 656870.495720 6869002.834932 656870.345013 6869012.833796 656849.305484 6869012.516682 656849.456191 6869002.517818 656870.495720 6869002.834932 18.000000
1020000 656871.836360 6869019.040491 656871.685653 6869029.039355 656848.941339 6869028.696546 656849.092045 6869018.697682 656871.836360 6869019.040491 18.000000
1025000 656871.764314 6868982.925084 656871.613608 6868992.923948 656850.339644 6868992.603300 656850.490350 6868982.604436 656871.764314 6868982.925084 18.000000
1025000 656870.495720 6869002.834932 656870.345013 6869012.833796 656849.305484 6869012.516682 656849.456191 6869002.517818 656870.495720 6869002.834932 18.000000
1025000 656871.836360 6869019.040491 656871.685653 6869029.039355 656848.941339 6869028.696546 656849.092045 6869018.697682 656871.836360 6869019.040491 18.000000
1030000 656871.764314 6868982.925084 656871.613608 6868992.923948 656850.339644 6868992.603300 656850.490350 6868982.604436 656871.764314 6868982.925084 18.000000
1030000 656870.495720 6869002.834932 656870.345013 6869012.833796 656849.305484 6869012.516682 656849.456191 6869002.517818 656870.495720 6869002.834932 18.000000
1030000 656871.836360 6869019.040491 656871.685653 6869029.039355 656848.941339 6869028.696546 656849.092045 6869018.697682 656871.836360 6869019.040491 18.000000
1035000 656871.764314 6868982.925084 656871.613608 6868992.923948 656850.339644 6868992.603300 656850.490350 6868982.604436 656871.764314 6868982.925084 18.000000
1035000 656870.495720 6869002.834932 656870.345013 6869012.833796 656849.305484 6869012.516682 656849.456191 6869002.517818 656870.495720 6869002.834932 18.000000
1035000 656871.836360 6869019.040491 656871.685653 6869029.039355 656848.941339 6869028.696546 656849.092045 6869018.697682 656871.836360 6869019.040491 18.000000
1040000 656871.764314 6868982.925084 656871.613608 6868992.923948 656850.339644 6868992.603300 656850.490350 6868982.604436 656871.764314 6868982.925084 18.000000
1040000 656870.495720 6869002.834932 656870.345013 6869012.833796 656849.305484 6869012.516682 656849.456191 6869002.517818 656870.495720 6869002.834932 18.000000
1040000 656871.836360 6869019.040491 656871.685653 6869029.039355 656848.941339 6869028.696546 656849.092045 6869018.697682 656871.836360 6869019.040491 18.000000
1045000 656870.495720 6869002.834932 656870.345013 6869012.833796 656849.305484 6869012.516682 656849.456191 6869002.517818 656870.495720 6869002.834932 18.000000
1045000 656871.836360 6869019.040491 656871.685653 6869029.039355 656848.941339 6869028.696546 656849.092045 6869018.697682 656871.836360 6869019.040491 18.000000
1045000 656872.239454 6868980.045528 656872.088748 6868990.044392 656849.553559 6868989.704735 656849.704265 6868979.705870 656872.239454 6868980.045528 18.000000
1050000 656870.495720 6869002.834932 656870.345013 6869012.833796 656849.305484 6869012.516682 656849.456191 6869002.517818 656870.495720 6869002.834932 18.000000
1050000 656871.836360 6869019.040491 656871.685653 6869029.039355 656848.941339 6869028.696546 656849.092045 6869018.697682 656871.836360 6869019.040491 18.000000
1050000 656872.239454 6868980.045528 656872.088748 6868990.044392 656849.553559 6868989.704735 656849.704265 6868979.705870 656872.239454 6868980.045528 18.000000
1055000 656870.495720 6869002.834932 656870.345013 6869012.833796 656849.305484 6869012.516682 656849.456191 6869002.517818 656870.495720 6869002.834932 18.000000
1055000 656871.836360 6869019.040491 656871.685653 6869029.039355 656848.941339 6869028.696546 656849.092045 6869018.697682 656871.836360 6869019.040491 18.000000
1055000 656872.239454 6868980.045528 656872.088748 6868990.044392 656849.553559 6868989.704735 656849.704265 6868979.705870 656872.239454 6868980.045528 18.000000
1060000 656870.495720 6869002.834932 656870.345013 6869012.833796 656849.305484 6869012.516682 656849.456191 6869002.517818 656870.495720 6869002.834932 18.000000
1060000 656871.836360 6869019.040491 656871.685653 6869029.039355 656848.941339 6869028.696546 656849.092045 6869018.697682 656871.836360 6869019.040491 18.000000
1060000 656872.239454 6868980.045528 656872.088748 6868990.044392 656849.553559 6868989.704735 656849.704265 6868979.705870 656872.239454 6868980.045528 18.000000
1065000 656870.495720 6869002.834932 656870.345013 6869012.833796 656849.305484 6869012.516682 656849.456191 6869002.517818 656870.495720 6869002.834932 18.000000
1065000 656871.836360 6869019.040491 656871.685653 6869029.039355 656848.941339 6869028.696546 656849.092045 6869018.697682 656871.836360 6869019.040491 18.000000
1065000 656872.239454 6868980.045528 656872.088748 6868990.044392 656849.553559 6868989.704735 656849.704265 6868979.705870 656872.239454 6868980.045528 18.000000
1070000 656870.495720 6869002.834932 656870.345013 6869012.833796 656849.305484 6869012.516682 656849.456191 6869002.517818 656870.495720 6869002.834932 18.000000
1070000 656871.836360 6869019.040491 656871.685653 6869029.039355 656848.941339 6869028.696546 656849.092045 6869018.697682 656871.836360 6869019.040491 18.000000
1070000 656872.239454 6868980.045528 656872.088748 6868990.044392 656849.553559 6868989.704735 656849.704265 6868979.705870 656872.239454 6868980.045528 18.000000
1075000 656870.495720 6869002.834932 656870.345013 6869012.833796 656849.305484 6869012.516682 656849.456191 6869002.517818 656870.495720 6869002.834932 18.000000
1075000 656871.836360 6869019.040491 656871.685653 6869029.039355 656848.941339 6869028.696546 656849.092045 6869018.697682 656871.836360 6869019.040491 18.000000
1075000 656872.239454 6868980.045528 656872.088748 6868990.044392 656849.553559 6868989.704735 656849.704265 6868979.705870 656872.239454 6868980.045528 18.000000
1080000 656870.495720 6869002.834932 656870.345013 6869012.833796 656849.305484 6869012.516682 656849.456191 6869002.517818 656870.495720 6869002.834932 18.000000
1080000 656871.836360 6869019.040491 656871.685653 6869029.039355 656848.941339 6869028.696546 656849.092045 6869018.697682 656871.836360 6869019.040491 18.000000
1080000 656872.052034 6868984.138134 656871.901328 6868994.136999 656849.725232 6868993.802753 656849.875938 6868983.803889 656872.052034 6868984.138134 18.000000
1081811 656870.495720 6869002.834932 656870.345013 6869012.833796 656849.305484 6869012.516682 656849.456191 6869002.517818 656870.495720 6869002.834932 18.000000
1081811 656871.836360 6869019.040491 656871.685653 6869029.039355 656848.941339 6869028.696546 656849.092045 6869018.697682 656871.836360 6869019.040491 18.000000
1081811 656872.052034 6868984.138134 656871.901328 6868994.136999 656849.725232 6868993.802753 656849.875938 6868983.803889 656872.052034 6868984.138134 18.000000
1081811 656870.644362 6869038.743542 656870.493656 6869048.742406 656849.430293 6869048.424933 656849.580999 6869038.426068 656870.644362 6869038.743542 18.000000
