5000 656870.728137 6868995.021026 656870.577431 6869005.019890 656852.129560 6869004.741838 656852.280266 6868994.742974 656870.728137 6868995.021026 18.000000
10000 656859.145221 6868978.687840 656859.069868 6868983.687272 656849.781582 6868983.547276 656849.856935 6868978.547844 656859.145221 6868978.687840 6.000000
10000 656857.179513 6869023.074561 656867.178378 6869023.225267 656866.783631 6869049.415447 656856.784767 6869049.264741 656857.179513 6869023.074561 18.000000
15000 656856.508940 6869004.042041 656866.507805 6869004.192747 656865.831697 6869049.050330 656855.832833 6869048.899624 656856.508940 6869004.042041 18.000000
15000 656861.405759 6868979.977185 656871.404623 6868980.127891 656870.743330 6869024.002546 656860.744466 6869023.851840 656861.405759 6868979.977185 18.000000
20000 656852.787591 6869007.474285 656862.786455 6869007.624991 656862.478041 6869028.087237 656852.479177 6869027.936531 656852.787591 6869007.474285 18.000000
20000 656860.504756 6868982.129425 656860.429403 6868987.128857 656854.282835 6868987.036214 656854.358188 6868982.036782 656860.504756 6868982.129425 6.000000
25000 656870.921192 6868986.163197 656870.770485 6868996.162062 656850.234114 6868995.852531 656850.384820 6868985.853666 656870.921192 6868986.163197 18.000000
25000 656854.510919 6869021.062387 656854.435566 6869026.061819 656849.106536 6869025.981498 656849.181889 6869020.982066 656854.510919 6869021.062387 6.000000
30000 656860.163635 6868989.984596 656870.162500 6868990.135302 656869.575631 6869029.072134 656859.576767 6869028.921428 656860.163635 6868989.984596 18.000000
30000 656849.703576 6869037.553995 656859.702440 6869037.704701 656859.512976 6869050.275038 656849.514112 6869050.124332 656849.703576 6869037.553995 18.000000
30000 656850.538509 6869005.896734 656855.537942 6869005.972087 656855.373671 6869016.870939 656850.374238 6869016.795586 656850.538509 6869005.896734 6.000000
35000 656861.894351 6868990.664484 656871.893215 6868990.815190 656871.154072 6869039.854976 656861.155208 6869039.704270 656861.894351 6868990.664484 18.000000
35000 656857.976922 6869012.355856 656857.901569 6869017.355288 656852.028450 6869017.266767 656852.103803 6869012.267334 656857.976922 6869012.355856 6.000000
40000 656857.357913 6869003.197248 656867.356778 6869003.347954 656866.992316 6869027.528799 656856.993452 6869027.378093 656857.357913 6869003.197248 18.000000
45000 656866.448331 6869017.875219 656871.447763 6869017.950572 656871.266154 6869029.999728 656866.266722 6869029.924375 656866.448331 6869017.875219 6.000000
45000 656849.183502 6869024.037004 656854.182934 6869024.112357 656853.827422 6869047.699425 656848.827990 6869047.624072 656849.183502 6869024.037004 6.000000
50000 656867.177699 6868987.943717 656872.177131 6868988.019070 656871.944964 6869003.422589 656866.945532 6869003.347236 656867.177699 6868987.943717 6.000000
50000 656861.307558 6869016.961340 656861.232205 6869021.960772 656849.234250 6869021.779935 656849.309603 6869016.780503 656861.307558 6869016.961340 6.000000
55000 656866.769024 6869036.729442 656871.768456 6869036.804795 656871.592971 6869048.447675 656866.593539 6869048.372322 656866.769024 6869036.729442 6.000000
60000 656861.678388 6868983.936195 656871.677253 6868984.086901 656871.136002 6869019.997143 656861.137138 6869019.846437 656861.678388 6868983.936195 18.000000
60000 656850.354491 6869003.558932 656860.353355 6869003.709638 656859.852176 6869036.961286 656849.853312 6869036.810579 656850.354491 6869003.558932 18.000000
65000 656866.986223 6868996.660293 656871.985655 6868996.735646 656871.803742 6869008.804985 656866.804310 6869008.729632 656866.986223 6868996.660293 6.000000
70000 656856.535884 6868978.009462 656866.534748 6868978.160168 656866.107738 6869006.490894 656856.108874 6869006.340188 656856.535884 6868978.009462 18.000000
75000 656865.049173 6868993.927189 656864.973820 6868998.926621 656849.143919 6868998.688027 656849.219272 6868993.688595 656865.049173 6868993.927189 6.000000
80000 656849.336588 6869022.800487 656854.336020 6869022.875840 656854.158540 6869034.651088 656849.159108 6869034.575735 656849.336588 6869022.800487 6.000000
80000 656864.799374 6868980.488012 656864.724021 6868985.487444 656856.587490 6868985.364808 656856.662843 6868980.365376 656864.799374 6868980.488012 6.000000
85000 656852.222119 6868981.395329 656862.220983 6868981.546035 656861.567159 6869024.925158 656851.568295 6869024.774452 656852.222119 6868981.395329 18.000000
90000 656857.161206 6868981.584359 656867.160071 6868981.735065 656866.786909 6869006.493108 656856.788045 6869006.342402 656857.161206 6868981.584359 18.000000
95000 656850.379202 6868998.216101 656860.378066 6868998.366807 656859.682341 6869044.525961 656849.683476 6869044.375255 656850.379202 6868998.216101 18.000000
95000 656869.374422 6869019.468013 656869.299069 6869024.467445 656861.170349 6869024.344927 656861.245702 6869019.345494 656869.374422 6869019.468013 6.000000
100000 656866.118792 6869013.856762 656871.118224 6869013.932115 656870.770505 6869037.002172 656865.771073 6869036.926819 656866.118792 6869013.856762 6.000000
100000 656851.000022 6869019.896553 656860.998886 6869020.047259 656860.652956 6869042.998659 656850.654091 6869042.847953 656851.000022 6869019.896553 18.000000
100000 656861.153198 6868981.674514 656871.152062 6868981.825220 656870.878731 6868999.959848 656860.879867 6868999.809142 656861.153198 6868981.674514 18.000000
105000 656850.538891 6868979.467781 656855.538323 6868979.543134 656855.185632 6869002.943108 656850.186199 6869002.867755 656850.538891 6868979.467781 6.000000
110000 656861.373424 6869018.371209 656871.372289 6869018.521915 656871.013109 6869042.352340 656861.014245 6869042.201634 656861.373424 6869018.371209 18.000000
110000 656861.342218 6869007.761139 656871.341083 6869007.911845 656870.996323 6869030.785520 656860.997459 6869030.634814 656861.342218 6869007.761139 18.000000
115000 656858.288052 6869012.004949 656868.286917 6869012.155655 656867.834537 6869042.169560 656857.835673 6869042.018854 656858.288052 6869012.004949 18.000000
115000 656867.644955 6869015.759856 656867.494249 6869025.758720 656850.718965 6869025.505878 656850.869671 6869015.507014 656867.644955 6869015.759856 18.000000
120000 656861.471126 6868994.061506 656871.469990 6868994.212212 656871.101383 6869018.668120 656861.102519 6869018.517414 656861.471126 6868994.061506 18.000000
125000 656850.589974 6869004.067121 656855.589407 6869004.142474 656855.470001 6869012.064663 656850.470569 6869011.989309 656850.589974 6869004.067121 6.000000
125000 656866.976594 6868999.109424 656871.976026 6868999.184777 656871.807397 6869010.372800 656866.807965 6869010.297447 656866.976594 6868999.109424 6.000000
130000 656871.366637 6869037.501554 656871.215931 6869047.500419 656849.395704 6869047.171537 656849.546410 6869037.172673 656871.366637 6869037.501554 18.000000
130000 656858.032820 6868981.388156 656868.031684 6868981.538862 656867.337267 6869027.611253 656857.338402 6869027.460547 656858.032820 6868981.388156 18.000000
135000 656861.293076 6868978.519403 656871.291940 6868978.670109 656870.567908 6869026.707303 656860.569044 6869026.556597 656861.293076 6868978.519403 18.000000
140000 656865.072099 6869016.354084 656864.996746 6869021.353517 656851.886000 6869021.155907 656851.961354 6869016.156475 656865.072099 6869016.354084 6.000000
140000 656866.290290 6868978.998017 656871.289723 6868979.073370 656870.932127 6869002.798685 656865.932695 6869002.723332 656866.290290 6868978.998017 6.000000
145000 656870.188625 6869039.497232 656870.037919 6869049.496097 656849.468347 6869049.186066 656849.619053 6869039.187201 656870.188625 6869039.497232 18.000000
145000 656849.051116 6869013.056073 656854.050548 6869013.131426 656853.959832 6869019.150165 656848.960399 6869019.074812 656849.051116 6869013.056073 6.000000
150000 656853.880946 6869004.967992 656863.879810 6869005.118698 656863.262769 6869046.057392 656853.263905 6869045.906686 656853.880946 6869004.967992 18.000000
155000 656856.305762 6868978.764792 656866.304627 6868978.915498 656865.732037 6869016.904982 656855.733173 6869016.754276 656856.305762 6868978.764792 18.000000
160000 656849.464048 6868982.776086 656854.463480 6868982.851439 656854.186121 6869001.253366 656849.186688 6869001.178013 656849.464048 6868982.776086 6.000000
160000 656866.804900 6868990.784994 656871.804332 6868990.860347 656871.469539 6869013.072805 656866.470107 6869012.997452 656866.804900 6868990.784994 6.000000
165000 656854.661066 6868995.980583 656864.659931 6868996.131289 656864.055539 6869036.230778 656854.056674 6869036.080071 656854.661066 6868995.980583 18.000000
170000 656850.414658 6869019.136364 656860.413522 6869019.287070 656859.994496 6869047.088134 656849.995632 6869046.937428 656850.414658 6869019.136364 18.000000
175000 656859.503708 6869022.419579 656859.428355 6869027.419011 656849.183285 6869027.264594 656849.258638 6869022.265162 656859.503708 6869022.419579 6.000000
180000 656866.729004 6869009.203535 656871.728436 6869009.278888 656871.415545 6869030.038189 656866.416113 6869029.962836 656866.729004 6869009.203535 6.000000
185000 656856.986097 6869014.450605 656866.984961 6869014.601311 656866.501176 6869046.698876 656856.502312 6869046.548170 656856.986097 6869014.450605 18.000000
185000 656861.206006 6868979.971507 656871.204871 6868980.122213 656870.833903 6869004.734730 656860.835039 6869004.584024 656861.206006 6868979.971507 18.000000
190000 656851.782139 6869006.320070 656861.781003 6869006.470776 656861.415741 6869030.704794 656851.416876 6869030.554088 656851.782139 6869006.320070 18.000000
195000 656849.683026 6868985.815448 656854.682459 6868985.890801 656854.486089 6868998.919278 656849.486657 6868998.843925 656849.683026 6868985.815448 6.000000
195000 656872.031562 6869005.682113 656871.956209 6869010.681546 656864.902201 6869010.575225 656864.977554 6869005.575793 656872.031562 6869005.682113 6.000000
195000 656871.492262 6869041.360173 656871.416909 6869046.359605 656861.934852 6869046.216688 656862.010205 6869041.217256 656871.492262 6869041.360173 6.000000
195000 656871.462510 6869027.871372 656871.387157 6869032.870804 656858.545017 6869032.677243 656858.620370 6869027.677811 656871.462510 6869027.871372 6.000000
200000 656871.912637 6869001.448418 656871.761931 6869011.447283 656850.693972 6869011.129740 656850.844678 6869001.130875 656871.912637 6869001.448418 18.000000
205000 656851.619933 6868976.481977 656861.618797 6868976.632683 656860.943898 6869021.410111 656850.945033 6869021.259405 656851.619933 6868976.481977 18.000000
210000 656854.094398 6869016.659865 656864.093262 6869016.810571 656863.675723 6869044.512946 656853.676859 6869044.362240 656854.094398 6869016.659865 18.000000
215000 656854.046687 6868983.451824 656864.045552 6868983.602530 656863.333425 6869030.849850 656853.334561 6869030.699144 656854.046687 6868983.451824 18.000000
215000 656870.409356 6869038.484388 656870.258650 6869048.483252 656848.954287 6869048.162146 656849.104993 6869038.163282 656870.409356 6869038.484388 18.000000
220000 656853.932038 6868977.572002 656863.930902 6868977.722708 656863.189228 6869026.930396 656853.190364 6869026.779689 656853.932038 6868977.572002 18.000000
225000 656850.385138 6869011.674254 656860.384003 6869011.824960 656859.893918 6869044.340535 656849.895053 6869044.189828 656850.385138 6869011.674254 18.000000
230000 656850.330057 6868985.332588 656855.329490 6868985.407941 656855.001009 6869007.201546 656850.001577 6869007.126193 656850.330057 6868985.332588 6.000000
230000 656865.185415 6868981.009011 656870.184847 6868981.084364 656869.971492 6868995.239813 656864.972060 6868995.164460 656865.185415 6868981.009011 6.000000
235000 656871.488040 6869037.869815 656871.337333 6869047.868680 656849.735955 6869047.543097 656849.886661 6869037.544233 656871.488040 6869037.869815 18.000000
235000 656860.479414 6868992.146037 656870.478278 6868992.296743 656869.976432 6869025.592626 656859.977568 6869025.441920 656860.479414 6868992.146037 18.000000
240000 656849.801326 6868981.891640 656854.800758 6868981.966993 656854.476361 6869003.489666 656849.476929 6869003.414313 656849.801326 6868981.891640 6.000000
240000 656848.981901 6869031.057655 656853.981334 6869031.133008 656853.789396 6869043.867456 656848.789964 6869043.792103 656848.981901 6869031.057655 6.000000
245000 656853.502304 6869006.352655 656863.501168 6869006.503361 656862.918008 6869045.194151 656852.919144 6869045.043445 656853.502304 6869006.352655 18.000000
245000 656872.017977 6868982.675757 656871.867271 6868992.674621 656849.804598 6868992.342085 656849.955304 6868982.343221 656872.017977 6868982.675757 18.000000
250000 656872.017977 6868982.675757 656871.867271 6868992.674621 656849.804598 6868992.342085 656849.955304 6868982.343221 656872.017977 6868982.675757 18.000000
250000 656854.306260 6869006.735226 656864.305124 6869006.885932 656863.671072 6869048.953258 656853.672208 6869048.802552 656854.306260 6869006.735226 18.000000
255000 656859.457353 6869001.127597 656869.456217 6869001.278303 656868.787038 6869045.676214 656858.788174 6869045.525507 656859.457353 6869001.127597 18.000000
260000 656866.461917 6868992.855746 656871.461349 6868992.931099 656871.104303 6869016.619949 656866.104871 6869016.544596 656866.461917 6868992.855746 6.000000
265000 656853.732938 6868984.819976 656863.731803 6868984.970682 656863.376189 6869008.564475 656853.377325 6869008.413769 656853.732938 6868984.819976 18.000000
265000 656850.952884 6869037.928555 656855.952316 6869038.003908 656855.865572 6869043.759104 656850.866140 6869043.683751 656850.952884 6869037.928555 6.000000
270000 656852.498410 6868979.117464 656862.497274 6868979.268170 656861.852433 6869022.051335 656851.853568 6869021.900628 656852.498410 6868979.117464 18.000000
275000 656871.696626 6868987.429573 656871.545920 6868997.428437 656849.885426 6868997.101963 656850.036132 6868987.103099 656871.696626 6868987.429573 18.000000
280000 656856.919232 6868999.297881 656856.843879 6869004.297313 656849.141965 6869004.181228 656849.217318 6868999.181796 656856.919232 6868999.297881 6.000000
280000 656872.178049 6868988.685377 656872.102696 6868993.684810 656860.091122 6868993.503767 656860.166475 6868988.504335 656872.178049 6868988.685377 6.000000
280000 656863.520877 6869022.337689 656868.520309 6869022.413042 656868.217819 6869042.482308 656863.218387 6869042.406955 656863.520877 6869022.337689 6.000000
285000 656849.499308 6868980.881131 656854.498740 6868980.956484 656854.261824 6868996.675073 656849.262392 6868996.599720 656849.499308 6868980.881131 6.000000
285000 656861.817753 6869020.491453 656871.816617 6869020.642159 656871.443359 6869045.406626 656861.444495 6869045.255920 656861.817753 6869020.491453 18.000000
290000 656862.071954 6868990.771530 656872.070818 6868990.922236 656871.452842 6869031.922998 656861.453978 6869031.772292 656862.071954 6868990.771530 18.000000
295000 656853.728324 6869003.393250 656863.727188 6869003.543956 656863.211163 6869037.780586 656853.212298 6869037.629880 656853.728324 6869003.393250 18.000000
295000 656871.882546 6868983.833832 656871.731840 6868993.832696 656849.340407 6868993.495205 656849.491113 6868983.496341 656871.882546 6868983.833832 18.000000
300000 656866.845441 6869030.714320 656871.844874 6869030.789673 656871.726629 6869038.634823 656866.727197 6869038.559470 656866.845441 6869030.714320 6.000000
300000 656861.459468 6868979.296228 656871.458332 6868979.446934 656871.043701 6869006.956394 656861.044837 6869006.805688 656861.459468 6868979.296228 18.000000
305000 656866.791194 6869006.868037 656871.790626 6869006.943390 656871.441345 6869030.117079 656866.441913 6869030.041726 656866.791194 6869006.868037 6.000000
310000 656869.469633 6869030.382484 656869.318927 6869040.381348 656849.779328 6869040.086841 656849.930034 6869030.087977 656869.469633 6869030.382484 18.000000
315000 656860.941860 6868982.784732 656870.940724 6868982.935438 656870.229330 6869030.134186 656860.230466 6869029.983480 656860.941860 6868982.784732 18.000000
320000 656854.597963 6868996.948371 656864.596828 6868997.099077 656863.862154 6869045.842357 656853.863289 6869045.691651 656854.597963 6868996.948371 18.000000
325000 656871.164207 6868977.811020 656871.013501 6868987.809884 656849.206490 6868987.481202 656849.357196 6868977.482337 656871.164207 6868977.811020 18.000000
325000 656871.760585 6869037.553939 656871.685232 6869042.553371 656862.709051 6869042.418079 656862.784404 6869037.418647 656871.760585 6869037.553939 6.000000
325000 656869.721788 6868993.787386 656869.571082 6869003.786250 656851.172293 6869003.508938 656851.322999 6868993.510073 656869.721788 6868993.787386 18.000000
325000 656871.248181 6869038.937667 656871.172828 6869043.937099 656849.398119 6869043.608903 656849.473472 6869038.609471 656871.248181 6869038.937667 6.000000
330000 656861.947423 6868994.535432 656871.946287 6868994.686138 656871.304203 6869037.286394 656861.305339 6869037.135688 656861.947423 6868994.535432 18.000000
330000 656854.069402 6868990.591940 656864.068267 6868990.742646 656863.402992 6869034.881527 656853.404127 6869034.730821 656854.069402 6868990.591940 18.000000
335000 656861.904681 6869031.593175 656861.829328 6869036.592608 656848.814194 6869036.396439 656848.889547 6869031.397007 656861.904681 6869031.593175 6.000000
335000 656871.940329 6868980.533538 656871.864976 6868985.532970 656859.293285 6868985.343485 656859.368638 6868980.344053 656871.940329 6868980.533538 6.000000
340000 656857.145689 6868994.614289 656867.144553 6868994.764995 656866.496256 6869037.777463 656856.497391 6869037.626757 656857.145689 6868994.614289 18.000000
345000 656860.705383 6869043.639109 656860.630030 6869048.638541 656848.781439 6869048.459956 656848.856792 6869043.460524 656860.705383 6869043.639109 6.000000
345000 656850.774691 6868988.815604 656860.773556 6868988.966310 656860.275717 6869021.996306 656850.276853 6869021.845600 656850.774691 6868988.815604 18.000000
350000 656861.562947 6868993.295877 656871.561811 6868993.446584 656870.950164 6869034.027416 656860.951300 6869033.876710 656861.562947 6868993.295877 18.000000
355000 656871.279727 6868980.471526 656871.129021 6868990.470391 656850.157996 6868990.154309 656850.308702 6868980.155444 656871.279727 6868980.471526 18.000000
355000 656871.161651 6869018.162790 656871.010945 6869028.161654 656849.408174 6869027.836050 656849.558880 6869017.837186 656871.161651 6869018.162790 18.000000
360000 656850.080625 6869008.394274 656860.079489 6869008.544980 656859.490911 6869047.595260 656849.492047 6869047.444554 656850.080625 6869008.394274 18.000000
365000 656856.781211 6868992.264365 656866.780076 6868992.415071 656866.188422 6869031.669414 656856.189558 6869031.518708 656856.781211 6868992.264365 18.000000
370000 656861.187266 6868987.312182 656871.186131 6868987.462888 656870.561423 6869028.910199 656860.562559 6869028.759493 656861.187266 6868987.312182 18.000000
375000 656870.165754 6868984.165244 656870.015048 6868994.164108 656850.046416 6868993.863134 656850.197122 6868983.864270 656870.165754 6868984.165244 18.000000
375000 656861.492989 6869003.842228 656871.491853 6869003.992934 656870.937843 6869040.749696 656860.938979 6869040.598990 656861.492989 6869003.842228 18.000000
380000 656853.970561 6869002.225133 656863.969425 6869002.375839 656863.271124 6869048.705883 656853.272260 6869048.555177 656853.970561 6869002.225133 18.000000
385000 656859.825693 6868988.269270 656869.824558 6868988.419976 656869.321543 6869021.793364 656859.322679 6869021.642658 656859.825693 6868988.269270 18.000000
385000 656870.956640 6869031.792082 656870.805934 6869041.790946 656849.745978 6869041.473523 656849.896684 6869031.474659 656870.956640 6869031.792082 18.000000
390000 656856.789924 6868987.626508 656866.788788 6868987.777214 656866.068137 6869035.590114 656856.069272 6869035.439407 656856.789924 6868987.626508 18.000000
395000 656850.104988 6868990.654132 656860.103853 6868990.804838 656859.350645 6869040.777773 656849.351780 6869040.627067 656850.104988 6868990.654132 18.000000
400000 656860.970553 6868983.419763 656870.969417 6868983.570470 656870.247089 6869031.494659 656860.248224 6869031.343953 656860.970553 6868983.419763 18.000000
405000 656849.954537 6868985.447132 656859.953401 6868985.597839 656859.325900 6869027.230489 656849.327036 6869027.079783 656849.954537 6868985.447132 18.000000
410000 656858.951293 6868991.704661 656868.950157 6868991.855367 656868.357219 6869031.194923 656858.358354 6869031.044217 656858.951293 6868991.704661 18.000000
415000 656857.046838 6868994.290200 656867.045702 6868994.440906 656866.408777 6869036.698882 656856.409912 6869036.548176 656857.046838 6868994.290200 18.000000
420000 656849.726132 6868979.423124 656854.725564 6868979.498477 656854.439271 6868998.493105 656849.439839 6868998.417752 656849.726132 6868979.423124 6.000000
420000 656849.384855 6869021.188123 656859.383719 6869021.338829 656858.993023 6869047.260240 656848.994159 6869047.109534 656849.384855 6869021.188123 18.000000
425000 656850.404587 6868985.208513 656860.403452 6868985.359219 656859.650913 6869035.287712 656849.652049 6869035.137006 656850.404587 6868985.208513 18.000000
430000 656871.853030 6869030.504579 656871.777677 6869035.504012 656863.009679 6869035.371857 656863.085032 6869030.372425 656871.853030 6869030.504579 6.000000
435000 656862.037504 6868991.252100 656872.036368 6868991.402806 656871.517886 6869025.802431 656861.519022 6869025.651725 656862.037504 6868991.252100 18.000000
440000 656860.065179 6868982.082305 656870.064043 6868982.233011 656869.385159 6869027.274802 656859.386295 6869027.124096 656860.065179 6868982.082305 18.000000
445000 656849.487125 6868989.437224 656854.486558 6868989.512577 656854.201951 6869008.395343 656849.202518 6869008.319990 656849.487125 6868989.437224 6.000000
445000 656866.579543 6869006.194199 656871.578975 6869006.269552 656871.348223 6869021.579234 656866.348791 6869021.503881 656866.579543 6869006.194199 6.000000
445000 656863.637080 6868986.625222 656868.636512 6868986.700575 656868.516038 6868994.693675 656863.516605 6868994.618322 656863.637080 6868986.625222 6.000000
450000 656870.724674 6869030.416421 656870.573968 6869040.415285 656850.299267 6869040.109699 656850.449974 6869030.110834 656870.724674 6869030.416421 18.000000
450000 656854.327629 6868976.715452 656864.326494 6868976.866158 656863.649683 6869021.770392 656853.650818 6869021.619686 656854.327629 6868976.715452 18.000000
455000 656870.724674 6869030.416421 656870.573968 6869040.415285 656850.299267 6869040.109699 656850.449974 6869030.110834 656870.724674 6869030.416421 18.000000
455000 656850.735339 6868979.056357 656860.734203 6868979.207063 656860.061338 6869023.849530 656850.062473 6869023.698823 656850.735339 6868979.056357 18.000000
460000 656861.583441 6868985.062576 656871.582306 6868985.213282 656870.914035 6869029.550903 656860.915170 6869029.400197 656861.583441 6868985.062576 18.000000
460000 656849.191837 6869003.449028 656854.191269 6869003.524381 656854.089949 6869010.246624 656849.090517 6869010.171271 656849.191837 6869003.449028 6.000000
465000 656857.760611 6868992.873216 656867.759475 6868993.023922 656867.123218 6869035.237583 656857.124353 6869035.086877 656857.760611 6868992.873216 18.000000
470000 656859.341411 6868998.974816 656869.340275 6868999.125522 656868.613383 6869047.352502 656858.614518 6869047.201796 656859.341411 6868998.974816 18.000000
475000 656871.670765 6869028.133400 656871.595412 6869033.132833 656860.226812 6869032.961481 656860.302165 6869027.962049 656871.670765 6869028.133400 6.000000
475000 656849.864613 6868976.933618 656859.863477 6868977.084324 656859.431827 6869005.722933 656849.432963 6869005.572227 656849.864613 6868976.933618 18.000000
480000 656872.158202 6868983.366191 656872.082849 6868988.365623 656861.020860 6868988.198893 656861.096213 6868983.199461 656872.158202 6868983.366191 6.000000
480000 656867.047702 6869001.563789 656872.047134 6869001.639142 656871.907549 6869010.900195 656866.908116 6869010.824842 656867.047702 6869001.563789 6.000000
480000 656859.411317 6869021.106528 656859.335964 6869026.105960 656848.924534 6869025.949036 656848.999887 6869020.949603 656859.411317 6869021.106528 6.000000
480000 656863.410311 6869038.451822 656863.334958 6869043.451254 656848.916238 6869043.233930 656848.991591 6869038.234498 656863.410311 6869038.451822 6.000000
485000 656871.002824 6868980.344421 656870.852118 6868990.343285 656849.181856 6868990.016664 656849.332562 6868980.017800 656871.002824 6868980.344421 18.000000
485000 656854.100848 6869001.525111 656864.099712 6869001.675817 656863.611932 6869034.038471 656853.613068 6869033.887764 656854.100848 6869001.525111 18.000000
490000 656871.478361 6869034.918796 656871.327655 6869044.917660 656848.986974 6869044.580934 656849.137680 6869034.582070 656871.478361 6869034.918796 18.000000
490000 656866.845352 6868978.161535 656871.844784 6868978.236888 656871.469834 6869003.113641 656866.470402 6869003.038288 656866.845352 6868978.161535 6.000000
495000 656871.524875 6869005.980720 656871.374169 6869015.979584 656849.949338 6869015.656663 656850.100044 6869005.657798 656871.524875 6869005.980720 18.000000
495000 656870.401075 6869029.357280 656870.250369 6869039.356144 656849.493586 6869039.043291 656849.644293 6869029.044427 656870.401075 6869029.357280 18.000000
495000 656872.050321 6868985.608180 656871.899615 6868995.607044 656851.363442 6868995.297517 656851.514148 6868985.298652 656872.050321 6868985.608180 18.000000
500000 656867.017205 6868980.706012 656872.016637 6868980.781365 656871.696799 6869002.001618 656866.697367 6869001.926265 656867.017205 6868980.706012 6.000000
500000 656849.964103 6868982.745624 656854.963535 6868982.820977 656854.647297 6869003.802401 656849.647865 6869003.727048 656849.964103 6868982.745624 6.000000
505000 656871.469934 6868985.782689 656871.319228 6868995.781553 656849.681367 6868995.455420 656849.832073 6868985.456556 656871.469934 6868985.782689 18.000000
510000 656866.852965 6869001.361477 656871.852397 6869001.436830 656871.594998 6869018.514423 656866.595566 6869018.439070 656866.852965 6869001.361477 6.000000
515000 656871.541114 6868987.606174 656871.390408 6868997.605038 656851.145199 6868997.299896 656851.295905 6868987.301032 656871.541114 6868987.606174 18.000000
515000 656854.769161 6869003.319042 656864.768026 6869003.469748 656864.308842 6869033.935139 656854.309977 6869033.784433 656854.769161 6869003.319042 18.000000
520000 656869.788896 6869006.289508 656869.638190 6869016.288372 656849.778129 6869015.989035 656849.928835 6869005.990171 656869.788896 6869006.289508 18.000000
525000 656853.880436 6868979.904205 656863.879300 6868980.054911 656863.157977 6869027.912364 656853.159113 6869027.761658 656853.880436 6868979.904205 18.000000
530000 656872.232025 6868980.118701 656872.156672 6868985.118133 656861.831762 6868984.962512 656861.907115 6868979.963080 656872.232025 6868980.118701 6.000000
530000 656849.702318 6869011.136269 656854.701750 6869011.211622 656854.348688 6869034.636185 656849.349256 6869034.560831 656849.702318 6869011.136269 6.000000
530000 656871.760385 6869010.941585 656871.685032 6869015.941017 656861.963477 6869015.794490 656862.038831 6869010.795058 656871.760385 6869010.941585 6.000000
535000 656851.055403 6869007.914446 656856.054835 6869007.989799 656855.956854 6869014.490557 656850.957421 6869014.415204 656851.055403 6869007.914446 6.000000
535000 656857.702578 6868985.299003 656867.701442 6868985.449709 656867.039880 6869029.342248 656857.041015 6869029.191541 656857.702578 6868985.299003 18.000000
540000 656850.523536 6868985.445811 656860.522400 6868985.596517 656859.978666 6869021.671526 656849.979802 6869021.520820 656850.523536 6868985.445811 18.000000
545000 656870.974298 6868985.873638 656870.823592 6868995.872502 656850.201921 6868995.561686 656850.352627 6868985.562821 656870.974298 6868985.873638 18.000000
545000 656866.832133 6869026.593532 656871.831565 6869026.668885 656871.504085 6869048.396153 656866.504652 6869048.320800 656866.832133 6869026.593532 6.000000
550000 656871.584723 6869029.497352 656871.509370 6869034.496784 656854.688832 6869034.243259 656854.764185 6869029.243827 656871.584723 6869029.497352 6.000000
550000 656870.475227 6868981.890128 656870.324521 6868991.888992 656849.758403 6868991.579013 656849.909109 6868981.580149 656870.475227 6868981.890128 18.000000
550000 656871.792080 6869040.783228 656871.716727 6869045.782660 656859.039149 6869045.591580 656859.114502 6869040.592148 656871.792080 6869040.783228 6.000000
550000 656871.678086 6869017.182251 656871.602733 6869022.181683 656855.176782 6869021.934106 656855.252135 6869016.934673 656871.678086 6869017.182251 6.000000
555000 656859.659662 6868988.835846 656869.658526 6868988.986552 656868.955072 6869035.658527 656858.956207 6869035.507821 656859.659662 6868988.835846 18.000000
560000 656860.547954 6868983.636437 656870.546818 6868983.787143 656869.829228 6869031.396964 656859.830363 6869031.246258 656860.547954 6868983.636437 18.000000
565000 656860.067779 6868982.758471 656870.066643 6868982.909177 656869.314827 6869032.789735 656859.315963 6869032.639029 656860.067779 6868982.758471 18.000000
570000 656866.942030 6869016.340782 656871.941462 6869016.416135 656871.746490 6869029.351912 656866.747057 6869029.276559 656866.942030 6869016.340782 6.000000
570000 656849.436194 6869012.004765 656854.435626 6869012.080118 656854.214371 6869026.759727 656849.214938 6869026.684374 656849.436194 6869012.004765 6.000000
570000 656871.790710 6869038.826570 656871.715357 6869043.826002 656855.423535 6869043.580447 656855.498888 6869038.581015 656871.790710 6869038.826570 6.000000
575000 656865.756660 6868983.951188 656865.681307 6868988.950620 656849.230843 6868988.702673 656849.306196 6868983.703241 656865.756660 6868983.951188 6.000000
575000 656856.137140 6869008.062554 656866.136004 6869008.213260 656865.576223 6869045.352970 656855.577358 6869045.202264 656856.137140 6869008.062554 18.000000
580000 656865.756660 6868983.951188 656865.681307 6868988.950620 656849.230843 6868988.702673 656849.306196 6868983.703241 656865.756660 6868983.951188 6.000000
580000 656869.897961 6869037.680583 656869.747255 6869047.679447 656849.606167 6869047.375875 656849.756873 6869037.377010 656869.897961 6869037.680583 18.000000
585000 656869.897961 6869037.680583 656869.747255 6869047.679447 656849.606167 6869047.375875 656849.756873 6869037.377010 656869.897961 6869037.680583 18.000000
585000 656871.528555 6869013.663545 656871.377849 6869023.662409 656850.205425 6869023.343292 656850.356131 6869013.344427 656871.528555 6869013.663545 18.000000
590000 656850.272034 6868986.888059 656860.270898 6868987.038765 656859.585394 6869032.519766 656849.586530 6869032.369059 656850.272034 6868986.888059 18.000000
595000 656849.406139 6868981.194491 656854.405572 6868981.269844 656854.265488 6868990.563925 656849.266056 6868990.488572 656849.406139 6868981.194491 6.000000
595000 656866.837589 6869010.577776 656871.837021 6869010.653129 656871.475549 6869034.635617 656866.476117 6869034.560264 656866.837589 6869010.577776 6.000000
595000 656849.722688 6869010.880850 656854.722120 6869010.956203 656854.358591 6869035.075227 656849.359158 6869034.999874 656849.722688 6869010.880850 6.000000
600000 656856.113741 6869006.885375 656866.112605 6869007.036081 656865.678986 6869035.805351 656855.680121 6869035.654645 656856.113741 6869006.885375 18.000000
600000 656872.045278 6868979.501555 656871.969925 6868984.500987 656855.451759 6868984.252020 656855.527112 6868979.252587 656872.045278 6868979.501555 6.000000
605000 656849.548183 6869002.522653 656854.547615 6869002.598006 656854.253549 6869022.108331 656849.254117 6869022.032978 656849.548183 6869002.522653 6.000000
605000 656849.057120 6869034.477727 656854.056552 6869034.553081 656853.885559 6869045.897891 656848.886127 6869045.822538 656849.057120 6869034.477727 6.000000
605000 656866.858544 6869003.171215 656871.857976 6869003.246568 656871.512158 6869026.190467 656866.512726 6869026.115114 656866.858544 6869003.171215 6.000000
605000 656872.081665 6868979.709471 656872.006312 6868984.708904 656859.366726 6868984.518396 656859.442079 6868979.518963 656872.081665 6868979.709471 6.000000
605000 656869.675237 6868990.683683 656869.599884 6868995.683115 656855.585789 6868995.471890 656855.661142 6868990.472458 656869.675237 6868990.683683 6.000000
610000 656871.757968 6869039.372377 656871.682615 6869044.371809 656860.278695 6869044.199925 656860.354048 6869039.200493 656871.757968 6869039.372377 6.000000
610000 656860.056958 6868976.969256 656870.055822 6868977.119962 656869.510828 6869013.278604 656859.511963 6869013.127898 656860.056958 6868976.969256 18.000000
610000 656854.197772 6869041.497707 656854.122419 6869046.497139 656848.838992 6869046.417506 656848.914345 6869041.418074 656854.197772 6869041.497707 6.000000
615000 656853.404396 6868994.091765 656863.403260 6868994.242471 656862.715559 6869039.869233 656852.716695 6869039.718527 656853.404396 6868994.091765 18.000000
620000 656862.157055 6868982.288617 656872.155919 6868982.439324 656871.420359 6869031.241357 656861.421495 6869031.090651 656862.157055 6868982.288617 18.000000
625000 656866.595225 6869035.512887 656871.594657 6869035.588240 656871.426283 6869046.759318 656866.426851 6869046.683965 656866.595225 6869035.512887 6.000000
625000 656849.214320 6869007.374407 656854.213752 6869007.449760 656854.110047 6869014.330249 656849.110615 6869014.254896 656849.214320 6869007.374407 6.000000
630000 656871.825491 6869020.456093 656871.750138 6869025.455525 656856.510629 6869025.225831 656856.585982 6869020.226398 656871.825491 6869020.456093 6.000000
630000 656867.041580 6869002.025587 656872.041012 6869002.100940 656871.858271 6869014.225181 656866.858839 6869014.149828 656867.041580 6869002.025587 6.000000
630000 656849.356739 6868985.044795 656854.356171 6868985.120148 656854.063500 6869004.537935 656849.064068 6869004.462582 656849.356739 6868985.044795 6.000000
635000 656855.873808 6868981.327130 656865.872672 6868981.477836 656865.150167 6869029.413735 656855.151303 6869029.263029 656855.873808 6868981.327130 18.000000
640000 656855.873808 6868981.327130 656865.872672 6868981.477836 656865.150167 6869029.413735 656855.151303 6869029.263029 656855.873808 6868981.327130 18.000000
640000 656870.331558 6869035.874870 656870.180852 6869045.873735 656850.497264 6869045.577057 656850.647970 6869035.578193 656870.331558 6869035.874870 18.000000
645000 656860.802388 6868980.156398 656870.801253 6868980.307104 656870.245902 6869017.152815 656860.247038 6869017.002109 656860.802388 6868980.156398 18.000000
645000 656870.838447 6869037.380863 656870.687741 6869047.379727 656849.181676 6869047.055581 656849.332382 6869037.056717 656870.838447 6869037.380863 18.000000
650000 656870.838447 6869037.380863 656870.687741 6869047.379727 656849.181676 6869047.055581 656849.332382 6869037.056717 656870.838447 6869037.380863 18.000000
650000 656859.010128 6868986.910625 656869.008992 6868987.061331 656868.352241 6869030.634640 656858.353377 6869030.483934 656859.010128 6868986.910625 18.000000
655000 656870.838447 6869037.380863 656870.687741 6869047.379727 656849.181676 6869047.055581 656849.332382 6869037.056717 656870.838447 6869037.380863 18.000000
655000 656859.010128 6868986.910625 656869.008992 6868987.061331 656868.352241 6869030.634640 656858.353377 6869030.483934 656859.010128 6868986.910625 18.000000
660000 656870.838447 6869037.380863 656870.687741 6869047.379727 656849.181676 6869047.055581 656849.332382 6869037.056717 656870.838447 6869037.380863 18.000000
660000 656871.758861 6868988.649167 656871.608155 6868998.648032 656850.141946 6868998.324486 656850.292652 6868988.325622 656871.758861 6868988.649167 18.000000
665000 656855.149847 6868984.009266 656865.148711 6868984.159972 656864.676281 6869015.504201 656854.677416 6869015.353495 656855.149847 6868984.009266 18.000000
665000 656871.441422 6869037.890751 656871.366069 6869042.890183 656857.348785 6869042.678910 656857.424138 6869037.679478 656871.441422 6869037.890751 6.000000
670000 656855.505767 6868996.737641 656865.504632 6868996.888347 656864.810679 6869042.929916 656854.811814 6869042.779210 656855.505767 6868996.737641 18.000000
670000 656871.673667 6868979.187102 656871.522961 6868989.185966 656850.298651 6868988.866067 656850.449357 6868978.867203 656871.673667 6868979.187102 18.000000
675000 656849.670043 6868986.355602 656859.668907 6868986.506308 656859.057651 6869027.061212 656849.058787 6869026.910506 656849.670043 6868986.355602 18.000000
680000 656871.876093 6869018.748899 656871.725387 6869028.747764 656850.482589 6869028.427585 656850.633295 6869018.428721 656871.876093 6869018.748899 18.000000
680000 656856.759077 6868980.559055 656866.757942 6868980.709761 656866.290872 6869011.698353 656856.292007 6869011.547647 656856.759077 6868980.559055 18.000000
685000 656856.019749 6868997.991787 656866.018613 6868998.142493 656865.364022 6869041.572487 656855.365158 6869041.421781 656856.019749 6868997.991787 18.000000
685000 656870.620977 6868981.078942 656870.470271 6868991.077806 656850.706764 6868990.779924 656850.857470 6868980.781060 656870.620977 6868981.078942 18.000000
690000 656856.019749 6868997.991787 656866.018613 6868998.142493 656865.364022 6869041.572487 656855.365158 6869041.421781 656856.019749 6868997.991787 18.000000
690000 656870.620977 6868981.078942 656870.470271 6868991.077806 656850.706764 6868990.779924 656850.857470 6868980.781060 656870.620977 6868981.078942 18.000000
695000 656870.620977 6868981.078942 656870.470271 6868991.077806 656850.706764 6868990.779924 656850.857470 6868980.781060 656870.620977 6868981.078942 18.000000
695000 656871.602590 6869042.942884 656871.527237 6869047.942316 656856.585560 6869047.717110 656856.660913 6869042.717678 656871.602590 6869042.942884 6.000000
700000 656856.430787 6868988.648781 656866.429651 6868988.799487 656865.686125 6869038.130060 656855.687261 6869037.979354 656856.430787 6868988.648781 18.000000
705000 656859.487257 6869000.733502 656869.486122 6869000.884208 656868.842853 6869043.563025 656858.843989 6869043.412319 656859.487257 6869000.733502 18.000000
710000 656861.907946 6869041.009295 656861.832593 6869046.008727 656848.987861 6869045.815128 656849.063214 6869040.815695 656861.907946 6869041.009295 6.000000
710000 656849.902775 6868990.302989 656854.902207 6868990.378342 656854.647699 6869007.264120 656849.648267 6869007.188767 656849.902775 6868990.302989 6.000000
710000 656866.876647 6869010.571265 656871.876079 6869010.646618 656871.594702 6869029.315096 656866.595270 6869029.239743 656866.876647 6869010.571265 6.000000
715000 656859.605611 6868983.720706 656869.604476 6868983.871412 656868.898468 6869030.712791 656858.899603 6869030.562085 656859.605611 6868983.720706 18.000000
720000 656871.081671 6869025.758650 656870.930965 6869035.757514 656848.863685 6869035.424909 656849.014391 6869025.426045 656871.081671 6869025.758650 18.000000
720000 656853.092284 6868977.282026 656863.091148 6868977.432732 656862.492579 6869017.145887 656852.493714 6869016.995181 656853.092284 6868977.282026 18.000000
725000 656871.081671 6869025.758650 656870.930965 6869035.757514 656848.863685 6869035.424909 656849.014391 6869025.426045 656871.081671 6869025.758650 18.000000
725000 656853.092284 6868977.282026 656863.091148 6868977.432732 656862.492579 6869017.145887 656852.493714 6869016.995181 656853.092284 6868977.282026 18.000000
730000 656871.081671 6869025.758650 656870.930965 6869035.757514 656848.863685 6869035.424909 656849.014391 6869025.426045 656871.081671 6869025.758650 18.000000
730000 656853.092284 6868977.282026 656863.091148 6868977.432732 656862.492579 6869017.145887 656852.493714 6869016.995181 656853.092284 6868977.282026 18.000000
735000 656871.081671 6869025.758650 656870.930965 6869035.757514 656848.863685 6869035.424909 656849.014391 6869025.426045 656871.081671 6869025.758650 18.000000
735000 656853.092284 6868977.282026 656863.091148 6868977.432732 656862.492579 6869017.145887 656852.493714 6869016.995181 656853.092284 6868977.282026 18.000000
740000 656871.081671 6869025.758650 656870.930965 6869035.757514 656848.863685 6869035.424909 656849.014391 6869025.426045 656871.081671 6869025.758650 18.000000
740000 656853.092284 6868977.282026 656863.091148 6868977.432732 656862.492579 6869017.145887 656852.493714 6869016.995181 656853.092284 6868977.282026 18.000000
745000 656871.081671 6869025.758650 656870.930965 6869035.757514 656848.863685 6869035.424909 656849.014391 6869025.426045 656871.081671 6869025.758650 18.000000
745000 656853.092284 6868977.282026 656863.091148 6868977.432732 656862.492579 6869017.145887 656852.493714 6869016.995181 656853.092284 6868977.282026 18.000000
750000 656871.081671 6869025.758650 656870.930965 6869035.757514 656848.863685 6869035.424909 656849.014391 6869025.426045 656871.081671 6869025.758650 18.000000
750000 656853.092284 6868977.282026 656863.091148 6868977.432732 656862.492579 6869017.145887 656852.493714 6869016.995181 656853.092284 6868977.282026 18.000000
755000 656871.081671 6869025.758650 656870.930965 6869035.757514 656848.863685 6869035.424909 656849.014391 6869025.426045 656871.081671 6869025.758650 18.000000
755000 656853.092284 6868977.282026 656863.091148 6868977.432732 656862.492579 6869017.145887 656852.493714 6869016.995181 656853.092284 6868977.282026 18.000000
760000 656871.081671 6869025.758650 656870.930965 6869035.757514 656848.863685 6869035.424909 656849.014391 6869025.426045 656871.081671 6869025.758650 18.000000
760000 656871.398249 6869001.309805 656871.247543 6869011.308669 656849.439638 6869010.979974 656849.590344 6869000.981109 656871.398249 6869001.309805 18.000000
765000 656870.693745 6868994.744576 656870.543039 6869004.743441 656849.928172 6869004.432727 656850.078878 6868994.433862 656870.693745 6868994.744576 18.000000
765000 656871.836883 6869010.611211 656871.686177 6869020.610075 656848.994025 6869020.268052 656849.144731 6869010.269187 656871.836883 6869010.611211 18.000000
765000 656871.741590 6869038.672718 656871.666237 6869043.672150 656858.199890 6869043.469181 656858.275243 6869038.469749 656871.741590 6869038.672718 6.000000
770000 656871.836883 6869010.611211 656871.686177 6869020.610075 656848.994025 6869020.268052 656849.144731 6869010.269187 656871.836883 6869010.611211 18.000000
770000 656871.634439 6868987.860174 656871.483733 6868997.859038 656849.150321 6868997.522422 656849.301027 6868987.523558 656871.634439 6868987.860174 18.000000
770000 656862.878878 6869040.753983 656862.803525 6869045.753415 656848.815844 6869045.542588 656848.891197 6869040.543156 656862.878878 6869040.753983 6.000000
775000 656871.836883 6869010.611211 656871.686177 6869020.610075 656848.994025 6869020.268052 656849.144731 6869010.269187 656871.836883 6869010.611211 18.000000
775000 656871.634439 6868987.860174 656871.483733 6868997.859038 656849.150321 6868997.522422 656849.301027 6868987.523558 656871.634439 6868987.860174 18.000000
775000 656862.878878 6869040.753983 656862.803525 6869045.753415 656848.815844 6869045.542588 656848.891197 6869040.543156 656862.878878 6869040.753983 6.000000
780000 656871.836883 6869010.611211 656871.686177 6869020.610075 656848.994025 6869020.268052 656849.144731 6869010.269187 656871.836883 6869010.611211 18.000000
780000 656871.634439 6868987.860174 656871.483733 6868997.859038 656849.150321 6868997.522422 656849.301027 6868987.523558 656871.634439 6868987.860174 18.000000
780000 656870.356552 6869027.996576 656870.205846 6869037.995440 656848.813704 6869037.673011 656848.964410 6869027.674147 656870.356552 6869027.996576 18.000000
785000 656871.634439 6868987.860174 656871.483733 6868997.859038 656849.150321 6868997.522422 656849.301027 6868987.523558 656871.634439 6868987.860174 18.000000
785000 656870.356552 6869027.996576 656870.205846 6869037.995440 656848.813704 6869037.673011 656848.964410 6869027.674147 656870.356552 6869027.996576 18.000000
785000 656871.471953 6869004.948829 656871.321247 6869014.947693 656849.199707 6869014.614270 656849.350413 6869004.615406 656871.471953 6869004.948829 18.000000
790000 656871.634439 6868987.860174 656871.483733 6868997.859038 656849.150321 6868997.522422 656849.301027 6868987.523558 656871.634439 6868987.860174 18.000000
790000 656870.356552 6869027.996576 656870.205846 6869037.995440 656848.813704 6869037.673011 656848.964410 6869027.674147 656870.356552 6869027.996576 18.000000
790000 656871.471953 6869004.948829 656871.321247 6869014.947693 656849.199707 6869014.614270 656849.350413 6869004.615406 656871.471953 6869004.948829 18.000000
795000 656871.634439 6868987.860174 656871.483733 6868997.859038 656849.150321 6868997.522422 656849.301027 6868987.523558 656871.634439 6868987.860174 18.000000
795000 656870.356552 6869027.996576 656870.205846 6869037.995440 656848.813704 6869037.673011 656848.964410 6869027.674147 656870.356552 6869027.996576 18.000000
795000 656871.471953 6869004.948829 656871.321247 6869014.947693 656849.199707 6869014.614270 656849.350413 6869004.615406 656871.471953 6869004.948829 18.000000
800000 656871.634439 6868987.860174 656871.483733 6868997.859038 656849.150321 6868997.522422 656849.301027 6868987.523558 656871.634439 6868987.860174 18.000000
800000 656870.356552 6869027.996576 656870.205846 6869037.995440 656848.813704 6869037.673011 656848.964410 6869027.674147 656870.356552 6869027.996576 18.000000
800000 656871.471953 6869004.948829 656871.321247 6869014.947693 656849.199707 6869014.614270 656849.350413 6869004.615406 656871.471953 6869004.948829 18.000000
805000 656871.634439 6868987.860174 656871.483733 6868997.859038 656849.150321 6868997.522422 656849.301027 6868987.523558 656871.634439 6868987.860174 18.000000
805000 656870.356552 6869027.996576 656870.205846 6869037.995440 656848.813704 6869037.673011 656848.964410 6869027.674147 656870.356552 6869027.996576 18.000000
805000 656871.471953 6869004.948829 656871.321247 6869014.947693 656849.199707 6869014.614270 656849.350413 6869004.615406 656871.471953 6869004.948829 18.000000
810000 656871.634439 6868987.860174 656871.483733 6868997.859038 656849.150321 6868997.522422 656849.301027 6868987.523558 656871.634439 6868987.860174 18.000000
810000 656870.356552 6869027.996576 656870.205846 6869037.995440 656848.813704 6869037.673011 656848.964410 6869027.674147 656870.356552 6869027.996576 18.000000
810000 656871.471953 6869004.948829 656871.321247 6869014.947693 656849.199707 6869014.614270 656849.350413 6869004.615406 656871.471953 6869004.948829 18.000000
815000 656871.634439 6868987.860174 656871.483733 6868997.859038 656849.150321 6868997.522422 656849.301027 6868987.523558 656871.634439 6868987.860174 18.000000
815000 656870.356552 6869027.996576 656870.205846 6869037.995440 656848.813704 6869037.673011 656848.964410 6869027.674147 656870.356552 6869027.996576 18.000000
815000 656871.471953 6869004.948829 656871.321247 6869014.947693 656849.199707 6869014.614270 656849.350413 6869004.615406 656871.471953 6869004.948829 18.000000
820000 656871.634439 6868987.860174 656871.483733 6868997.859038 656849.150321 6868997.522422 656849.301027 6868987.523558 656871.634439 6868987.860174 18.000000
820000 656870.356552 6869027.996576 656870.205846 6869037.995440 656848.813704 6869037.673011 656848.964410 6869027.674147 656870.356552 6869027.996576 18.000000
820000 656871.471953 6869004.948829 656871.321247 6869014.947693 656849.199707 6869014.614270 656849.350413 6869004.615406 656871.471953 6869004.948829 18.000000
825000 656871.634439 6868987.860174 656871.483733 6868997.859038 656849.150321 6868997.522422 656849.301027 6868987.523558 656871.634439 6868987.860174 18.000000
825000 656870.356552 6869027.996576 656870.205846 6869037.995440 656848.813704 6869037.673011 656848.964410 6869027.674147 656870.356552 6869027.996576 18.000000
825000 656871.471953 6869004.948829 656871.321247 6869014.947693 656849.199707 6869014.614270 656849.350413 6869004.615406 656871.471953 6869004.948829 18.000000
830000 656871.634439 6868987.860174 656871.483733 6868997.859038 656849.150321 6868997.522422 656849.301027 6868987.523558 656871.634439 6868987.860174 18.000000
830000 656870.356552 6869027.996576 656870.205846 6869037.995440 656848.813704 6869037.673011 656848.964410 6869027.674147 656870.356552 6869027.996576 18.000000
830000 656871.471953 6869004.948829 656871.321247 6869014.947693 656849.199707 6869014.614270 656849.350413 6869004.615406 656871.471953 6869004.948829 18.000000
835000 656871.634439 6868987.860174 656871.483733 6868997.859038 656849.150321 6868997.522422 656849.301027 6868987.523558 656871.634439 6868987.860174 18.000000
835000 656870.356552 6869027.996576 656870.205846 6869037.995440 656848.813704 6869037.673011 656848.964410 6869027.674147 656870.356552 6869027.996576 18.000000
835000 656871.471953 6869004.948829 656871.321247 6869014.947693 656849.199707 6869014.614270 656849.350413 6869004.615406 656871.471953 6869004.948829 18.000000
840000 656871.634439 6868987.860174 656871.483733 6868997.859038 656849.150321 6868997.522422 656849.301027 6868987.523558 656871.634439 6868987.860174 18.000000
840000 656870.356552 6869027.996576 656870.205846 6869037.995440 656848.813704 6869037.673011 656848.964410 6869027.674147 656870.356552 6869027.996576 18.000000
840000 656871.471953 6869004.948829 656871.321247 6869014.947693 656849.199707 6869014.614270 656849.350413 6869004.615406 656871.471953 6869004.948829 18.000000
845000 656871.634439 6868987.860174 656871.483733 6868997.859038 656849.150321 6868997.522422 656849.301027 6868987.523558 656871.634439 6868987.860174 18.000000
845000 656871.471953 6869004.948829 656871.321247 6869014.947693 656849.199707 6869014.614270 656849.350413 6869004.615406 656871.471953 6869004.948829 18.000000
845000 656871.331784 6869023.445097 656871.181078 6869033.443961 656849.718483 6869033.120470 656849.869189 6869023.121606 656871.331784 6869023.445097 18.000000
850000 656871.634439 6868987.860174 656871.483733 6868997.859038 656849.150321 6868997.522422 656849.301027 6868987.523558 656871.634439 6868987.860174 18.000000
850000 656871.471953 6869004.948829 656871.321247 6869014.947693 656849.199707 6869014.614270 656849.350413 6869004.615406 656871.471953 6869004.948829 18.000000
850000 656871.331784 6869023.445097 656871.181078 6869033.443961 656849.718483 6869033.120470 656849.869189 6869023.121606 656871.331784 6869023.445097 18.000000
855000 656871.634439 6868987.860174 656871.483733 6868997.859038 656849.150321 6868997.522422 656849.301027 6868987.523558 656871.634439 6868987.860174 18.000000
855000 656871.471953 6869004.948829 656871.321247 6869014.947693 656849.199707 6869014.614270 656849.350413 6869004.615406 656871.471953 6869004.948829 18.000000
855000 656871.331784 6869023.445097 656871.181078 6869033.443961 656849.718483 6869033.120470 656849.869189 6869023.121606 656871.331784 6869023.445097 18.000000
860000 656871.634439 6868987.860174 656871.483733 6868997.859038 656849.150321 6868997.522422 656849.301027 6868987.523558 656871.634439 6868987.860174 18.000000
860000 656871.471953 6869004.948829 656871.321247 6869014.947693 656849.199707 6869014.614270 656849.350413 6869004.615406 656871.471953 6869004.948829 18.000000
860000 656871.331784 6869023.445097 656871.181078 6869033.443961 656849.718483 6869033.120470 656849.869189 6869023.121606 656871.331784 6869023.445097 18.000000
865000 656871.634439 6868987.860174 656871.483733 6868997.859038 656849.150321 6868997.522422 656849.301027 6868987.523558 656871.634439 6868987.860174 18.000000
865000 656871.471953 6869004.948829 656871.321247 6869014.947693 656849.199707 6869014.614270 656849.350413 6869004.615406 656871.471953 6869004.948829 18.000000
865000 656871.331784 6869023.445097 656871.181078 6869033.443961 656849.718483 6869033.120470 656849.869189 6869023.121606 656871.331784 6869023.445097 18.000000
870000 656871.634439 6868987.860174 656871.483733 6868997.859038 656849.150321 6868997.522422 656849.301027 6868987.523558 656871.634439 6868987.860174 18.000000
870000 656871.471953 6869004.948829 656871.321247 6869014.947693 656849.199707 6869014.614270 656849.350413 6869004.615406 656871.471953 6869004.948829 18.000000
870000 656871.331784 6869023.445097 656871.181078 6869033.443961 656849.718483 6869033.120470 656849.869189 6869023.121606 656871.331784 6869023.445097 18.000000
875000 656871.634439 6868987.860174 656871.483733 6868997.859038 656849.150321 6868997.522422 656849.301027 6868987.523558 656871.634439 6868987.860174 18.000000
875000 656871.471953 6869004.948829 656871.321247 6869014.947693 656849.199707 6869014.614270 656849.350413 6869004.615406 656871.471953 6869004.948829 18.000000
875000 656871.331784 6869023.445097 656871.181078 6869033.443961 656849.718483 6869033.120470 656849.869189 6869023.121606 656871.331784 6869023.445097 18.000000
880000 656871.634439 6868987.860174 656871.483733 6868997.859038 656849.150321 6868997.522422 656849.301027 6868987.523558 656871.634439 6868987.860174 18.000000
880000 656871.471953 6869004.948829 656871.321247 6869014.947693 656849.199707 6869014.614270 656849.350413 6869004.615406 656871.471953 6869004.948829 18.000000
880000 656871.331784 6869023.445097 656871.181078 6869033.443961 656849.718483 6869033.120470 656849.869189 6869023.121606 656871.331784 6869023.445097 18.000000
885000 656871.634439 6868987.860174 656871.483733 6868997.859038 656849.150321 6868997.522422 656849.301027 6868987.523558 656871.634439 6868987.860174 18.000000
885000 656871.471953 6869004.948829 656871.321247 6869014.947693 656849.199707 6869014.614270 656849.350413 6869004.615406 656871.471953 6869004.948829 18.000000
885000 656871.331784 6869023.445097 656871.181078 6869033.443961 656849.718483 6869033.120470 656849.869189 6869023.121606 656871.331784 6869023.445097 18.000000
890000 656871.634439 6868987.860174 656871.483733 6868997.859038 656849.150321 6868997.522422 656849.301027 6868987.523558 656871.634439 6868987.860174 18.000000
890000 656871.471953 6869004.948829 656871.321247 6869014.947693 656849.199707 6869014.614270 656849.350413 6869004.615406 656871.471953 6869004.948829 18.000000
890000 656871.331784 6869023.445097 656871.181078 6869033.443961 656849.718483 6869033.120470 656849.869189 6869023.121606 656871.331784 6869023.445097 18.000000
895000 656871.634439 6868987.860174 656871.483733 6868997.859038 656849.150321 6868997.522422 656849.301027 6868987.523558 656871.634439 6868987.860174 18.000000
895000 656871.471953 6869004.948829 656871.321247 6869014.947693 656849.199707 6869014.614270 656849.350413 6869004.615406 656871.471953 6869004.948829 18.000000
895000 656871.331784 6869023.445097 656871.181078 6869033.443961 656849.718483 6869033.120470 656849.869189 6869023.121606 656871.331784 6869023.445097 18.000000
900000 656871.634439 6868987.860174 656871.483733 6868997.859038 656849.150321 6868997.522422 656849.301027 6868987.523558 656871.634439 6868987.860174 18.000000
900000 656871.471953 6869004.948829 656871.321247 6869014.947693 656849.199707 6869014.614270 656849.350413 6869004.615406 656871.471953 6869004.948829 18.000000
900000 656871.331784 6869023.445097 656871.181078 6869033.443961 656849.718483 6869033.120470 656849.869189 6869023.121606 656871.331784 6869023.445097 18.000000
905000 656871.634439 6868987.860174 656871.483733 6868997.859038 656849.150321 6868997.522422 656849.301027 6868987.523558 656871.634439 6868987.860174 18.000000
905000 656871.471953 6869004.948829 656871.321247 6869014.947693 656849.199707 6869014.614270 656849.350413 6869004.615406 656871.471953 6869004.948829 18.000000
905000 656871.331784 6869023.445097 656871.181078 6869033.443961 656849.718483 6869033.120470 656849.869189 6869023.121606 656871.331784 6869023.445097 18.000000
910000 656871.634439 6868987.860174 656871.483733 6868997.859038 656849.150321 6868997.522422 656849.301027 6868987.523558 656871.634439 6868987.860174 18.000000
910000 656871.471953 6869004.948829 656871.321247 6869014.947693 656849.199707 6869014.614270 656849.350413 6869004.615406 656871.471953 6869004.948829 18.000000
910000 656871.331784 6869023.445097 656871.181078 6869033.443961 656849.718483 6869033.120470 656849.869189 6869023.121606 656871.331784 6869023.445097 18.000000
915000 656871.634439 6868987.860174 656871.483733 6868997.859038 656849.150321 6868997.522422 656849.301027 6868987.523558 656871.634439 6868987.860174 18.000000
915000 656871.471953 6869004.948829 656871.321247 6869014.947693 656849.199707 6869014.614270 656849.350413 6869004.615406 656871.471953 6869004.948829 18.000000
915000 656871.331784 6869023.445097 656871.181078 6869033.443961 656849.718483 6869033.120470 656849.869189 6869023.121606 656871.331784 6869023.445097 18.000000
920000 656871.634439 6868987.860174 656871.483733 6868997.859038 656849.150321 6868997.522422 656849.301027 6868987.523558 656871.634439 6868987.860174 18.000000
920000 656871.471953 6869004.948829 656871.321247 6869014.947693 656849.199707 6869014.614270 656849.350413 6869004.615406 656871.471953 6869004.948829 18.000000
920000 656871.331784 6869023.445097 656871.181078 6869033.443961 656849.718483 6869033.120470 656849.869189 6869023.121606 656871.331784 6869023.445097 18.000000
925000 656871.634439 6868987.860174 656871.483733 6868997.859038 656849.150321 6868997.522422 656849.301027 6868987.523558 656871.634439 6868987.860174 18.000000
925000 656871.471953 6869004.948829 656871.321247 6869014.947693 656849.199707 6869014.614270 656849.350413 6869004.615406 656871.471953 6869004.948829 18.000000
925000 656871.331784 6869023.445097 656871.181078 6869033.443961 656849.718483 6869033.120470 656849.869189 6869023.121606 656871.331784 6869023.445097 18.000000
930000 656871.634439 6868987.860174 656871.483733 6868997.859038 656849.150321 6868997.522422 656849.301027 6868987.523558 656871.634439 6868987.860174 18.000000
930000 656871.471953 6869004.948829 656871.321247 6869014.947693 656849.199707 6869014.614270 656849.350413 6869004.615406 656871.471953 6869004.948829 18.000000
930000 656871.275312 6869037.053485 656871.124606 6869047.052349 656850.230489 6869046.737426 656850.381195 6869036.738562 656871.275312 6869037.053485 18.000000
935000 656871.634439 6868987.860174 656871.483733 6868997.859038 656849.150321 6868997.522422 656849.301027 6868987.523558 656871.634439 6868987.860174 18.000000
935000 656871.471953 6869004.948829 656871.321247 6869014.947693 656849.199707 6869014.614270 656849.350413 6869004.615406 656871.471953 6869004.948829 18.000000
935000 656871.275312 6869037.053485 656871.124606 6869047.052349 656850.230489 6869046.737426 656850.381195 6869036.738562 656871.275312 6869037.053485 18.000000
940000 656871.634439 6868987.860174 656871.483733 6868997.859038 656849.150321 6868997.522422 656849.301027 6868987.523558 656871.634439 6868987.860174 18.000000
940000 656871.471953 6869004.948829 656871.321247 6869014.947693 656849.199707 6869014.614270 656849.350413 6869004.615406 656871.471953 6869004.948829 18.000000
940000 656871.706273 6869029.048209 656871.555567 6869039.047074 656849.034854 6869038.707634 656849.185560 6869028.708770 656871.706273 6869029.048209 18.000000
945000 656871.634439 6868987.860174 656871.483733 6868997.859038 656849.150321 6868997.522422 656849.301027 6868987.523558 656871.634439 6868987.860174 18.000000
945000 656871.471953 6869004.948829 656871.321247 6869014.947693 656849.199707 6869014.614270 656849.350413 6869004.615406 656871.471953 6869004.948829 18.000000
945000 656871.532628 6869021.196870 656871.381922 6869031.195735 656849.401216 6869030.864435 656849.551922 6869020.865570 656871.532628 6869021.196870 18.000000
950000 656871.634439 6868987.860174 656871.483733 6868997.859038 656849.150321 6868997.522422 656849.301027 6868987.523558 656871.634439 6868987.860174 18.000000
950000 656871.471953 6869004.948829 656871.321247 6869014.947693 656849.199707 6869014.614270 656849.350413 6869004.615406 656871.471953 6869004.948829 18.000000
950000 656871.532628 6869021.196870 656871.381922 6869031.195735 656849.401216 6869030.864435 656849.551922 6869020.865570 656871.532628 6869021.196870 18.000000
955000 656871.634439 6868987.860174 656871.483733 6868997.859038 656849.150321 6868997.522422 656849.301027 6868987.523558 656871.634439 6868987.860174 18.000000
955000 656871.471953 6869004.948829 656871.321247 6869014.947693 656849.199707 6869014.614270 656849.350413 6869004.615406 656871.471953 6869004.948829 18.000000
955000 656871.532628 6869021.196870 656871.381922 6869031.195735 656849.401216 6869030.864435 656849.551922 6869020.865570 656871.532628 6869021.196870 18.000000
960000 656871.634439 6868987.860174 656871.483733 6868997.859038 656849.150321 6868997.522422 656849.301027 6868987.523558 656871.634439 6868987.860174 18.000000
960000 656871.471953 6869004.948829 656871.321247 6869014.947693 656849.199707 6869014.614270 656849.350413 6869004.615406 656871.471953 6869004.948829 18.000000
960000 656871.532628 6869021.196870 656871.381922 6869031.195735 656849.401216 6869030.864435 656849.551922 6869020.865570 656871.532628 6869021.196870 18.000000
965000 656871.634439 6868987.860174 656871.483733 6868997.859038 656849.150321 6868997.522422 656849.301027 6868987.523558 656871.634439 6868987.860174 18.000000
965000 656871.471953 6869004.948829 656871.321247 6869014.947693 656849.199707 6869014.614270 656849.350413 6869004.615406 656871.471953 6869004.948829 18.000000
965000 656871.532628 6869021.196870 656871.381922 6869031.195735 656849.401216 6869030.864435 656849.551922 6869020.865570 656871.532628 6869021.196870 18.000000
970000 656871.634439 6868987.860174 656871.483733 6868997.859038 656849.150321 6868997.522422 656849.301027 6868987.523558 656871.634439 6868987.860174 18.000000
970000 656871.471953 6869004.948829 656871.321247 6869014.947693 656849.199707 6869014.614270 656849.350413 6869004.615406 656871.471953 6869004.948829 18.000000
970000 656871.532628 6869021.196870 656871.381922 6869031.195735 656849.401216 6869030.864435 656849.551922 6869020.865570 656871.532628 6869021.196870 18.000000
972027 656871.634439 6868987.860174 656871.483733 6868997.859038 656849.150321 6868997.522422 656849.301027 6868987.523558 656871.634439 6868987.860174 18.000000
972027 656871.471953 6869004.948829 656871.321247 6869014.947693 656849.199707 6869014.614270 656849.350413 6869004.615406 656871.471953 6869004.948829 18.000000
972027 656871.532628 6869021.196870 656871.381922 6869031.195735 656849.401216 6869030.864435 656849.551922 6869020.865570 656871.532628 6869021.196870 18.000000
972027 656871.582453 6869037.446950 656871.431747 6869047.445814 656850.155371 6869047.125130 656850.306077 6869037.126266 656871.582453 6869037.446950 18.000000
