5000 656866.914009 6868989.634018 656871.913441 6868989.709371 656871.700124 6869003.862279 656866.700691 6869003.786926 656866.914009 6868989.634018 6.000000
5000 656866.008835 6869020.162367 656871.008267 6869020.237720 656870.759189 6869036.763216 656865.759757 6869036.687863 656866.008835 6869020.162367 6.000000
10000 656850.087267 6868981.841215 656860.086131 6868981.991921 656859.391966 6869028.047534 656849.393102 6869027.896828 656850.087267 6868981.841215 18.000000
15000 656866.918923 6869016.060350 656871.918355 6869016.135703 656871.596958 6869037.459386 656866.597526 6869037.384033 656866.918923 6869016.060350 6.000000
15000 656855.881050 6868990.513240 656865.879915 6868990.663946 656865.231842 6869033.661509 656855.232978 6869033.510803 656855.881050 6868990.513240 18.000000
20000 656866.016191 6868978.701687 656871.015623 6868978.777040 656870.877985 6868987.908906 656865.878552 6868987.833553 656866.016191 6868978.701687 6.000000
25000 656851.670356 6869005.313555 656861.669220 6869005.464261 656861.268481 6869032.052009 656851.269617 6869031.901303 656851.670356 6869005.313555 18.000000
30000 656864.647866 6869012.755636 656869.647298 6869012.830989 656869.403188 6869029.026856 656864.403756 6869028.951503 656864.647866 6869012.755636 6.000000
35000 656863.815810 6869025.184215 656863.740457 6869030.183647 656848.876695 6869029.959616 656848.952048 6869024.960183 656863.815810 6869025.184215 6.000000
40000 656861.566480 6869003.005000 656871.565344 6869003.155706 656871.186136 6869028.314968 656861.187272 6869028.164262 656861.566480 6869003.005000 18.000000
45000 656850.239167 6868984.919661 656860.238031 6868985.070367 656859.806358 6869013.710458 656849.807494 6869013.559752 656850.239167 6868984.919661 18.000000
50000 656860.456351 6869013.679116 656865.455784 6869013.754469 656865.351079 6869020.701283 656860.351647 6869020.625930 656860.456351 6869013.679116 6.000000
55000 656855.892585 6868987.661283 656865.891450 6868987.811989 656865.235737 6869031.316432 656855.236873 6869031.165726 656855.892585 6868987.661283 18.000000
55000 656871.166257 6869041.748658 656871.090904 6869046.748090 656864.856925 6869046.654129 656864.932278 6869041.654697 656871.166257 6869041.748658 6.000000
60000 656861.050702 6869005.086345 656871.049566 6869005.237051 656870.654511 6869031.447715 656860.655646 6869031.297009 656861.050702 6869005.086345 18.000000
65000 656863.097675 6869040.643548 656863.022322 6869045.642981 656848.901148 6869045.430142 656848.976501 6869040.430710 656863.097675 6869040.643548 6.000000
65000 656851.086614 6868992.371539 656861.085479 6868992.522245 656860.841860 6869008.685548 656850.842996 6869008.534842 656851.086614 6868992.371539 18.000000
70000 656855.556071 6868992.199242 656865.554935 6868992.349948 656865.112699 6869021.690909 656855.113835 6869021.540203 656855.556071 6868992.199242 18.000000
75000 656866.653142 6869018.386362 656871.652574 6869018.461715 656871.492109 6869029.108027 656866.492677 6869029.032674 656866.653142 6869018.386362 6.000000
75000 656851.293210 6868981.363362 656861.292074 6868981.514068 656860.655343 6869023.759111 656850.656479 6869023.608405 656851.293210 6868981.363362 18.000000
80000 656859.667597 6868980.815676 656869.666462 6868980.966382 656869.172602 6869013.732423 656859.173737 6869013.581717 656859.667597 6868980.815676 18.000000
85000 656856.440188 6869006.888288 656866.439052 6869007.038994 656865.892995 6869043.268091 656855.894131 6869043.117385 656856.440188 6869006.888288 18.000000
90000 656855.700071 6868999.269061 656865.698936 6868999.419767 656864.972008 6869047.649103 656854.973143 6869047.498397 656855.700071 6868999.269061 18.000000
95000 656871.774950 6869013.282169 656871.699597 6869018.281601 656863.485141 6869018.157790 656863.560494 6869013.158358 656871.774950 6869013.282169 6.000000
95000 656866.986858 6868992.293662 656871.986290 6868992.369015 656871.850358 6869001.387672 656866.850925 6869001.312319 656866.986858 6868992.293662 6.000000
100000 656854.924791 6868988.557945 656864.923655 6868988.708651 656864.397429 6869023.622070 656854.398565 6869023.471364 656854.924791 6868988.557945 18.000000
105000 656866.677425 6868981.263571 656871.676857 6868981.338924 656871.372857 6869001.508370 656866.373424 6869001.433017 656866.677425 6868981.263571 6.000000
105000 656851.079022 6868995.237077 656861.077887 6868995.387783 656860.424609 6869038.730679 656850.425744 6869038.579973 656851.079022 6868995.237077 18.000000
110000 656850.067303 6869002.542380 656860.066167 6869002.693086 656859.405031 6869046.557364 656849.406167 6869046.406658 656850.067303 6869002.542380 18.000000
115000 656871.717760 6869035.638956 656871.642407 6869040.638389 656857.988078 6869040.432586 656858.063431 6869035.433154 656871.717760 6869035.638956 6.000000
115000 656856.677616 6868981.443767 656866.676480 6868981.594473 656866.149273 6869016.573019 656856.150408 6869016.422313 656856.677616 6868981.443767 18.000000
120000 656860.924447 6868986.920629 656870.923311 6868987.071335 656870.182875 6869036.196886 656860.184011 6869036.046180 656860.924447 6868986.920629 18.000000
120000 656860.317046 6868987.169689 656870.315910 6868987.320395 656869.806868 6869021.093708 656859.808004 6869020.943002 656860.317046 6868987.169689 18.000000
125000 656853.116852 6869014.461950 656863.115716 6869014.612656 656862.669673 6869044.206192 656852.670809 6869044.055486 656853.116852 6869014.461950 18.000000
130000 656861.918779 6868986.345048 656871.917643 6868986.495754 656871.576203 6869009.149256 656861.577338 6869008.998550 656861.918779 6868986.345048 18.000000
135000 656853.697711 6868995.862314 656863.696575 6868996.013020 656863.216280 6869027.879105 656853.217415 6869027.728399 656853.697711 6868995.862314 18.000000
140000 656854.836172 6869010.506850 656864.835036 6869010.657556 656864.280171 6869047.471074 656854.281307 6869047.320368 656854.836172 6869010.506850 18.000000
145000 656850.642398 6869000.443948 656860.641263 6869000.594655 656860.155236 6869032.840955 656850.156372 6869032.690249 656850.642398 6869000.443948 18.000000
150000 656849.509247 6869002.996363 656854.508680 6869003.071716 656854.318915 6869015.661955 656849.319483 6869015.586602 656849.509247 6869002.996363 6.000000
150000 656850.261563 6869014.774857 656855.260995 6869014.850210 656855.080944 6869026.796027 656850.081512 6869026.720674 656850.261563 6869014.774857 6.000000
150000 656849.420049 6868990.761715 656854.419481 6868990.837068 656854.205294 6869005.047724 656849.205862 6869004.972371 656849.420049 6868990.761715 6.000000
155000 656860.018087 6869002.016806 656870.016952 6869002.167512 656869.390505 6869043.730251 656859.391641 6869043.579545 656860.018087 6869002.016806 18.000000
160000 656870.671105 6869026.581720 656870.520399 6869036.580584 656851.877559 6869036.299593 656852.028265 6869026.300729 656870.671105 6869026.581720 18.000000
165000 656852.521305 6868986.526621 656862.520169 6868986.677327 656862.106981 6869014.091032 656852.108117 6869013.940326 656852.521305 6868986.526621 18.000000
170000 656871.479656 6868989.895045 656871.404303 6868994.894477 656857.697604 6868994.687885 656857.772957 6868989.688453 656871.479656 6868989.895045 6.000000
175000 656860.172403 6868978.159534 656870.171267 6868978.310240 656869.544157 6869019.916999 656859.545292 6869019.766293 656860.172403 6868978.159534 18.000000
180000 656858.162302 6868981.203442 656868.161166 6868981.354148 656867.599912 6869018.591526 656857.601048 6869018.440820 656858.162302 6868981.203442 18.000000
180000 656871.126377 6869029.337040 656870.975671 6869039.335905 656849.463211 6869039.011662 656849.613917 6869029.012798 656871.126377 6869029.337040 18.000000
185000 656858.162302 6868981.203442 656868.161166 6868981.354148 656867.599912 6869018.591526 656857.601048 6869018.440820 656858.162302 6868981.203442 18.000000
185000 656871.126377 6869029.337040 656870.975671 6869039.335905 656849.463211 6869039.011662 656849.613917 6869029.012798 656871.126377 6869029.337040 18.000000
190000 656861.669950 6869000.675531 656871.668814 6869000.826237 656870.997939 6869045.336648 656860.999075 6869045.185942 656861.669950 6869000.675531 18.000000
195000 656850.690416 6868988.966101 656860.689281 6868989.116807 656860.275457 6869016.572663 656850.276593 6869016.421957 656850.690416 6868988.966101 18.000000
200000 656871.298435 6869037.241266 656871.147729 6869047.240131 656848.846984 6869046.904007 656848.997690 6869036.905142 656871.298435 6869037.241266 18.000000
200000 656853.016338 6868984.803039 656863.015202 6868984.953745 656862.414166 6869024.830588 656852.415301 6869024.679882 656853.016338 6868984.803039 18.000000
205000 656861.540685 6868978.626698 656871.539549 6868978.777404 656870.971288 6869016.479719 656860.972423 6869016.329013 656861.540685 6868978.626698 18.000000
205000 656869.737113 6869034.651519 656869.586407 6869044.650383 656850.225817 6869044.358574 656850.376523 6869034.359710 656869.737113 6869034.651519 18.000000
210000 656853.240820 6869008.235947 656863.239684 6869008.386653 656862.649104 6869047.569725 656852.650240 6869047.419019 656853.240820 6869008.235947 18.000000
215000 656850.043686 6869003.725900 656860.042550 6869003.876606 656859.409891 6869045.851528 656849.411027 6869045.700822 656850.043686 6869003.725900 18.000000
215000 656871.183937 6868985.281648 656871.033231 6868995.280512 656850.852357 6868994.976339 656851.003063 6868984.977475 656871.183937 6868985.281648 18.000000
215000 656861.844068 6869022.949632 656871.842932 6869023.100338 656871.548018 6869042.666957 656861.549154 6869042.516251 656861.844068 6869022.949632 18.000000
220000 656870.233422 6869036.045756 656870.082716 6869046.044620 656849.239384 6869045.730463 656849.390090 6869035.731598 656870.233422 6869036.045756 18.000000
220000 656854.390178 6868985.125673 656864.389043 6868985.276379 656863.761459 6869026.914534 656853.762595 6869026.763828 656854.390178 6868985.125673 18.000000
225000 656861.563353 6869006.499330 656871.562217 6869006.650036 656871.035700 6869041.582777 656861.036835 6869041.432070 656861.563353 6869006.499330 18.000000
230000 656866.929268 6869005.050880 656871.928700 6869005.126233 656871.808387 6869013.108611 656866.808955 6869013.033258 656866.929268 6869005.050880 6.000000
235000 656859.231426 6868984.454332 656869.230290 6868984.605038 656868.766262 6869015.391805 656858.767398 6869015.241099 656859.231426 6868984.454332 18.000000
240000 656871.849282 6869033.078379 656871.773929 6869038.077812 656848.877305 6869037.732706 656848.952658 6869032.733274 656871.849282 6869033.078379 6.000000
240000 656851.936130 6868992.729627 656861.934994 6868992.880333 656861.749422 6869005.192402 656851.750558 6869005.041696 656851.936130 6868992.729627 18.000000
245000 656861.352999 6868982.475531 656871.351863 6868982.626237 656870.656272 6869028.776480 656860.657408 6869028.625774 656861.352999 6868982.475531 18.000000
245000 656849.158672 6869001.021480 656854.158104 6869001.096833 656854.031795 6869009.477060 656849.032363 6869009.401707 656849.158672 6869001.021480 6.000000
250000 656850.624595 6869007.471184 656860.623459 6869007.621890 656860.014879 6869047.999260 656850.016014 6869047.848554 656850.624595 6869007.471184 18.000000
255000 656871.623398 6869019.159269 656871.548045 6869024.158701 656861.563540 6869024.008212 656861.638893 6869019.008779 656871.623398 6869019.159269 6.000000
255000 656871.156919 6868989.662911 656871.006213 6868999.661776 656849.344828 6868999.335288 656849.495534 6868989.336424 656871.156919 6868989.662911 18.000000
255000 656849.650334 6869021.391239 656854.649766 6869021.466592 656854.292041 6869045.200503 656849.292609 6869045.125150 656849.650334 6869021.391239 6.000000
260000 656850.806671 6869006.913149 656860.805535 6869007.063856 656860.344690 6869037.639466 656850.345826 6869037.488760 656850.806671 6869006.913149 18.000000
265000 656852.724470 6868984.228212 656862.723334 6868984.378918 656862.062493 6869028.223619 656852.063628 6869028.072913 656852.724470 6868984.228212 18.000000
270000 656861.960752 6868998.994071 656871.959616 6868999.144777 656871.517148 6869028.501148 656861.518283 6869028.350441 656861.960752 6868998.994071 18.000000
270000 656869.782155 6869035.171512 656869.631449 6869045.170376 656849.318625 6869044.864215 656849.469332 6869034.865350 656869.782155 6869035.171512 18.000000
275000 656870.817673 6869037.374850 656870.666967 6869047.373714 656848.882687 6869047.045375 656849.033393 6869037.046511 656870.817673 6869037.374850 18.000000
275000 656850.427087 6868983.167702 656860.425951 6868983.318408 656859.864209 6869020.588200 656849.865344 6869020.437494 656850.427087 6868983.167702 18.000000
280000 656853.808874 6869000.238664 656863.807738 6869000.389370 656863.061228 6869049.917951 656853.062364 6869049.767245 656853.808874 6869000.238664 18.000000
285000 656853.606677 6868998.651555 656863.605541 6868998.802261 656862.936090 6869043.218176 656852.937226 6869043.067470 656853.606677 6868998.651555 18.000000
290000 656865.583694 6869005.842299 656870.583126 6869005.917652 656870.351326 6869021.296802 656865.351894 6869021.221449 656865.583694 6869005.842299 6.000000
290000 656849.135849 6869026.871409 656854.135281 6869026.946762 656854.018576 6869034.689743 656849.019144 6869034.614390 656849.135849 6869026.871409 6.000000
295000 656860.241170 6868986.882486 656870.240035 6868987.033192 656869.511718 6869035.354696 656859.512853 6869035.203990 656860.241170 6868986.882486 18.000000
300000 656866.893435 6869005.840749 656871.892868 6869005.916102 656871.622395 6869023.861066 656866.622963 6869023.785713 656866.893435 6869005.840749 6.000000
300000 656848.954018 6869028.641064 656853.953450 6869028.716417 656853.802817 6869038.710424 656848.803385 6869038.635071 656848.954018 6869028.641064 6.000000
305000 656860.371569 6868990.644053 656870.370433 6868990.794759 656869.834396 6869026.359085 656859.835532 6869026.208379 656860.371569 6868990.644053 18.000000
310000 656850.126584 6868983.380247 656860.125448 6868983.530953 656859.597251 6869018.575097 656849.598387 6869018.424391 656850.126584 6868983.380247 18.000000
310000 656868.072797 6869043.185062 656867.997444 6869048.184495 656850.856006 6869047.926133 656850.931359 6869042.926701 656868.072797 6869043.185062 6.000000
315000 656854.576138 6868998.135555 656864.575003 6868998.286261 656863.933148 6869040.871265 656853.934284 6869040.720559 656854.576138 6868998.135555 18.000000
320000 656871.241194 6869030.780110 656871.090487 6869040.778975 656850.900176 6869040.474660 656851.050882 6869030.475795 656871.241194 6869030.780110 18.000000
320000 656861.255357 6868984.447397 656871.254222 6868984.598103 656870.835386 6869012.386520 656860.836521 6869012.235814 656861.255357 6868984.447397 18.000000
325000 656850.595430 6868983.147722 656860.594295 6868983.298428 656859.974514 6869024.418886 656849.975650 6869024.268180 656850.595430 6868983.147722 18.000000
330000 656870.097226 6869032.190575 656869.946520 6869042.189440 656849.004687 6869041.873798 656849.155393 6869031.874933 656870.097226 6869032.190575 18.000000
330000 656851.412709 6868981.805665 656861.411573 6868981.956371 656860.883576 6869016.987280 656850.884712 6869016.836574 656851.412709 6868981.805665 18.000000
335000 656866.803543 6869004.924672 656871.802975 6869005.000025 656871.466557 6869027.320239 656866.467125 6869027.244886 656866.803543 6869004.924672 6.000000
335000 656849.479248 6868994.932159 656854.478680 6868995.007512 656854.273516 6869008.619486 656849.274084 6869008.544133 656849.479248 6868994.932159 6.000000
340000 656857.340022 6868986.078884 656867.338887 6868986.229590 656866.701196 6869028.538318 656856.702332 6869028.387612 656857.340022 6868986.078884 18.000000
345000 656861.123185 6868987.538382 656871.122050 6868987.689088 656870.481042 6869030.217904 656860.482177 6869030.067198 656861.123185 6868987.538382 18.000000
350000 656852.435166 6868982.792523 656862.434030 6868982.943229 656861.732546 6869029.484465 656851.733681 6869029.333759 656852.435166 6868982.792523 18.000000
355000 656870.395358 6869009.297536 656870.244652 6869019.296400 656849.263549 6869018.980166 656849.414255 6869008.981302 656870.395358 6869009.297536 18.000000
355000 656870.406917 6869031.312117 656870.256211 6869041.310981 656851.513205 6869041.028481 656851.663911 6869031.029616 656870.406917 6869031.312117 18.000000
360000 656850.460259 6868996.207648 656860.459123 6868996.358354 656859.842974 6869037.237906 656849.844110 6869037.087200 656850.460259 6868996.207648 18.000000
365000 656864.537256 6868978.461968 656864.461903 6868983.461400 656849.514479 6868983.236108 656849.589832 6868978.236676 656864.537256 6868978.461968 6.000000
365000 656849.502899 6868992.110033 656854.502332 6868992.185386 656854.315021 6869004.612815 656849.315589 6869004.537462 656849.502899 6868992.110033 6.000000
365000 656871.796543 6869025.596852 656871.721190 6869030.596284 656860.650882 6869030.429429 656860.726235 6869025.429997 656871.796543 6869025.596852 6.000000
365000 656869.305817 6869009.631475 656869.230464 6869014.630908 656863.736854 6869014.548106 656863.812207 6869009.548674 656869.305817 6869009.631475 6.000000
370000 656860.466314 6869006.091834 656870.465178 6869006.242540 656869.824745 6869048.733204 656859.825881 6869048.582498 656860.466314 6869006.091834 18.000000
375000 656852.679873 6868996.275798 656862.678737 6868996.426504 656862.058691 6869037.564623 656852.059826 6869037.413917 656852.679873 6868996.275798 18.000000
385000 656852.806866 6868987.093037 656862.805730 6868987.243743 656862.087848 6869034.872933 656852.088984 6869034.722227 656852.806866 6868987.093037 18.000000
390000 656855.646319 6868995.012740 656865.645184 6868995.163446 656864.918147 6869043.399965 656854.919283 6869043.249259 656855.646319 6868995.012740 18.000000
395000 656850.356374 6868977.772173 656860.355238 6868977.922879 656859.663199 6869023.837456 656849.664335 6869023.686750 656850.356374 6868977.772173 18.000000
400000 656870.045652 6868991.525926 656869.894946 6869001.524790 656850.821201 6869001.237304 656850.971907 6868991.238440 656870.045652 6868991.525926 18.000000
400000 656866.858612 6869032.850191 656871.858044 6869032.925544 656871.724848 6869041.762654 656866.725416 6869041.687301 656866.858612 6869032.850191 6.000000
405000 656850.247532 6868995.843722 656860.246396 6868995.994428 656859.504068 6869045.245489 656849.505204 6869045.094783 656850.247532 6868995.843722 18.000000
410000 656871.676814 6868980.675622 656871.526108 6868990.674486 656850.269656 6868990.354102 656850.420362 6868980.355238 656871.676814 6868980.675622 18.000000
410000 656854.244308 6869006.884163 656864.243172 6869007.034869 656863.671382 6869044.971301 656853.672518 6869044.820595 656854.244308 6869006.884163 18.000000
415000 656854.244308 6869006.884163 656864.243172 6869007.034869 656863.671382 6869044.971301 656853.672518 6869044.820595 656854.244308 6869006.884163 18.000000
415000 656872.042581 6868979.380435 656871.967228 6868984.379867 656855.056812 6868984.124988 656855.132165 6868979.125556 656872.042581 6868979.380435 6.000000
420000 656872.083265 6868990.355795 656871.932559 6869000.354659 656849.673740 6869000.019167 656849.824446 6868990.020303 656872.083265 6868990.355795 18.000000
420000 656858.111375 6869007.732879 656868.110239 6869007.883585 656867.490583 6869048.995777 656857.491719 6869048.845071 656858.111375 6869007.732879 18.000000
425000 656869.910933 6868982.748500 656869.760227 6868992.747364 656851.192741 6868992.467509 656851.343447 6868982.468645 656869.910933 6868982.748500 18.000000
425000 656870.712801 6869009.749965 656870.562095 6869019.748829 656849.737609 6869019.434956 656849.888315 6869009.436091 656870.712801 6869009.749965 18.000000
430000 656865.559916 6869037.609357 656865.484563 6869042.608789 656848.837223 6869042.357875 656848.912576 6869037.358443 656865.559916 6869037.609357 6.000000
430000 656853.062626 6868980.431667 656863.061491 6868980.582373 656862.494866 6869018.176093 656852.496002 6869018.025387 656853.062626 6868980.431667 18.000000
435000 656850.098405 6868997.745939 656860.097269 6868997.896645 656859.395069 6869044.485378 656849.396204 6869044.334672 656850.098405 6868997.745939 18.000000
440000 656860.301644 6868998.195036 656870.300508 6868998.345742 656869.653411 6869041.278554 656859.654547 6869041.127848 656860.301644 6868998.195036 18.000000
445000 656855.898626 6869003.294006 656865.897490 6869003.444712 656865.278925 6869044.484505 656855.280061 6869044.333799 656855.898626 6869003.294006 18.000000
450000 656850.907948 6868982.518909 656860.906812 6868982.669616 656860.182437 6869030.729596 656850.183572 6869030.578890 656850.907948 6868982.518909 18.000000
455000 656854.142960 6868990.001371 656864.141824 6868990.152077 656863.424953 6869037.714198 656853.426089 6869037.563492 656854.142960 6868990.001371 18.000000
460000 656849.706259 6868995.805192 656859.705123 6868995.955898 656859.055309 6869039.068988 656849.056445 6869038.918282 656849.706259 6868995.805192 18.000000
465000 656860.212060 6868999.133685 656870.210924 6868999.284392 656869.878057 6869021.369074 656859.879193 6869021.218368 656860.212060 6868999.133685 18.000000
470000 656872.008002 6868991.662497 656871.857296 6869001.661361 656850.490614 6869001.339316 656850.641320 6868991.340452 656872.008002 6868991.662497 18.000000
470000 656855.349388 6869010.806494 656865.348253 6869010.957200 656864.874268 6869042.404587 656854.875403 6869042.253881 656855.349388 6869010.806494 18.000000
475000 656861.971858 6868985.510733 656871.970722 6868985.661439 656871.235239 6869034.458367 656861.236375 6869034.307661 656861.971858 6868985.510733 18.000000
480000 656854.396674 6868979.957194 656864.395538 6868980.107900 656863.712577 6869025.420192 656853.713713 6869025.269486 656854.396674 6868979.957194 18.000000
485000 656860.064479 6868987.716101 656859.989126 6868992.715533 656849.322326 6868992.554760 656849.397679 6868987.555327 656860.064479 6868987.716101 6.000000
485000 656866.827533 6868994.236680 656871.826965 6868994.312033 656871.701718 6869002.621767 656866.702286 6869002.546414 656866.827533 6868994.236680 6.000000
490000 656872.081086 6869001.368106 656871.930380 6869011.366970 656850.779210 6869011.048173 656850.929916 6869001.049309 656872.081086 6869001.368106 18.000000
495000 656852.319502 6868976.242141 656862.318367 6868976.392847 656861.607513 6869023.555706 656851.608649 6869023.405000 656852.319502 6868976.242141 18.000000
500000 656849.260142 6868999.343063 656854.259574 6868999.418416 656854.053172 6869013.112568 656849.053740 6869013.037215 656849.260142 6868999.343063 6.000000
500000 656871.620968 6869041.275867 656871.545615 6869046.275299 656859.314049 6869046.090941 656859.389402 6869041.091509 656871.620968 6869041.275867 6.000000
500000 656866.748393 6869006.541950 656871.747825 6869006.617303 656871.416757 6869028.582573 656866.417325 6869028.507220 656866.748393 6869006.541950 6.000000
505000 656851.448225 6869002.539793 656861.447089 6869002.690499 656861.091070 6869026.311244 656851.092206 6869026.160538 656851.448225 6869002.539793 18.000000
510000 656851.170473 6869000.170546 656861.169337 6869000.321252 656860.461036 6869047.314733 656850.462172 6869047.164027 656851.170473 6869000.170546 18.000000
515000 656870.772867 6869036.654275 656870.622161 6869046.653139 656849.075886 6869046.328387 656849.226592 6869036.329523 656870.772867 6869036.654275 18.000000
515000 656851.924964 6868982.895872 656861.923828 6868983.046578 656861.247671 6869027.907423 656851.248807 6869027.756717 656851.924964 6868982.895872 18.000000
520000 656866.637818 6869016.600547 656871.637250 6869016.675900 656871.500428 6869025.753610 656866.500996 6869025.678257 656866.637818 6869016.600547 6.000000
520000 656872.033607 6869002.858179 656871.958254 6869007.857611 656858.838567 6869007.659867 656858.913920 6869002.660434 656872.033607 6869002.858179 6.000000
525000 656861.210290 6869000.341666 656871.209155 6869000.492372 656870.492506 6869048.039744 656860.493641 6869047.889038 656861.210290 6869000.341666 18.000000
530000 656856.622209 6869004.702673 656866.621073 6869004.853379 656865.954526 6869049.076652 656855.955661 6869048.925946 656856.622209 6869004.702673 18.000000
530000 656870.845974 6868979.363312 656870.695268 6868989.362176 656850.755356 6868989.061635 656850.906062 6868979.062771 656870.845974 6868979.363312 18.000000
535000 656861.933400 6868982.001228 656871.932265 6868982.151934 656871.219853 6869029.418179 656861.220988 6869029.267473 656861.933400 6868982.001228 18.000000
540000 656856.793087 6868976.385280 656866.791952 6868976.535986 656866.061120 6869025.024324 656856.062256 6869024.873617 656856.793087 6868976.385280 18.000000
545000 656852.240708 6868984.017495 656862.239572 6868984.168201 656861.671199 6869021.877957 656851.672335 6869021.727251 656852.240708 6868984.017495 18.000000
545000 656871.807378 6869039.194006 656871.656672 6869049.192871 656850.482678 6869048.873730 656850.633384 6869038.874865 656871.807378 6869039.194006 18.000000
550000 656871.507002 6869035.028453 656871.356296 6869045.027318 656849.668041 6869044.700425 656849.818747 6869034.701561 656871.507002 6869035.028453 18.000000
550000 656870.156538 6869003.876673 656870.005832 6869013.875537 656850.680002 6869013.584252 656850.830708 6869003.585388 656870.156538 6869003.876673 18.000000
550000 656870.089190 6868984.666141 656869.938484 6868994.665005 656850.446292 6868994.371212 656850.596998 6868984.372348 656870.089190 6868984.666141 18.000000
555000 656866.278399 6868987.382846 656866.203046 6868992.382279 656849.201707 6868992.126029 656849.277060 6868987.126597 656866.278399 6868987.382846 6.000000
555000 656852.269954 6869011.701929 656862.268819 6869011.852635 656861.733455 6869047.372298 656851.734591 6869047.221592 656852.269954 6869011.701929 18.000000
560000 656854.437957 6868979.779229 656864.436821 6868979.929935 656863.759553 6869024.864508 656853.760689 6869024.713802 656854.437957 6868979.779229 18.000000
565000 656859.325261 6868997.298562 656869.324125 6868997.449268 656868.639573 6869042.867073 656858.640709 6869042.716367 656859.325261 6868997.298562 18.000000
570000 656852.135137 6868984.183532 656862.134001 6868984.334238 656861.471610 6869028.281760 656851.472746 6869028.131054 656852.135137 6868984.183532 18.000000
575000 656870.381045 6868995.282662 656870.230339 6869005.281527 656850.004432 6869004.976675 656850.155138 6868994.977811 656870.381045 6868995.282662 18.000000
575000 656853.750147 6869011.118813 656863.749011 6869011.269519 656863.208104 6869047.157005 656853.209239 6869047.006299 656853.750147 6869011.118813 18.000000
580000 656866.820101 6868980.721276 656871.819534 6868980.796629 656871.543580 6868999.105260 656866.544148 6868999.029907 656866.820101 6868980.721276 6.000000
580000 656866.864309 6869027.482311 656871.863742 6869027.557664 656871.683520 6869039.514765 656866.684088 6869039.439412 656866.864309 6869027.482311 6.000000
580000 656849.098786 6869021.305704 656854.098218 6869021.381057 656853.937249 6869032.060878 656848.937817 6869031.985525 656849.098786 6869021.305704 6.000000
580000 656849.616148 6868985.108840 656854.615580 6868985.184193 656854.265533 6869008.408711 656849.266101 6869008.333358 656849.616148 6868985.108840 6.000000
585000 656862.016637 6868997.863443 656872.015501 6868998.014149 656871.446778 6869035.747100 656861.447913 6869035.596394 656862.016637 6868997.863443 18.000000
590000 656871.207410 6869028.480885 656871.056704 6869038.479749 656850.739159 6869038.173517 656850.889865 6869028.174653 656871.207410 6869028.480885 18.000000
590000 656861.251355 6868990.135328 656871.250219 6868990.286034 656870.765493 6869022.446037 656860.766629 6869022.295331 656861.251355 6868990.135328 18.000000
595000 656871.207410 6869028.480885 656871.056704 6869038.479749 656850.739159 6869038.173517 656850.889865 6869028.174653 656871.207410 6869028.480885 18.000000
595000 656861.251355 6868990.135328 656871.250219 6868990.286034 656870.765493 6869022.446037 656860.766629 6869022.295331 656861.251355 6868990.135328 18.000000
600000 656871.207410 6869028.480885 656871.056704 6869038.479749 656850.739159 6869038.173517 656850.889865 6869028.174653 656871.207410 6869028.480885 18.000000
600000 656861.251355 6868990.135328 656871.250219 6868990.286034 656870.765493 6869022.446037 656860.766629 6869022.295331 656861.251355 6868990.135328 18.000000
605000 656871.207410 6869028.480885 656871.056704 6869038.479749 656850.739159 6869038.173517 656850.889865 6869028.174653 656871.207410 6869028.480885 18.000000
605000 656871.873470 6869005.716686 656871.722764 6869015.715551 656850.535464 6869015.396209 656850.686170 6869005.397344 656871.873470 6869005.716686 18.000000
610000 656871.207410 6869028.480885 656871.056704 6869038.479749 656850.739159 6869038.173517 656850.889865 6869028.174653 656871.207410 6869028.480885 18.000000
610000 656871.873470 6869005.716686 656871.722764 6869015.715551 656850.535464 6869015.396209 656850.686170 6869005.397344 656871.873470 6869005.716686 18.000000
610000 656871.752923 6868979.569372 656871.602217 6868989.568236 656849.616774 6868989.236865 656849.767480 6868979.238000 656871.752923 6868979.569372 18.000000
615000 656871.207410 6869028.480885 656871.056704 6869038.479749 656850.739159 6869038.173517 656850.889865 6869028.174653 656871.207410 6869028.480885 18.000000
615000 656871.873470 6869005.716686 656871.722764 6869015.715551 656850.535464 6869015.396209 656850.686170 6869005.397344 656871.873470 6869005.716686 18.000000
615000 656871.752923 6868979.569372 656871.602217 6868989.568236 656849.616774 6868989.236865 656849.767480 6868979.238000 656871.752923 6868979.569372 18.000000
620000 656871.207410 6869028.480885 656871.056704 6869038.479749 656850.739159 6869038.173517 656850.889865 6869028.174653 656871.207410 6869028.480885 18.000000
620000 656871.873470 6869005.716686 656871.722764 6869015.715551 656850.535464 6869015.396209 656850.686170 6869005.397344 656871.873470 6869005.716686 18.000000
620000 656871.752923 6868979.569372 656871.602217 6868989.568236 656849.616774 6868989.236865 656849.767480 6868979.238000 656871.752923 6868979.569372 18.000000
625000 656871.752923 6868979.569372 656871.602217 6868989.568236 656849.616774 6868989.236865 656849.767480 6868979.238000 656871.752923 6868979.569372 18.000000
625000 656871.701072 6869011.768604 656871.550366 6869021.767469 656850.500164 6869021.450193 656850.650870 6869011.451329 656871.701072 6869011.768604 18.000000
625000 656871.147715 6869036.522054 656870.997009 6869046.520918 656849.502007 6869046.196939 656849.652713 6869036.198074 656871.147715 6869036.522054 18.000000
630000 656871.701072 6869011.768604 656871.550366 6869021.767469 656850.500164 6869021.450193 656850.650870 6869011.451329 656871.701072 6869011.768604 18.000000
630000 656871.147715 6869036.522054 656870.997009 6869046.520918 656849.502007 6869046.196939 656849.652713 6869036.198074 656871.147715 6869036.522054 18.000000
630000 656871.528142 6868986.821990 656871.377436 6868996.820854 656849.346822 6868996.488802 656849.497528 6868986.489938 656871.528142 6868986.821990 18.000000
635000 656871.701072 6869011.768604 656871.550366 6869021.767469 656850.500164 6869021.450193 656850.650870 6869011.451329 656871.701072 6869011.768604 18.000000
635000 656871.147715 6869036.522054 656870.997009 6869046.520918 656849.502007 6869046.196939 656849.652713 6869036.198074 656871.147715 6869036.522054 18.000000
635000 656871.528142 6868986.821990 656871.377436 6868996.820854 656849.346822 6868996.488802 656849.497528 6868986.489938 656871.528142 6868986.821990 18.000000
640000 656871.147715 6869036.522054 656870.997009 6869046.520918 656849.502007 6869046.196939 656849.652713 6869036.198074 656871.147715 6869036.522054 18.000000
640000 656871.005974 6869010.110324 656870.855267 6869020.109188 656849.257609 6869019.783661 656849.408315 6869009.784797 656871.005974 6869010.110324 18.000000
640000 656871.752756 6868980.352797 656871.602050 6868990.351662 656849.587759 6868990.019855 656849.738465 6868980.020991 656871.752756 6868980.352797 18.000000
645000 656871.752756 6868980.352797 656871.602050 6868990.351662 656849.587759 6868990.019855 656849.738465 6868980.020991 656871.752756 6868980.352797 18.000000
645000 656871.434994 6869033.143679 656871.284288 6869043.142544 656849.554411 6869042.815024 656849.705117 6869032.816160 656871.434994 6869033.143679 18.000000
645000 656871.508842 6869000.155427 656871.358136 6869010.154291 656849.994798 6869009.832296 656850.145504 6868999.833432 656871.508842 6869000.155427 18.000000
650000 656871.752756 6868980.352797 656871.602050 6868990.351662 656849.587759 6868990.019855 656849.738465 6868980.020991 656871.752756 6868980.352797 18.000000
650000 656871.434994 6869033.143679 656871.284288 6869043.142544 656849.554411 6869042.815024 656849.705117 6869032.816160 656871.434994 6869033.143679 18.000000
650000 656870.572412 6869012.457220 656870.421706 6869022.456084 656849.411531 6869022.139412 656849.562237 6869012.140548 656870.572412 6869012.457220 18.000000
655000 656871.752756 6868980.352797 656871.602050 6868990.351662 656849.587759 6868990.019855 656849.738465 6868980.020991 656871.752756 6868980.352797 18.000000
655000 656871.434994 6869033.143679 656871.284288 6869043.142544 656849.554411 6869042.815024 656849.705117 6869032.816160 656871.434994 6869033.143679 18.000000
655000 656870.572412 6869012.457220 656870.421706 6869022.456084 656849.411531 6869022.139412 656849.562237 6869012.140548 656870.572412 6869012.457220 18.000000
660000 656871.434994 6869033.143679 656871.284288 6869043.142544 656849.554411 6869042.815024 656849.705117 6869032.816160 656871.434994 6869033.143679 18.000000
660000 656872.032202 6868999.395387 656871.881495 6869009.394252 656850.181810 6869009.067187 656850.332516 6868999.068323 656872.032202 6868999.395387 18.000000
660000 656871.962331 6868978.838855 656871.811625 6868988.837720 656849.871183 6868988.507026 656850.021889 6868978.508162 656871.962331 6868978.838855 18.000000
665000 656871.434994 6869033.143679 656871.284288 6869043.142544 656849.554411 6869042.815024 656849.705117 6869032.816160 656871.434994 6869033.143679 18.000000
665000 656872.032202 6868999.395387 656871.881495 6869009.394252 656850.181810 6869009.067187 656850.332516 6868999.068323 656872.032202 6868999.395387 18.000000
665000 656871.962331 6868978.838855 656871.811625 6868988.837720 656849.871183 6868988.507026 656850.021889 6868978.508162 656871.962331 6868978.838855 18.000000
670000 656871.434994 6869033.143679 656871.284288 6869043.142544 656849.554411 6869042.815024 656849.705117 6869032.816160 656871.434994 6869033.143679 18.000000
670000 656872.032202 6868999.395387 656871.881495 6869009.394252 656850.181810 6869009.067187 656850.332516 6868999.068323 656872.032202 6868999.395387 18.000000
670000 656871.962331 6868978.838855 656871.811625 6868988.837720 656849.871183 6868988.507026 656850.021889 6868978.508162 656871.962331 6868978.838855 18.000000
675000 656871.434994 6869033.143679 656871.284288 6869043.142544 656849.554411 6869042.815024 656849.705117 6869032.816160 656871.434994 6869033.143679 18.000000
675000 656872.032202 6868999.395387 656871.881495 6869009.394252 656850.181810 6869009.067187 656850.332516 6868999.068323 656872.032202 6868999.395387 18.000000
675000 656871.962331 6868978.838855 656871.811625 6868988.837720 656849.871183 6868988.507026 656850.021889 6868978.508162 656871.962331 6868978.838855 18.000000
680000 656871.434994 6869033.143679 656871.284288 6869043.142544 656849.554411 6869042.815024 656849.705117 6869032.816160 656871.434994 6869033.143679 18.000000
680000 656871.962331 6868978.838855 656871.811625 6868988.837720 656849.871183 6868988.507026 656850.021889 6868978.508162 656871.962331 6868978.838855 18.000000
680000 656871.029782 6869012.707137 656870.879076 6869022.706002 656849.051427 6869022.377008 656849.202133 6869012.378144 656871.029782 6869012.707137 18.000000
685000 656871.434994 6869033.143679 656871.284288 6869043.142544 656849.554411 6869042.815024 656849.705117 6869032.816160 656871.434994 6869033.143679 18.000000
685000 656871.029782 6869012.707137 656870.879076 6869022.706002 656849.051427 6869022.377008 656849.202133 6869012.378144 656871.029782 6869012.707137 18.000000
685000 656871.525866 6868981.590213 656871.375160 6868991.589077 656850.127236 6868991.268822 656850.277942 6868981.269957 656871.525866 6868981.590213 18.000000
690000 656871.434994 6869033.143679 656871.284288 6869043.142544 656849.554411 6869042.815024 656849.705117 6869032.816160 656871.434994 6869033.143679 18.000000
690000 656871.029782 6869012.707137 656870.879076 6869022.706002 656849.051427 6869022.377008 656849.202133 6869012.378144 656871.029782 6869012.707137 18.000000
690000 656871.525866 6868981.590213 656871.375160 6868991.589077 656850.127236 6868991.268822 656850.277942 6868981.269957 656871.525866 6868981.590213 18.000000
695000 656871.434994 6869033.143679 656871.284288 6869043.142544 656849.554411 6869042.815024 656849.705117 6869032.816160 656871.434994 6869033.143679 18.000000
695000 656871.525866 6868981.590213 656871.375160 6868991.589077 656850.127236 6868991.268822 656850.277942 6868981.269957 656871.525866 6868981.590213 18.000000
695000 656871.032367 6869005.617143 656870.881661 6869015.616008 656849.273541 6869015.290323 656849.424247 6869005.291459 656871.032367 6869005.617143 18.000000
700000 656871.434994 6869033.143679 656871.284288 6869043.142544 656849.554411 6869042.815024 656849.705117 6869032.816160 656871.434994 6869033.143679 18.000000
700000 656871.525866 6868981.590213 656871.375160 6868991.589077 656850.127236 6868991.268822 656850.277942 6868981.269957 656871.525866 6868981.590213 18.000000
700000 656871.032367 6869005.617143 656870.881661 6869015.616008 656849.273541 6869015.290323 656849.424247 6869005.291459 656871.032367 6869005.617143 18.000000
705000 656871.434994 6869033.143679 656871.284288 6869043.142544 656849.554411 6869042.815024 656849.705117 6869032.816160 656871.434994 6869033.143679 18.000000
705000 656871.525866 6868981.590213 656871.375160 6868991.589077 656850.127236 6868991.268822 656850.277942 6868981.269957 656871.525866 6868981.590213 18.000000
705000 656871.032367 6869005.617143 656870.881661 6869015.616008 656849.273541 6869015.290323 656849.424247 6869005.291459 656871.032367 6869005.617143 18.000000
710000 656871.434994 6869033.143679 656871.284288 6869043.142544 656849.554411 6869042.815024 656849.705117 6869032.816160 656871.434994 6869033.143679 18.000000
710000 656871.525866 6868981.590213 656871.375160 6868991.589077 656850.127236 6868991.268822 656850.277942 6868981.269957 656871.525866 6868981.590213 18.000000
710000 656871.032367 6869005.617143 656870.881661 6869015.616008 656849.273541 6869015.290323 656849.424247 6869005.291459 656871.032367 6869005.617143 18.000000
715000 656871.434994 6869033.143679 656871.284288 6869043.142544 656849.554411 6869042.815024 656849.705117 6869032.816160 656871.434994 6869033.143679 18.000000
715000 656871.525866 6868981.590213 656871.375160 6868991.589077 656850.127236 6868991.268822 656850.277942 6868981.269957 656871.525866 6868981.590213 18.000000
715000 656871.032367 6869005.617143 656870.881661 6869015.616008 656849.273541 6869015.290323 656849.424247 6869005.291459 656871.032367 6869005.617143 18.000000
720000 656871.434994 6869033.143679 656871.284288 6869043.142544 656849.554411 6869042.815024 656849.705117 6869032.816160 656871.434994 6869033.143679 18.000000
720000 656871.525866 6868981.590213 656871.375160 6868991.589077 656850.127236 6868991.268822 656850.277942 6868981.269957 656871.525866 6868981.590213 18.000000
720000 656871.032367 6869005.617143 656870.881661 6869015.616008 656849.273541 6869015.290323 656849.424247 6869005.291459 656871.032367 6869005.617143 18.000000
725000 656871.434994 6869033.143679 656871.284288 6869043.142544 656849.554411 6869042.815024 656849.705117 6869032.816160 656871.434994 6869033.143679 18.000000
725000 656871.525866 6868981.590213 656871.375160 6868991.589077 656850.127236 6868991.268822 656850.277942 6868981.269957 656871.525866 6868981.590213 18.000000
725000 656871.032367 6869005.617143 656870.881661 6869015.616008 656849.273541 6869015.290323 656849.424247 6869005.291459 656871.032367 6869005.617143 18.000000
730000 656871.525866 6868981.590213 656871.375160 6868991.589077 656850.127236 6868991.268822 656850.277942 6868981.269957 656871.525866 6868981.590213 18.000000
730000 656871.211182 6869004.781903 656871.060476 6869014.780768 656849.412629 6869014.454485 656849.563335 6869004.455620 656871.211182 6869004.781903 18.000000
730000 656870.813662 6869032.925736 656870.662956 6869042.924600 656848.969266 6869042.597626 656849.119972 6869032.598762 656870.813662 6869032.925736 18.000000
735000 656871.525866 6868981.590213 656871.375160 6868991.589077 656850.127236 6868991.268822 656850.277942 6868981.269957 656871.525866 6868981.590213 18.000000
735000 656871.211182 6869004.781903 656871.060476 6869014.780768 656849.412629 6869014.454485 656849.563335 6869004.455620 656871.211182 6869004.781903 18.000000
735000 656870.813662 6869032.925736 656870.662956 6869042.924600 656848.969266 6869042.597626 656849.119972 6869032.598762 656870.813662 6869032.925736 18.000000
740000 656871.525866 6868981.590213 656871.375160 6868991.589077 656850.127236 6868991.268822 656850.277942 6868981.269957 656871.525866 6868981.590213 18.000000
740000 656871.211182 6869004.781903 656871.060476 6869014.780768 656849.412629 6869014.454485 656849.563335 6869004.455620 656871.211182 6869004.781903 18.000000
740000 656870.813662 6869032.925736 656870.662956 6869042.924600 656848.969266 6869042.597626 656849.119972 6869032.598762 656870.813662 6869032.925736 18.000000
745000 656871.525866 6868981.590213 656871.375160 6868991.589077 656850.127236 6868991.268822 656850.277942 6868981.269957 656871.525866 6868981.590213 18.000000
745000 656871.211182 6869004.781903 656871.060476 6869014.780768 656849.412629 6869014.454485 656849.563335 6869004.455620 656871.211182 6869004.781903 18.000000
745000 656870.813662 6869032.925736 656870.662956 6869042.924600 656848.969266 6869042.597626 656849.119972 6869032.598762 656870.813662 6869032.925736 18.000000
750000 656871.525866 6868981.590213 656871.375160 6868991.589077 656850.127236 6868991.268822 656850.277942 6868981.269957 656871.525866 6868981.590213 18.000000
750000 656871.211182 6869004.781903 656871.060476 6869014.780768 656849.412629 6869014.454485 656849.563335 6869004.455620 656871.211182 6869004.781903 18.000000
750000 656870.813662 6869032.925736 656870.662956 6869042.924600 656848.969266 6869042.597626 656849.119972 6869032.598762 656870.813662 6869032.925736 18.000000
755000 656871.525866 6868981.590213 656871.375160 6868991.589077 656850.127236 6868991.268822 656850.277942 6868981.269957 656871.525866 6868981.590213 18.000000
755000 656871.211182 6869004.781903 656871.060476 6869014.780768 656849.412629 6869014.454485 656849.563335 6869004.455620 656871.211182 6869004.781903 18.000000
755000 656870.813662 6869032.925736 656870.662956 6869042.924600 656848.969266 6869042.597626 656849.119972 6869032.598762 656870.813662 6869032.925736 18.000000
760000 656871.525866 6868981.590213 656871.375160 6868991.589077 656850.127236 6868991.268822 656850.277942 6868981.269957 656871.525866 6868981.590213 18.000000
760000 656871.211182 6869004.781903 656871.060476 6869014.780768 656849.412629 6869014.454485 656849.563335 6869004.455620 656871.211182 6869004.781903 18.000000
760000 656870.813662 6869032.925736 656870.662956 6869042.924600 656848.969266 6869042.597626 656849.119972 6869032.598762 656870.813662 6869032.925736 18.000000
765000 656871.525866 6868981.590213 656871.375160 6868991.589077 656850.127236 6868991.268822 656850.277942 6868981.269957 656871.525866 6868981.590213 18.000000
765000 656871.211182 6869004.781903 656871.060476 6869014.780768 656849.412629 6869014.454485 656849.563335 6869004.455620 656871.211182 6869004.781903 18.000000
765000 656870.813662 6869032.925736 656870.662956 6869042.924600 656848.969266 6869042.597626 656849.119972 6869032.598762 656870.813662 6869032.925736 18.000000
770000 656871.525866 6868981.590213 656871.375160 6868991.589077 656850.127236 6868991.268822 656850.277942 6868981.269957 656871.525866 6868981.590213 18.000000
770000 656871.861895 6868999.187301 656871.711189 6869009.186165 656849.157671 6869008.846232 656849.308377 6868998.847367 656871.861895 6868999.187301 18.000000
770000 656871.875249 6869026.332725 656871.724543 6869036.331590 656849.722753 6869035.999972 656849.873459 6869026.001107 656871.875249 6869026.332725 18.000000
775000 656871.525866 6868981.590213 656871.375160 6868991.589077 656850.127236 6868991.268822 656850.277942 6868981.269957 656871.525866 6868981.590213 18.000000
775000 656871.861895 6868999.187301 656871.711189 6869009.186165 656849.157671 6869008.846232 656849.308377 6868998.847367 656871.861895 6868999.187301 18.000000
775000 656871.101713 6869032.035017 656870.951007 6869042.033882 656849.346546 6869041.708253 656849.497252 6869031.709388 656871.101713 6869032.035017 18.000000
780000 656871.525866 6868981.590213 656871.375160 6868991.589077 656850.127236 6868991.268822 656850.277942 6868981.269957 656871.525866 6868981.590213 18.000000
780000 656871.101713 6869032.035017 656870.951007 6869042.033882 656849.346546 6869041.708253 656849.497252 6869031.709388 656871.101713 6869032.035017 18.000000
780000 656871.728997 6869008.085892 656871.578291 6869018.084756 656849.058803 6869017.745335 656849.209509 6869007.746471 656871.728997 6869008.085892 18.000000
785000 656871.525866 6868981.590213 656871.375160 6868991.589077 656850.127236 6868991.268822 656850.277942 6868981.269957 656871.525866 6868981.590213 18.000000
785000 656871.101713 6869032.035017 656870.951007 6869042.033882 656849.346546 6869041.708253 656849.497252 6869031.709388 656871.101713 6869032.035017 18.000000
785000 656871.728997 6869008.085892 656871.578291 6869018.084756 656849.058803 6869017.745335 656849.209509 6869007.746471 656871.728997 6869008.085892 18.000000
790000 656871.525866 6868981.590213 656871.375160 6868991.589077 656850.127236 6868991.268822 656850.277942 6868981.269957 656871.525866 6868981.590213 18.000000
790000 656871.101713 6869032.035017 656870.951007 6869042.033882 656849.346546 6869041.708253 656849.497252 6869031.709388 656871.101713 6869032.035017 18.000000
790000 656871.728997 6869008.085892 656871.578291 6869018.084756 656849.058803 6869017.745335 656849.209509 6869007.746471 656871.728997 6869008.085892 18.000000
795000 656871.525866 6868981.590213 656871.375160 6868991.589077 656850.127236 6868991.268822 656850.277942 6868981.269957 656871.525866 6868981.590213 18.000000
795000 656871.101713 6869032.035017 656870.951007 6869042.033882 656849.346546 6869041.708253 656849.497252 6869031.709388 656871.101713 6869032.035017 18.000000
795000 656871.728997 6869008.085892 656871.578291 6869018.084756 656849.058803 6869017.745335 656849.209509 6869007.746471 656871.728997 6869008.085892 18.000000
800000 656871.525866 6868981.590213 656871.375160 6868991.589077 656850.127236 6868991.268822 656850.277942 6868981.269957 656871.525866 6868981.590213 18.000000
800000 656871.101713 6869032.035017 656870.951007 6869042.033882 656849.346546 6869041.708253 656849.497252 6869031.709388 656871.101713 6869032.035017 18.000000
800000 656871.728997 6869008.085892 656871.578291 6869018.084756 656849.058803 6869017.745335 656849.209509 6869007.746471 656871.728997 6869008.085892 18.000000
805000 656871.525866 6868981.590213 656871.375160 6868991.589077 656850.127236 6868991.268822 656850.277942 6868981.269957 656871.525866 6868981.590213 18.000000
805000 656871.101713 6869032.035017 656870.951007 6869042.033882 656849.346546 6869041.708253 656849.497252 6869031.709388 656871.101713 6869032.035017 18.000000
805000 656871.728997 6869008.085892 656871.578291 6869018.084756 656849.058803 6869017.745335 656849.209509 6869007.746471 656871.728997 6869008.085892 18.000000
810000 656871.525866 6868981.590213 656871.375160 6868991.589077 656850.127236 6868991.268822 656850.277942 6868981.269957 656871.525866 6868981.590213 18.000000
810000 656871.101713 6869032.035017 656870.951007 6869042.033882 656849.346546 6869041.708253 656849.497252 6869031.709388 656871.101713 6869032.035017 18.000000
810000 656871.728997 6869008.085892 656871.578291 6869018.084756 656849.058803 6869017.745335 656849.209509 6869007.746471 656871.728997 6869008.085892 18.000000
815000 656871.525866 6868981.590213 656871.375160 6868991.589077 656850.127236 6868991.268822 656850.277942 6868981.269957 656871.525866 6868981.590213 18.000000
815000 656871.101713 6869032.035017 656870.951007 6869042.033882 656849.346546 6869041.708253 656849.497252 6869031.709388 656871.101713 6869032.035017 18.000000
815000 656871.728997 6869008.085892 656871.578291 6869018.084756 656849.058803 6869017.745335 656849.209509 6869007.746471 656871.728997 6869008.085892 18.000000
820000 656871.525866 6868981.590213 656871.375160 6868991.589077 656850.127236 6868991.268822 656850.277942 6868981.269957 656871.525866 6868981.590213 18.000000
820000 656871.101713 6869032.035017 656870.951007 6869042.033882 656849.346546 6869041.708253 656849.497252 6869031.709388 656871.101713 6869032.035017 18.000000
820000 656871.728997 6869008.085892 656871.578291 6869018.084756 656849.058803 6869017.745335 656849.209509 6869007.746471 656871.728997 6869008.085892 18.000000
825000 656871.525866 6868981.590213 656871.375160 6868991.589077 656850.127236 6868991.268822 656850.277942 6868981.269957 656871.525866 6868981.590213 18.000000
825000 656871.101713 6869032.035017 656870.951007 6869042.033882 656849.346546 6869041.708253 656849.497252 6869031.709388 656871.101713 6869032.035017 18.000000
825000 656871.728997 6869008.085892 656871.578291 6869018.084756 656849.058803 6869017.745335 656849.209509 6869007.746471 656871.728997 6869008.085892 18.000000
830000 656871.525866 6868981.590213 656871.375160 6868991.589077 656850.127236 6868991.268822 656850.277942 6868981.269957 656871.525866 6868981.590213 18.000000
830000 656871.101713 6869032.035017 656870.951007 6869042.033882 656849.346546 6869041.708253 656849.497252 6869031.709388 656871.101713 6869032.035017 18.000000
830000 656871.728997 6869008.085892 656871.578291 6869018.084756 656849.058803 6869017.745335 656849.209509 6869007.746471 656871.728997 6869008.085892 18.000000
835000 656871.101713 6869032.035017 656870.951007 6869042.033882 656849.346546 6869041.708253 656849.497252 6869031.709388 656871.101713 6869032.035017 18.000000
835000 656871.728997 6869008.085892 656871.578291 6869018.084756 656849.058803 6869017.745335 656849.209509 6869007.746471 656871.728997 6869008.085892 18.000000
835000 656872.105584 6868979.099378 656871.954878 6868989.098243 656849.583434 6868988.761053 656849.734140 6868978.762189 656872.105584 6868979.099378 18.000000
840000 656871.101713 6869032.035017 656870.951007 6869042.033882 656849.346546 6869041.708253 656849.497252 6869031.709388 656871.101713 6869032.035017 18.000000
840000 656871.728997 6869008.085892 656871.578291 6869018.084756 656849.058803 6869017.745335 656849.209509 6869007.746471 656871.728997 6869008.085892 18.000000
840000 656872.105584 6868979.099378 656871.954878 6868989.098243 656849.583434 6868988.761053 656849.734140 6868978.762189 656872.105584 6868979.099378 18.000000
845000 656871.101713 6869032.035017 656870.951007 6869042.033882 656849.346546 6869041.708253 656849.497252 6869031.709388 656871.101713 6869032.035017 18.000000
845000 656871.728997 6869008.085892 656871.578291 6869018.084756 656849.058803 6869017.745335 656849.209509 6869007.746471 656871.728997 6869008.085892 18.000000
845000 656872.105584 6868979.099378 656871.954878 6868989.098243 656849.583434 6868988.761053 656849.734140 6868978.762189 656872.105584 6868979.099378 18.000000
850000 656871.101713 6869032.035017 656870.951007 6869042.033882 656849.346546 6869041.708253 656849.497252 6869031.709388 656871.101713 6869032.035017 18.000000
850000 656871.728997 6869008.085892 656871.578291 6869018.084756 656849.058803 6869017.745335 656849.209509 6869007.746471 656871.728997 6869008.085892 18.000000
850000 656872.105584 6868979.099378 656871.954878 6868989.098243 656849.583434 6868988.761053 656849.734140 6868978.762189 656872.105584 6868979.099378 18.000000
855000 656871.101713 6869032.035017 656870.951007 6869042.033882 656849.346546 6869041.708253 656849.497252 6869031.709388 656871.101713 6869032.035017 18.000000
855000 656872.105584 6868979.099378 656871.954878 6868989.098243 656849.583434 6868988.761053 656849.734140 6868978.762189 656872.105584 6868979.099378 18.000000
855000 656870.964251 6868996.719563 656870.813545 6869006.718427 656849.719238 6869006.400487 656849.869944 6868996.401622 656870.964251 6868996.719563 18.000000
858017 656871.101713 6869032.035017 656870.951007 6869042.033882 656849.346546 6869041.708253 656849.497252 6869031.709388 656871.101713 6869032.035017 18.000000
858017 656872.105584 6868979.099378 656871.954878 6868989.098243 656849.583434 6868988.761053 656849.734140 6868978.762189 656872.105584 6868979.099378 18.000000
858017 656870.964251 6868996.719563 656870.813545 6869006.718427 656849.719238 6869006.400487 656849.869944 6868996.401622 656870.964251 6868996.719563 18.000000
858017 656871.723218 6869014.210640 656871.572512 6869024.209505 656850.139218 6869023.886455 656850.289924 6869013.887591 656871.723218 6869014.210640 18.000000
