5000 656850.241706 6869002.022608 656860.240570 6869002.173314 656859.729120 6869036.106368 656849.730256 6869035.955661 656850.241706 6869002.022608 18.000000
10000 656859.170402 6868997.086221 656869.169266 6868997.236927 656868.672702 6869030.182320 656858.673838 6869030.031614 656859.170402 6868997.086221 18.000000
10000 656870.512333 6869035.459968 656870.436980 6869040.459400 656865.305961 6869040.382064 656865.381314 6869035.382632 656870.512333 6869035.459968 6.000000
10000 656850.598546 6868978.234507 656860.597410 6868978.385213 656860.276613 6868999.669108 656850.277748 6868999.518402 656850.598546 6868978.234507 18.000000
15000 656859.417222 6868994.869944 656869.416086 6868995.020650 656868.839440 6869033.279282 656858.840576 6869033.128576 656859.417222 6868994.869944 18.000000
20000 656850.064725 6868989.408778 656855.064157 6868989.484131 656854.760464 6869009.633214 656849.761031 6869009.557861 656850.064725 6868989.408778 6.000000
25000 656851.508409 6868998.819676 656861.507273 6868998.970382 656860.843919 6869042.981839 656850.845054 6869042.831132 656851.508409 6868998.819676 18.000000
30000 656869.637493 6869019.667477 656869.486787 6869029.666342 656852.165290 6869029.405266 656852.315996 6869019.406402 656869.637493 6869019.667477 18.000000
35000 656851.603881 6868983.744071 656861.602745 6868983.894777 656860.940123 6869027.857616 656850.941259 6869027.706910 656851.603881 6868983.744071 18.000000
40000 656849.226997 6869024.231826 656854.226429 6869024.307179 656853.876506 6869047.523464 656848.877073 6869047.448111 656849.226997 6869024.231826 6.000000
40000 656866.270712 6869027.575374 656871.270144 6869027.650727 656871.037390 6869043.093194 656866.037958 6869043.017841 656866.270712 6869027.575374 6.000000
45000 656857.211866 6869027.989575 656862.211298 6869028.064928 656862.130695 6869033.412658 656857.131263 6869033.337305 656857.211866 6869027.989575 6.000000
45000 656864.452290 6868979.028286 656869.451723 6868979.103639 656869.148249 6868999.238133 656864.148817 6868999.162780 656864.452290 6868979.028286 6.000000
45000 656850.151329 6868986.372348 656855.150761 6868986.447701 656854.870273 6869005.057195 656849.870841 6869004.981842 656850.151329 6868986.372348 6.000000
50000 656867.064732 6868999.734521 656872.064165 6868999.809874 656871.965569 6869006.351407 656866.966136 6869006.276054 656867.064732 6868999.734521 6.000000
50000 656849.747401 6868988.892900 656854.746833 6868988.968253 656854.559913 6869001.369829 656849.560481 6869001.294476 656849.747401 6868988.892900 6.000000
55000 656851.152300 6868992.686303 656861.151165 6868992.837009 656860.600843 6869029.349079 656850.601979 6869029.198372 656851.152300 6868992.686303 18.000000
65000 656867.149230 6868992.598015 656872.148662 6868992.673368 656871.931769 6869007.063503 656866.932337 6869006.988150 656867.149230 6868992.598015 6.000000
65000 656850.029341 6868990.186222 656855.028774 6868990.261575 656854.680578 6869013.363252 656849.681146 6869013.287899 656850.029341 6868990.186222 6.000000
70000 656861.301486 6869003.794140 656871.300351 6869003.944846 656870.645665 6869047.381124 656860.646801 6869047.230418 656861.301486 6869003.794140 18.000000
75000 656849.578978 6869020.512277 656854.578410 6869020.587630 656854.323498 6869037.500252 656849.324065 6869037.424899 656849.578978 6869020.512277 6.000000
75000 656871.872336 6868997.717051 656871.796983 6869002.716483 656864.238555 6869002.602560 656864.313908 6868997.603128 656871.872336 6868997.717051 6.000000
80000 656851.289662 6868978.211916 656861.288526 6868978.362623 656860.558191 6869026.818025 656850.559326 6869026.667319 656851.289662 6868978.211916 18.000000
85000 656860.850216 6869005.499157 656870.849080 6869005.649864 656870.408119 6869034.906216 656860.409255 6869034.755510 656860.850216 6869005.499157 18.000000
90000 656859.909213 6868997.465452 656869.908077 6868997.616158 656869.177673 6869046.076098 656859.178809 6869045.925392 656859.909213 6868997.465452 18.000000
95000 656849.965777 6868997.443774 656854.965210 6868997.519127 656854.727081 6869013.318185 656849.727649 6869013.242832 656849.965777 6868997.443774 6.000000
95000 656849.469930 6869025.380868 656854.469363 6869025.456221 656854.357618 6869032.870122 656849.358186 6869032.794769 656849.469930 6869025.380868 6.000000
100000 656850.245583 6868996.868169 656860.244447 6868997.018875 656859.544682 6869043.446048 656849.545818 6869043.295342 656850.245583 6868996.868169 18.000000
105000 656858.432689 6868983.093340 656868.431554 6868983.244046 656867.965836 6869014.142915 656857.966972 6869013.992209 656858.432689 6868983.093340 18.000000
110000 656858.561663 6868987.974019 656868.560527 6868988.124725 656868.088976 6869019.410619 656858.090112 6869019.259913 656858.561663 6868987.974019 18.000000
110000 656866.833926 6869043.517253 656866.758573 6869048.516685 656852.750118 6869048.305545 656852.825471 6869043.306113 656866.833926 6869043.517253 6.000000
115000 656855.441110 6868994.292993 656865.439975 6868994.443700 656865.008532 6869023.068569 656855.009667 6869022.917863 656855.441110 6868994.292993 18.000000
125000 656871.008021 6869043.737351 656870.932668 6869048.736783 656855.821378 6869048.509021 656855.896731 6869043.509589 656871.008021 6869043.737351 6.000000
125000 656849.384578 6868984.772767 656854.384010 6868984.848120 656854.290206 6868991.071717 656849.290774 6868990.996364 656849.384578 6868984.772767 6.000000
130000 656858.096634 6869000.448981 656868.095499 6869000.599687 656867.615467 6869032.448259 656857.616602 6869032.297553 656858.096634 6869000.448981 18.000000
135000 656866.695585 6869002.996901 656871.695017 6869003.072254 656871.612328 6869008.558401 656866.612896 6869008.483048 656866.695585 6869002.996901 6.000000
140000 656851.001332 6869013.814344 656861.000196 6869013.965050 656860.515535 6869046.120797 656850.516670 6869045.970091 656851.001332 6869013.814344 18.000000
140000 656864.985047 6868995.582329 656864.834341 6869005.581194 656853.393652 6869005.408756 656853.544358 6868995.409892 656864.985047 6868995.582329 18.000000
145000 656849.627239 6869002.992767 656854.626671 6869003.068120 656854.339794 6869022.101501 656849.340362 6869022.026148 656849.627239 6869002.992767 6.000000
145000 656854.636630 6868999.062021 656864.635494 6868999.212727 656864.090473 6869035.373156 656854.091608 6869035.222450 656854.636630 6868999.062021 18.000000
150000 656869.564474 6869016.419027 656869.413768 6869026.417891 656852.658112 6869026.165345 656852.808818 6869016.166480 656869.564474 6869016.419027 18.000000
155000 656860.864047 6868992.503367 656870.862911 6868992.654073 656870.252296 6869033.166477 656860.253431 6869033.015771 656860.864047 6868992.503367 18.000000
155000 656860.561618 6868981.655207 656860.486265 6868986.654639 656849.733086 6868986.492564 656849.808439 6868981.493131 656860.561618 6868981.655207 6.000000
160000 656853.741140 6868988.064444 656863.740005 6868988.215150 656863.193014 6869024.506215 656853.194150 6869024.355509 656853.741140 6868988.064444 18.000000
165000 656862.116093 6868982.787386 656872.114957 6868982.938092 656871.399948 6869030.376660 656861.401084 6869030.225954 656862.116093 6868982.787386 18.000000
170000 656859.264677 6868990.654553 656869.263541 6868990.805259 656868.540074 6869038.805015 656858.541209 6869038.654309 656859.264677 6868990.654553 18.000000
175000 656861.591249 6868986.595352 656871.590113 6868986.746058 656871.212279 6869011.814144 656861.213414 6869011.663438 656861.591249 6868986.595352 18.000000
180000 656856.726284 6869002.809906 656866.725148 6869002.960612 656866.060777 6869047.039483 656856.061913 6869046.888777 656856.726284 6869002.809906 18.000000
185000 656860.224189 6869001.341057 656870.223054 6869001.491763 656869.581849 6869044.033662 656859.582984 6869043.882956 656860.224189 6869001.341057 18.000000
190000 656859.364908 6869000.440819 656869.363773 6869000.591525 656868.887366 6869032.199562 656858.888502 6869032.048856 656859.364908 6869000.440819 18.000000
195000 656866.115658 6869027.762942 656871.115090 6869027.838295 656870.965111 6869037.788904 656865.965679 6869037.713551 656866.115658 6869027.762942 6.000000
200000 656859.672616 6868980.554428 656869.671480 6868980.705134 656869.137812 6869016.112340 656859.138947 6869015.961634 656859.672616 6868980.554428 18.000000
205000 656849.858193 6868979.488429 656859.857057 6868979.639135 656859.337239 6869014.127402 656849.338375 6869013.976696 656849.858193 6868979.488429 18.000000
205000 656871.326673 6869023.345123 656871.251320 6869028.344555 656866.072816 6869028.266503 656866.148169 6869023.267071 656871.326673 6869023.345123 6.000000
210000 656871.343865 6869032.362931 656871.193159 6869042.361795 656849.078000 6869042.028468 656849.228706 6869032.029604 656871.343865 6869032.362931 18.000000
215000 656849.642925 6868982.091009 656854.642358 6868982.166362 656854.370059 6869000.232506 656849.370627 6869000.157152 656849.642925 6868982.091009 6.000000
220000 656858.381103 6868977.897964 656868.379968 6868978.048670 656867.692853 6869023.636544 656857.693988 6869023.485838 656858.381103 6868977.897964 18.000000
225000 656870.532083 6869036.297713 656870.381377 6869046.296577 656849.173622 6869045.976927 656849.324328 6869035.978063 656870.532083 6869036.297713 18.000000
225000 656854.216788 6868980.509173 656864.215652 6868980.659880 656863.525143 6869026.472928 656853.526279 6869026.322221 656854.216788 6868980.509173 18.000000
230000 656870.813235 6869012.248656 656870.662529 6869022.247520 656849.104417 6869021.922590 656849.255123 6869011.923725 656870.813235 6869012.248656 18.000000
230000 656872.015183 6868987.853310 656871.939830 6868992.852742 656855.128161 6868992.599351 656855.203515 6868987.599919 656872.015183 6868987.853310 6.000000
230000 656871.462343 6869032.377047 656871.311637 6869042.375911 656849.191921 6869042.042516 656849.342627 6869032.043652 656871.462343 6869032.377047 18.000000
235000 656856.666004 6868998.422885 656866.664868 6868998.573591 656865.935674 6869046.953247 656855.936810 6869046.802541 656856.666004 6868998.422885 18.000000
240000 656856.039326 6868999.018927 656866.038190 6868999.169633 656865.331518 6869046.055100 656855.332653 6869045.904394 656856.039326 6868999.018927 18.000000
245000 656861.111697 6868996.596325 656871.110561 6868996.747031 656870.708599 6869023.415926 656860.709735 6869023.265219 656861.111697 6868996.596325 18.000000
250000 656858.758733 6869009.563652 656868.757598 6869009.714358 656868.223852 6869045.126644 656858.224988 6869044.975938 656858.758733 6869009.563652 18.000000
255000 656850.183920 6868997.331445 656860.182784 6868997.482151 656859.648618 6869032.922352 656849.649754 6869032.771646 656850.183920 6868997.331445 18.000000
260000 656861.840891 6868999.628218 656871.839756 6868999.778924 656871.159039 6869044.942299 656861.160175 6869044.791593 656861.840891 6868999.628218 18.000000
265000 656849.609733 6869000.385992 656859.608598 6869000.536698 656858.990675 6869041.533869 656848.991811 6869041.383163 656849.609733 6869000.385992 18.000000
270000 656861.331632 6868980.348039 656871.330496 6868980.498745 656870.690218 6869022.979171 656860.691354 6869022.828465 656861.331632 6868980.348039 18.000000
275000 656852.812787 6868981.540875 656862.811651 6868981.691581 656862.111197 6869028.164478 656852.112333 6869028.013772 656852.812787 6868981.540875 18.000000
280000 656854.273670 6868993.519431 656864.272534 6868993.670137 656863.798920 6869025.092897 656853.800056 6869024.942191 656854.273670 6868993.519431 18.000000
285000 656858.045445 6868984.152871 656868.044309 6868984.303577 656867.460875 6869023.012565 656857.462011 6869022.861859 656858.045445 6868984.152871 18.000000
290000 656860.654304 6869020.353981 656870.653168 6869020.504688 656870.332085 6869041.807505 656860.333221 6869041.656799 656860.654304 6869020.353981 18.000000
290000 656870.664427 6868983.057510 656870.589074 6868988.056942 656863.054904 6868987.943384 656863.130258 6868982.943952 656870.664427 6868983.057510 6.000000
295000 656859.164479 6868997.997036 656869.163343 6868998.147743 656868.791745 6869022.802133 656858.792880 6869022.651426 656859.164479 6868997.997036 18.000000
300000 656871.753957 6869040.899691 656871.678604 6869045.899123 656865.685635 6869045.808795 656865.760988 6869040.809363 656871.753957 6869040.899691 6.000000
300000 656851.938674 6868986.920246 656861.937538 6868987.070952 656861.613857 6869008.546153 656851.614993 6869008.395447 656851.938674 6868986.920246 18.000000
305000 656861.623769 6868978.619296 656871.622633 6868978.770002 656870.877146 6869028.230664 656860.878282 6869028.079958 656861.623769 6868978.619296 18.000000
310000 656852.903026 6868992.242962 656862.901890 6868992.393668 656862.188703 6869039.711347 656852.189839 6869039.560641 656852.903026 6868992.242962 18.000000
315000 656855.644821 6868984.440995 656865.643685 6868984.591701 656865.087216 6869021.511633 656855.088352 6869021.360927 656855.644821 6868984.440995 18.000000
315000 656871.243132 6869043.684921 656871.167779 6869048.684353 656856.091916 6869048.457125 656856.167269 6869043.457693 656871.243132 6869043.684921 6.000000
320000 656860.218279 6868977.491285 656870.217143 6868977.641991 656869.748146 6869008.758427 656859.749282 6869008.607721 656860.218279 6868977.491285 18.000000
325000 656852.948825 6869005.815399 656862.947690 6869005.966105 656862.318096 6869047.737659 656852.319231 6869047.586953 656852.948825 6869005.815399 18.000000
330000 656849.258538 6869033.124582 656854.257970 6869033.199935 656854.076414 6869045.245608 656849.076981 6869045.170255 656849.258538 6869033.124582 6.000000
330000 656872.097022 6868996.622692 656871.946316 6869006.621557 656849.918445 6869006.289546 656850.069151 6868996.290681 656872.097022 6868996.622692 18.000000
330000 656866.547623 6869029.342098 656871.547055 6869029.417451 656871.326845 6869044.027646 656866.327413 6869043.952293 656866.547623 6869029.342098 6.000000
335000 656851.792063 6868981.176979 656861.790928 6868981.327685 656861.102592 6869026.996538 656851.103728 6869026.845832 656851.792063 6868981.176979 18.000000
340000 656854.856664 6868986.621919 656864.855529 6868986.772625 656864.200238 6869030.249085 656854.201373 6869030.098379 656854.856664 6868986.621919 18.000000
345000 656857.210287 6868986.348827 656867.209152 6868986.499533 656866.589866 6869027.587153 656856.591002 6869027.436447 656857.210287 6868986.348827 18.000000
345000 656869.295864 6869036.699414 656869.145158 6869046.698278 656850.072110 6869046.410803 656850.222816 6869036.411939 656869.295864 6869036.699414 18.000000
350000 656871.342640 6869028.213276 656871.267287 6869033.212708 656855.104095 6869032.969091 656855.179448 6869027.969659 656871.342640 6869028.213276 6.000000
350000 656866.527633 6868996.000197 656871.527066 6868996.075550 656871.299719 6869011.159290 656866.300287 6869011.083937 656866.527633 6868996.000197 6.000000
350000 656867.277851 6868988.378986 656867.202498 6868993.378418 656850.185008 6868993.121925 656850.260361 6868988.122493 656867.277851 6868988.378986 6.000000
355000 656854.390309 6868987.058103 656864.389174 6868987.208809 656863.717932 6869031.743531 656853.719068 6869031.592825 656854.390309 6868987.058103 18.000000
360000 656853.423991 6868985.180517 656863.422855 6868985.331224 656862.685458 6869034.255208 656852.686593 6869034.104502 656853.423991 6868985.180517 18.000000
365000 656856.095063 6869007.319661 656866.093927 6869007.470367 656865.487547 6869047.701741 656855.488683 6869047.551035 656856.095063 6869007.319661 18.000000
365000 656871.054799 6868981.214640 656870.979446 6868986.214072 656852.488147 6868985.935366 656852.563500 6868980.935933 656871.054799 6868981.214640 6.000000
370000 656860.919114 6868979.597063 656870.917979 6868979.747769 656870.253512 6869023.832999 656860.254648 6869023.682293 656860.919114 6868979.597063 18.000000
375000 656849.679100 6868984.756159 656859.677964 6868984.906865 656858.925360 6869034.839716 656848.926496 6869034.689010 656849.679100 6868984.756159 18.000000
380000 656857.977049 6868980.619346 656867.975913 6868980.770052 656867.242764 6869029.412183 656857.243899 6869029.261477 656857.977049 6868980.619346 18.000000
385000 656850.105664 6869014.048021 656860.104528 6869014.198727 656859.566048 6869049.925153 656849.567184 6869049.774446 656850.105664 6869014.048021 18.000000
390000 656852.390637 6868985.498650 656862.389502 6868985.649356 656861.721110 6869029.994968 656851.722246 6869029.844262 656852.390637 6868985.498650 18.000000
395000 656849.809927 6868980.007074 656854.809359 6868980.082427 656854.493763 6869001.021210 656849.494331 6869000.945857 656849.809927 6868980.007074 6.000000
395000 656866.932348 6869017.531438 656871.931781 6869017.606791 656871.717449 6869031.827014 656866.718017 6869031.751661 656866.932348 6869017.531438 6.000000
395000 656867.167591 6868990.444051 656872.167024 6868990.519405 656871.915075 6869007.235423 656866.915642 6869007.160069 656867.167591 6868990.444051 6.000000
400000 656851.016084 6868987.899236 656861.014948 6868988.049942 656860.311652 6869034.711392 656850.312788 6869034.560686 656851.016084 6868987.899236 18.000000
405000 656851.251081 6868987.106665 656861.249945 6868987.257371 656860.647999 6869027.194575 656850.649134 6869027.043869 656851.251081 6868987.106665 18.000000
405000 656870.905689 6869037.160230 656870.754983 6869047.159094 656850.495370 6869046.853735 656850.646076 6869036.854870 656870.905689 6869037.160230 18.000000
410000 656855.958608 6868979.981626 656865.957473 6868980.132332 656865.375387 6869018.751858 656855.376522 6869018.601152 656855.958608 6868979.981626 18.000000
415000 656871.741700 6868988.680378 656871.590994 6868998.679242 656850.350060 6868998.359092 656850.500766 6868988.360228 656871.741700 6868988.680378 18.000000
415000 656870.974688 6869017.352472 656870.823982 6869027.351337 656849.795927 6869027.034395 656849.946633 6869017.035531 656870.974688 6869017.352472 18.000000
420000 656849.610697 6868995.950467 656854.610129 6868996.025820 656854.289313 6869017.310917 656849.289881 6869017.235564 656849.610697 6868995.950467 6.000000
420000 656866.742746 6869014.033783 656871.742178 6869014.109136 656871.455223 6869033.147665 656866.455791 6869033.072312 656866.742746 6869014.033783 6.000000
425000 656850.332767 6868987.363414 656860.331631 6868987.514120 656859.690647 6869030.041391 656849.691782 6869029.890685 656850.332767 6868987.363414 18.000000
430000 656849.672312 6869003.434901 656854.671744 6869003.510254 656854.553156 6869011.378169 656849.553724 6869011.302816 656849.672312 6869003.434901 6.000000
430000 656866.865969 6868999.163268 656871.865401 6868999.238621 656871.687608 6869011.034621 656866.688176 6869010.959268 656866.865969 6868999.163268 6.000000
435000 656858.311049 6868977.939899 656868.309914 6868978.090606 656867.590150 6869025.844624 656857.591286 6869025.693918 656858.311049 6868977.939899 18.000000
440000 656857.561556 6868997.227343 656867.560420 6868997.378049 656866.813486 6869046.934756 656856.814621 6869046.784050 656857.561556 6868997.227343 18.000000
445000 656849.922881 6868991.594287 656859.921745 6868991.744993 656859.247462 6869036.481500 656849.248598 6869036.330794 656849.922881 6868991.594287 18.000000
450000 656849.363746 6868996.784950 656854.363178 6868996.860303 656854.150144 6869010.994392 656849.150712 6869010.919039 656849.363746 6868996.784950 6.000000
450000 656865.271515 6868978.693492 656865.196162 6868983.692924 656849.415847 6868983.455078 656849.491200 6868978.455646 656865.271515 6868978.693492 6.000000
455000 656861.486139 6868989.215980 656871.485004 6868989.366686 656870.850856 6869031.440361 656860.851992 6869031.289655 656861.486139 6868989.215980 18.000000
460000 656870.177166 6869039.324227 656870.026460 6869049.323091 656850.491590 6869049.028655 656850.642296 6869039.029791 656870.177166 6869039.324227 18.000000
465000 656854.455885 6868997.755549 656864.454750 6868997.906255 656863.767105 6869043.529284 656853.768240 6869043.378578 656854.455885 6868997.755549 18.000000
470000 656857.784193 6868999.933862 656867.783057 6869000.084568 656867.070761 6869047.343135 656857.071897 6869047.192429 656857.784193 6868999.933862 18.000000
475000 656872.056793 6868987.768029 656871.981440 6868992.767461 656861.779721 6868992.613698 656861.855074 6868987.614265 656872.056793 6868987.768029 6.000000
475000 656871.674962 6869036.849797 656871.524256 6869046.848662 656849.410714 6869046.515359 656849.561420 6869036.516495 656871.674962 6869036.849797 18.000000
475000 656868.903490 6869010.194989 656868.828137 6869015.194421 656854.275931 6869014.975085 656854.351284 6869009.975653 656868.903490 6869010.194989 6.000000
480000 656871.674962 6869036.849797 656871.524256 6869046.848662 656849.410714 6869046.515359 656849.561420 6869036.516495 656871.674962 6869036.849797 18.000000
480000 656857.301227 6868985.071864 656867.300091 6868985.222570 656866.726459 6869023.281248 656856.727594 6869023.130542 656857.301227 6868985.071864 18.000000
485000 656855.698690 6868983.293451 656865.697554 6868983.444157 656865.089918 6869023.758898 656855.091053 6869023.608192 656855.698690 6868983.293451 18.000000
490000 656866.826274 6869013.404972 656871.825706 6869013.480325 656871.586559 6869029.346964 656866.587127 6869029.271611 656866.826274 6869013.404972 6.000000
495000 656860.090225 6868991.881303 656870.089090 6868992.032009 656869.339060 6869041.794063 656859.340196 6869041.643357 656860.090225 6868991.881303 18.000000
500000 656856.081994 6868985.788126 656866.080859 6868985.938832 656865.358037 6869033.895757 656855.359172 6869033.745051 656856.081994 6868985.788126 18.000000
505000 656871.318475 6869036.232961 656871.167769 6869046.231825 656848.975703 6869045.897339 656849.126409 6869035.898475 656871.318475 6869036.232961 18.000000
505000 656858.090112 6868986.043115 656868.088977 6868986.193821 656867.401565 6869031.801392 656857.402700 6869031.650686 656858.090112 6868986.043115 18.000000
510000 656871.687394 6868988.126818 656871.536688 6868998.125682 656850.230353 6868997.804546 656850.381059 6868987.805682 656871.687394 6868988.126818 18.000000
510000 656861.747476 6869006.269128 656871.746340 6869006.419834 656871.320786 6869034.653983 656861.321922 6869034.503277 656861.747476 6869006.269128 18.000000
515000 656854.833506 6868986.725068 656864.832370 6868986.875774 656864.303396 6869021.971537 656854.304531 6869021.820831 656854.833506 6868986.725068 18.000000
520000 656850.362258 6869004.874483 656860.361122 6869005.025189 656859.903890 6869035.361107 656849.905025 6869035.210401 656850.362258 6869004.874483 18.000000
520000 656849.347683 6868978.753257 656854.347115 6868978.828610 656854.237380 6868986.109217 656849.237947 6868986.033864 656849.347683 6868978.753257 6.000000
525000 656868.777624 6869009.396844 656868.626918 6869019.395708 656851.768264 6869019.141609 656851.918970 6869009.142745 656868.777624 6869009.396844 18.000000
530000 656867.129047 6868985.506793 656872.128479 6868985.582146 656871.759231 6869010.080566 656866.759799 6869010.005213 656867.129047 6868985.506793 6.000000
530000 656849.151591 6869006.412936 656854.151023 6869006.488289 656853.947632 6869019.982621 656848.948200 6869019.907268 656849.151591 6869006.412936 6.000000
530000 656849.811804 6868978.910369 656854.811237 6868978.985722 656854.533739 6868997.396793 656849.534307 6868997.321440 656849.811804 6868978.910369 6.000000
535000 656860.438409 6868989.501233 656870.437273 6868989.651939 656869.723912 6869036.981136 656859.725048 6869036.830430 656860.438409 6868989.501233 18.000000
535000 656849.113587 6869008.577572 656854.113019 6869008.652925 656853.952842 6869019.280177 656848.953410 6869019.204824 656849.113587 6869008.577572 6.000000
540000 656870.629451 6869002.529380 656870.478745 6869012.528244 656850.115890 6869012.221329 656850.266596 6869002.222464 656870.629451 6869002.529380 18.000000
540000 656871.978262 6868981.457612 656871.827556 6868991.456476 656849.313188 6868991.117133 656849.463894 6868981.118268 656871.978262 6868981.457612 18.000000
545000 656870.629451 6869002.529380 656870.478745 6869012.528244 656850.115890 6869012.221329 656850.266596 6869002.222464 656870.629451 6869002.529380 18.000000
545000 656871.978262 6868981.457612 656871.827556 6868991.456476 656849.313188 6868991.117133 656849.463894 6868981.118268 656871.978262 6868981.457612 18.000000
545000 656864.052340 6869039.993631 656863.976987 6869044.993063 656848.748865 6869044.763540 656848.824218 6869039.764108 656864.052340 6869039.993631 6.000000
550000 656871.978262 6868981.457612 656871.827556 6868991.456476 656849.313188 6868991.117133 656849.463894 6868981.118268 656871.978262 6868981.457612 18.000000
550000 656871.880731 6869022.397099 656871.805378 6869027.396531 656864.588498 6869027.287756 656864.663851 6869022.288324 656871.880731 6869022.397099 6.000000
550000 656865.617365 6869035.172339 656865.542012 6869040.171771 656849.068194 6869039.923472 656849.143547 6869034.924040 656865.617365 6869035.172339 6.000000
555000 656855.993412 6868993.287654 656865.992277 6868993.438360 656865.274052 6869041.090256 656855.275188 6869040.939550 656855.993412 6868993.287654 18.000000
560000 656857.556870 6868981.750913 656867.555734 6868981.901619 656866.868664 6869027.486543 656856.869799 6869027.335837 656857.556870 6868981.750913 18.000000
565000 656858.836096 6868994.514637 656868.834960 6868994.665343 656868.106282 6869043.010792 656858.107418 6869042.860086 656858.836096 6868994.514637 18.000000
570000 656849.387492 6868982.207289 656854.386925 6868982.282642 656854.179858 6868996.020821 656849.180426 6868995.945468 656849.387492 6868982.207289 6.000000
570000 656866.894246 6868989.451438 656871.893678 6868989.526791 656871.555624 6869011.955635 656866.556192 6869011.880282 656866.894246 6868989.451438 6.000000
575000 656870.679400 6868978.975294 656870.528693 6868988.974159 656851.577617 6868988.688522 656851.728323 6868978.689658 656870.679400 6868978.975294 18.000000
575000 656866.791636 6869018.458599 656871.791068 6869018.533952 656871.518314 6869036.630286 656866.518882 6869036.554933 656866.791636 6869018.458599 6.000000
575000 656849.176436 6869012.587139 656854.175869 6869012.662492 656853.884210 6869032.013117 656848.884778 6869031.937764 656849.176436 6869012.587139 6.000000
580000 656871.353014 6869035.397650 656871.202308 6869045.396515 656849.351094 6869045.067166 656849.501800 6869035.068302 656871.353014 6869035.397650 18.000000
580000 656855.447249 6868979.014342 656865.446113 6868979.165049 656864.951726 6869011.966045 656854.952862 6869011.815339 656855.447249 6868979.014342 18.000000
585000 656871.353014 6869035.397650 656871.202308 6869045.396515 656849.351094 6869045.067166 656849.501800 6869035.068302 656871.353014 6869035.397650 18.000000
585000 656870.805431 6869003.251444 656870.654725 6869013.250309 656850.327875 6869012.943936 656850.478581 6869002.945072 656870.805431 6869003.251444 18.000000
590000 656856.703524 6868997.799094 656866.702388 6868997.949800 656866.123793 6869036.337742 656856.124929 6869036.187036 656856.703524 6868997.799094 18.000000
595000 656859.102125 6868982.979694 656869.100989 6868983.130400 656868.360362 6869032.268669 656858.361497 6869032.117963 656859.102125 6868982.979694 18.000000
600000 656850.591480 6868989.102872 656860.590345 6868989.253578 656859.859051 6869037.772589 656849.860186 6869037.621883 656850.591480 6868989.102872 18.000000
605000 656855.280428 6869005.234664 656865.279292 6869005.385370 656864.664165 6869046.197075 656854.665301 6869046.046369 656855.280428 6869005.234664 18.000000
605000 656871.081742 6868981.955242 656870.931036 6868991.954106 656849.174320 6868991.626182 656849.325026 6868981.627318 656871.081742 6868981.955242 18.000000
610000 656871.081742 6868981.955242 656870.931036 6868991.954106 656849.174320 6868991.626182 656849.325026 6868981.627318 656871.081742 6868981.955242 18.000000
610000 656850.615456 6869007.964832 656860.614320 6869008.115538 656860.067586 6869044.389623 656850.068721 6869044.238917 656850.615456 6869007.964832 18.000000
615000 656871.944903 6868981.027092 656871.794197 6868991.025956 656849.405545 6868990.688507 656849.556251 6868980.689643 656871.944903 6868981.027092 18.000000
615000 656855.815413 6869004.673033 656865.814277 6869004.823739 656865.163258 6869048.016767 656855.164394 6869047.866061 656855.815413 6869004.673033 18.000000
620000 656870.525847 6868988.179925 656870.375141 6868998.178790 656849.190734 6868997.859491 656849.341440 6868987.860627 656870.525847 6868988.179925 18.000000
620000 656870.671826 6869017.764248 656870.521120 6869027.763112 656850.062733 6869027.454757 656850.213439 6869017.455893 656870.671826 6869017.764248 18.000000
625000 656871.703614 6868990.581241 656871.552908 6869000.580105 656850.871093 6869000.268382 656851.021799 6868990.269518 656871.703614 6868990.581241 18.000000
625000 656870.921418 6869009.235796 656870.770712 6869019.234660 656849.359846 6869018.911949 656849.510552 6869008.913085 656870.921418 6869009.235796 18.000000
630000 656871.987635 6868999.946431 656871.836929 6869009.945295 656850.597582 6869009.625169 656850.748288 6868999.626305 656871.987635 6868999.946431 18.000000
630000 656870.571352 6868983.661766 656870.420646 6868993.660630 656849.561220 6868993.346230 656849.711926 6868983.347366 656870.571352 6868983.661766 18.000000
630000 656871.484617 6869027.574639 656871.333911 6869037.573504 656851.091486 6869037.268403 656851.242192 6869027.269539 656871.484617 6869027.574639 18.000000
635000 656870.571352 6868983.661766 656870.420646 6868993.660630 656849.561220 6868993.346230 656849.711926 6868983.347366 656870.571352 6868983.661766 18.000000
635000 656869.825769 6869011.800050 656869.675063 6869021.798914 656849.770378 6869021.498904 656849.921085 6869011.500040 656869.825769 6869011.800050 18.000000
640000 656870.571352 6868983.661766 656870.420646 6868993.660630 656849.561220 6868993.346230 656849.711926 6868983.347366 656870.571352 6868983.661766 18.000000
640000 656861.777084 6869008.079589 656871.775949 6869008.230295 656871.176667 6869047.990739 656861.177802 6869047.840033 656861.777084 6869008.079589 18.000000
645000 656850.341810 6868999.422473 656860.340674 6868999.573179 656859.684962 6869043.077609 656849.686097 6869042.926903 656850.341810 6868999.422473 18.000000
650000 656866.592059 6869002.328240 656866.516706 6869007.327672 656849.607685 6869007.072814 656849.683038 6869002.073382 656866.592059 6869002.328240 6.000000
650000 656871.733072 6869018.056968 656871.657719 6869023.056400 656861.377389 6869022.901452 656861.452742 6869017.902020 656871.733072 6869018.056968 6.000000
655000 656849.266976 6869015.826947 656854.266408 6869015.902300 656853.975465 6869035.205436 656848.976033 6869035.130083 656849.266976 6869015.826947 6.000000
655000 656869.748827 6868982.606347 656869.598121 6868992.605211 656849.683404 6868992.305050 656849.834111 6868982.306186 656869.748827 6868982.606347 18.000000
655000 656871.708418 6869029.310433 656871.633065 6869034.309865 656861.247113 6869034.153325 656861.322466 6869029.153893 656871.708418 6869029.310433 6.000000
660000 656871.676245 6869042.873664 656871.600892 6869047.873096 656857.597667 6869047.662035 656857.673020 6869042.662603 656871.676245 6869042.873664 6.000000
660000 656870.703570 6868986.868851 656870.552864 6868996.867715 656851.323511 6868996.577884 656851.474217 6868986.579020 656870.703570 6868986.868851 18.000000
665000 656871.812249 6869008.854492 656871.736896 6869013.853924 656849.103001 6869013.512779 656849.178354 6869008.513347 656871.812249 6869008.854492 6.000000
665000 656867.065313 6868983.474427 656872.064745 6868983.549780 656871.880854 6868995.750358 656866.881422 6868995.675005 656867.065313 6868983.474427 6.000000
670000 656852.152173 6868994.186343 656862.151037 6868994.337049 656861.547717 6869034.365419 656851.548852 6869034.214713 656852.152173 6868994.186343 18.000000
675000 656866.832747 6868986.369552 656871.832179 6868986.444905 656871.568227 6869003.957281 656866.568794 6869003.881928 656866.832747 6868986.369552 6.000000
675000 656860.637584 6868999.951497 656860.562231 6869004.950930 656849.085382 6869004.777947 656849.160735 6868999.778515 656860.637584 6868999.951497 6.000000
680000 656870.726838 6869029.590836 656870.576132 6869039.589700 656850.138491 6869039.281657 656850.289197 6869029.282793 656870.726838 6869029.590836 18.000000
680000 656851.598078 6868980.088755 656861.596942 6868980.239461 656860.930052 6869024.485467 656850.931188 6869024.334761 656851.598078 6868980.088755 18.000000
685000 656869.977256 6868980.024650 656869.826550 6868990.023514 656851.217575 6868989.743034 656851.368281 6868979.744169 656869.977256 6868980.024650 18.000000
685000 656859.440671 6869000.268700 656869.439535 6869000.419406 656868.790687 6869043.468439 656858.791822 6869043.317733 656859.440671 6869000.268700 18.000000
690000 656866.811261 6868986.220635 656871.810693 6868986.295989 656871.435750 6869011.172238 656866.436318 6869011.096885 656866.811261 6868986.220635 6.000000
690000 656866.496234 6869020.046237 656871.495666 6869020.121590 656871.133131 6869044.174677 656866.133698 6869044.099324 656866.496234 6869020.046237 6.000000
695000 656871.145602 6869016.517198 656870.994896 6869026.516063 656850.818278 6869026.211954 656850.968984 6869016.213090 656871.145602 6869016.517198 18.000000
700000 656862.027177 6868984.006231 656872.026041 6868984.156937 656871.320552 6869030.963872 656861.321688 6869030.813165 656862.027177 6868984.006231 18.000000
700000 656870.395503 6869037.877975 656870.244797 6869047.876839 656850.353639 6869047.577033 656850.504345 6869037.578169 656870.395503 6869037.877975 18.000000
705000 656870.395503 6869037.877975 656870.244797 6869047.876839 656850.353639 6869047.577033 656850.504345 6869037.578169 656870.395503 6869037.877975 18.000000
705000 656861.472787 6868990.411636 656871.471652 6868990.562342 656870.949424 6869025.210466 656860.950560 6869025.059760 656861.472787 6868990.411636 18.000000
710000 656870.395503 6869037.877975 656870.244797 6869047.876839 656850.353639 6869047.577033 656850.504345 6869037.578169 656870.395503 6869037.877975 18.000000
710000 656871.440794 6869011.480812 656871.290088 6869021.479676 656849.364648 6869021.149209 656849.515354 6869011.150345 656871.440794 6869011.480812 18.000000
710000 656872.084528 6868984.455736 656872.009175 6868989.455168 656866.858572 6868989.377537 656866.933925 6868984.378105 656872.084528 6868984.455736 6.000000
715000 656870.687456 6868997.955932 656870.536750 6869007.954796 656849.953550 6869007.644560 656850.104256 6868997.645695 656870.687456 6868997.955932 18.000000
715000 656870.517822 6869026.087215 656870.367116 6869036.086079 656848.861111 6869035.761934 656849.011817 6869025.763069 656870.517822 6869026.087215 18.000000
720000 656870.687456 6868997.955932 656870.536750 6869007.954796 656849.953550 6869007.644560 656850.104256 6868997.645695 656870.687456 6868997.955932 18.000000
720000 656870.517822 6869026.087215 656870.367116 6869036.086079 656848.861111 6869035.761934 656849.011817 6869025.763069 656870.517822 6869026.087215 18.000000
720000 656871.601869 6868978.561254 656871.451163 6868988.560118 656850.563023 6868988.245285 656850.713729 6868978.246421 656871.601869 6868978.561254 18.000000
725000 656870.687456 6868997.955932 656870.536750 6869007.954796 656849.953550 6869007.644560 656850.104256 6868997.645695 656870.687456 6868997.955932 18.000000
725000 656870.517822 6869026.087215 656870.367116 6869036.086079 656848.861111 6869035.761934 656849.011817 6869025.763069 656870.517822 6869026.087215 18.000000
725000 656871.601869 6868978.561254 656871.451163 6868988.560118 656850.563023 6868988.245285 656850.713729 6868978.246421 656871.601869 6868978.561254 18.000000
730000 656870.687456 6868997.955932 656870.536750 6869007.954796 656849.953550 6869007.644560 656850.104256 6868997.645695 656870.687456 6868997.955932 18.000000
730000 656871.601869 6868978.561254 656871.451163 6868988.560118 656850.563023 6868988.245285 656850.713729 6868978.246421 656871.601869 6868978.561254 18.000000
730000 656871.315178 6869021.773596 656871.164472 6869031.772460 656849.697122 6869031.448898 656849.847828 6869021.450033 656871.315178 6869021.773596 18.000000
735000 656871.601869 6868978.561254 656871.451163 6868988.560118 656850.563023 6868988.245285 656850.713729 6868978.246421 656871.601869 6868978.561254 18.000000
735000 656871.315178 6869021.773596 656871.164472 6869031.772460 656849.697122 6869031.448898 656849.847828 6869021.450033 656871.315178 6869021.773596 18.000000
735000 656871.877988 6868997.859809 656871.727282 6869007.858674 656849.766379 6869007.527672 656849.917085 6868997.528808 656871.877988 6868997.859809 18.000000
740000 656871.601869 6868978.561254 656871.451163 6868988.560118 656850.563023 6868988.245285 656850.713729 6868978.246421 656871.601869 6868978.561254 18.000000
740000 656871.315178 6869021.773596 656871.164472 6869031.772460 656849.697122 6869031.448898 656849.847828 6869021.450033 656871.315178 6869021.773596 18.000000
740000 656871.877988 6868997.859809 656871.727282 6869007.858674 656849.766379 6869007.527672 656849.917085 6868997.528808 656871.877988 6868997.859809 18.000000
745000 656871.601869 6868978.561254 656871.451163 6868988.560118 656850.563023 6868988.245285 656850.713729 6868978.246421 656871.601869 6868978.561254 18.000000
745000 656871.315178 6869021.773596 656871.164472 6869031.772460 656849.697122 6869031.448898 656849.847828 6869021.450033 656871.315178 6869021.773596 18.000000
745000 656871.877988 6868997.859809 656871.727282 6869007.858674 656849.766379 6869007.527672 656849.917085 6868997.528808 656871.877988 6868997.859809 18.000000
750000 656871.601869 6868978.561254 656871.451163 6868988.560118 656850.563023 6868988.245285 656850.713729 6868978.246421 656871.601869 6868978.561254 18.000000
750000 656871.315178 6869021.773596 656871.164472 6869031.772460 656849.697122 6869031.448898 656849.847828 6869021.450033 656871.315178 6869021.773596 18.000000
750000 656871.877988 6868997.859809 656871.727282 6869007.858674 656849.766379 6869007.527672 656849.917085 6868997.528808 656871.877988 6868997.859809 18.000000
755000 656871.601869 6868978.561254 656871.451163 6868988.560118 656850.563023 6868988.245285 656850.713729 6868978.246421 656871.601869 6868978.561254 18.000000
755000 656871.315178 6869021.773596 656871.164472 6869031.772460 656849.697122 6869031.448898 656849.847828 6869021.450033 656871.315178 6869021.773596 18.000000
755000 656871.877988 6868997.859809 656871.727282 6869007.858674 656849.766379 6869007.527672 656849.917085 6868997.528808 656871.877988 6868997.859809 18.000000
760000 656871.601869 6868978.561254 656871.451163 6868988.560118 656850.563023 6868988.245285 656850.713729 6868978.246421 656871.601869 6868978.561254 18.000000
760000 656871.315178 6869021.773596 656871.164472 6869031.772460 656849.697122 6869031.448898 656849.847828 6869021.450033 656871.315178 6869021.773596 18.000000
760000 656871.877988 6868997.859809 656871.727282 6869007.858674 656849.766379 6869007.527672 656849.917085 6868997.528808 656871.877988 6868997.859809 18.000000
765000 656871.601869 6868978.561254 656871.451163 6868988.560118 656850.563023 6868988.245285 656850.713729 6868978.246421 656871.601869 6868978.561254 18.000000
765000 656871.315178 6869021.773596 656871.164472 6869031.772460 656849.697122 6869031.448898 656849.847828 6869021.450033 656871.315178 6869021.773596 18.000000
765000 656871.877988 6868997.859809 656871.727282 6869007.858674 656849.766379 6869007.527672 656849.917085 6868997.528808 656871.877988 6868997.859809 18.000000
770000 656871.601869 6868978.561254 656871.451163 6868988.560118 656850.563023 6868988.245285 656850.713729 6868978.246421 656871.601869 6868978.561254 18.000000
770000 656871.315178 6869021.773596 656871.164472 6869031.772460 656849.697122 6869031.448898 656849.847828 6869021.450033 656871.315178 6869021.773596 18.000000
770000 656871.877988 6868997.859809 656871.727282 6869007.858674 656849.766379 6869007.527672 656849.917085 6868997.528808 656871.877988 6868997.859809 18.000000
770000 656871.173677 6869037.975111 656871.022971 6869047.973975 656849.165258 6869047.644529 656849.315964 6869037.645665 656871.173677 6869037.975111 18.000000
775000 656871.601869 6868978.561254 656871.451163 6868988.560118 656850.563023 6868988.245285 656850.713729 6868978.246421 656871.601869 6868978.561254 18.000000
775000 656871.315178 6869021.773596 656871.164472 6869031.772460 656849.697122 6869031.448898 656849.847828 6869021.450033 656871.315178 6869021.773596 18.000000
775000 656871.877988 6868997.859809 656871.727282 6869007.858674 656849.766379 6869007.527672 656849.917085 6868997.528808 656871.877988 6868997.859809 18.000000
775000 656871.173677 6869037.975111 656871.022971 6869047.973975 656849.165258 6869047.644529 656849.315964 6869037.645665 656871.173677 6869037.975111 18.000000
780000 656871.315178 6869021.773596 656871.164472 6869031.772460 656849.697122 6869031.448898 656849.847828 6869021.450033 656871.315178 6869021.773596 18.000000
780000 656871.877988 6868997.859809 656871.727282 6869007.858674 656849.766379 6869007.527672 656849.917085 6868997.528808 656871.877988 6868997.859809 18.000000
780000 656871.173677 6869037.975111 656871.022971 6869047.973975 656849.165258 6869047.644529 656849.315964 6869037.645665 656871.173677 6869037.975111 18.000000
785000 656871.315178 6869021.773596 656871.164472 6869031.772460 656849.697122 6869031.448898 656849.847828 6869021.450033 656871.315178 6869021.773596 18.000000
785000 656871.173677 6869037.975111 656871.022971 6869047.973975 656849.165258 6869047.644529 656849.315964 6869037.645665 656871.173677 6869037.975111 18.000000
785000 656871.814813 6869003.028784 656871.664107 6869013.027649 656849.632370 6869012.695579 656849.783076 6869002.696715 656871.814813 6869003.028784 18.000000
790000 656871.315178 6869021.773596 656871.164472 6869031.772460 656849.697122 6869031.448898 656849.847828 6869021.450033 656871.315178 6869021.773596 18.000000
790000 656871.173677 6869037.975111 656871.022971 6869047.973975 656849.165258 6869047.644529 656849.315964 6869037.645665 656871.173677 6869037.975111 18.000000
790000 656872.148136 6868990.781153 656871.997429 6869000.780017 656849.663140 6869000.443388 656849.813846 6868990.444523 656872.148136 6868990.781153 18.000000
795000 656871.315178 6869021.773596 656871.164472 6869031.772460 656849.697122 6869031.448898 656849.847828 6869021.450033 656871.315178 6869021.773596 18.000000
795000 656871.173677 6869037.975111 656871.022971 6869047.973975 656849.165258 6869047.644529 656849.315964 6869037.645665 656871.173677 6869037.975111 18.000000
795000 656872.148136 6868990.781153 656871.997429 6869000.780017 656849.663140 6869000.443388 656849.813846 6868990.444523 656872.148136 6868990.781153 18.000000
800000 656871.315178 6869021.773596 656871.164472 6869031.772460 656849.697122 6869031.448898 656849.847828 6869021.450033 656871.315178 6869021.773596 18.000000
800000 656871.173677 6869037.975111 656871.022971 6869047.973975 656849.165258 6869047.644529 656849.315964 6869037.645665 656871.173677 6869037.975111 18.000000
800000 656872.148136 6868990.781153 656871.997429 6869000.780017 656849.663140 6869000.443388 656849.813846 6868990.444523 656872.148136 6868990.781153 18.000000
805000 656871.315178 6869021.773596 656871.164472 6869031.772460 656849.697122 6869031.448898 656849.847828 6869021.450033 656871.315178 6869021.773596 18.000000
805000 656871.173677 6869037.975111 656871.022971 6869047.973975 656849.165258 6869047.644529 656849.315964 6869037.645665 656871.173677 6869037.975111 18.000000
805000 656872.148136 6868990.781153 656871.997429 6869000.780017 656849.663140 6869000.443388 656849.813846 6868990.444523 656872.148136 6868990.781153 18.000000
810000 656871.315178 6869021.773596 656871.164472 6869031.772460 656849.697122 6869031.448898 656849.847828 6869021.450033 656871.315178 6869021.773596 18.000000
810000 656871.173677 6869037.975111 656871.022971 6869047.973975 656849.165258 6869047.644529 656849.315964 6869037.645665 656871.173677 6869037.975111 18.000000
810000 656872.148136 6868990.781153 656871.997429 6869000.780017 656849.663140 6869000.443388 656849.813846 6868990.444523 656872.148136 6868990.781153 18.000000
815000 656871.173677 6869037.975111 656871.022971 6869047.973975 656849.165258 6869047.644529 656849.315964 6869037.645665 656871.173677 6869037.975111 18.000000
815000 656871.751937 6868984.149243 656871.601231 6868994.148107 656849.172875 6868993.810060 656849.323581 6868983.811196 656871.751937 6868984.149243 18.000000
815000 656871.934616 6869018.390377 656871.783910 6869028.389242 656849.471409 6869028.052941 656849.622115 6869018.054076 656871.934616 6869018.390377 18.000000
820000 656871.173677 6869037.975111 656871.022971 6869047.973975 656849.165258 6869047.644529 656849.315964 6869037.645665 656871.173677 6869037.975111 18.000000
820000 656871.751937 6868984.149243 656871.601231 6868994.148107 656849.172875 6868993.810060 656849.323581 6868983.811196 656871.751937 6868984.149243 18.000000
820000 656871.934616 6869018.390377 656871.783910 6869028.389242 656849.471409 6869028.052941 656849.622115 6869018.054076 656871.934616 6869018.390377 18.000000
825000 656871.173677 6869037.975111 656871.022971 6869047.973975 656849.165258 6869047.644529 656849.315964 6869037.645665 656871.173677 6869037.975111 18.000000
825000 656871.751937 6868984.149243 656871.601231 6868994.148107 656849.172875 6868993.810060 656849.323581 6868983.811196 656871.751937 6868984.149243 18.000000
825000 656871.934616 6869018.390377 656871.783910 6869028.389242 656849.471409 6869028.052941 656849.622115 6869018.054076 656871.934616 6869018.390377 18.000000
825293 656871.173677 6869037.975111 656871.022971 6869047.973975 656849.165258 6869047.644529 656849.315964 6869037.645665 656871.173677 6869037.975111 18.000000
825293 656871.751937 6868984.149243 656871.601231 6868994.148107 656849.172875 6868993.810060 656849.323581 6868983.811196 656871.751937 6868984.149243 18.000000
825293 656871.934616 6869018.390377 656871.783910 6869028.389242 656849.471409 6869028.052941 656849.622115 6869018.054076 656871.934616 6869018.390377 18.000000
825293 656871.979716 6869002.333167 656871.829010 6869012.332031 656849.853199 6869012.000805 656850.003905 6869002.001941 656871.979716 6869002.333167 18.000000
