5000 656849.048388 6869019.486640 656854.047820 6869019.561994 656853.846575 6869032.913930 656848.847143 6869032.838577 656849.048388 6869019.486640 6.000000
5000 656866.860493 6868992.390835 656871.859925 6868992.466188 656871.506929 6869015.886381 656866.507497 6869015.811028 656866.860493 6868992.390835 6.000000
10000 656855.125683 6869009.276452 656865.124547 6869009.427159 656864.505036 6869050.529741 656854.506172 6869050.379035 656855.125683 6869009.276452 18.000000
15000 656870.254550 6868998.534087 656870.179197 6869003.533520 656860.954637 6869003.394484 656861.029990 6868998.395052 656870.254550 6868998.534087 6.000000
20000 656851.041895 6869007.843028 656861.040759 6869007.993734 656860.404059 6869050.236753 656850.405195 6869050.086047 656851.041895 6869007.843028 18.000000
25000 656871.457818 6868984.895136 656871.307112 6868994.894000 656849.929595 6868994.571792 656850.080302 6868984.572927 656871.457818 6868984.895136 18.000000
25000 656861.334287 6869000.001376 656871.333152 6869000.152082 656870.598986 6869048.861645 656860.600121 6869048.710938 656861.334287 6869000.001376 18.000000
30000 656850.063582 6869009.224754 656860.062447 6869009.375460 656859.570686 6869042.002208 656849.571821 6869041.851502 656850.063582 6869009.224754 18.000000
30000 656869.439155 6868980.730139 656869.363802 6868985.729572 656863.987699 6868985.648541 656864.063052 6868980.649109 656869.439155 6868980.730139 6.000000
35000 656855.664319 6869011.164126 656865.663183 6869011.314832 656865.263938 6869037.803464 656855.265073 6869037.652758 656855.664319 6869011.164126 18.000000
50000 656850.445937 6869018.857297 656860.444801 6869019.008003 656860.008509 6869047.954577 656850.009645 6869047.803871 656850.445937 6869018.857297 18.000000
50000 656869.816418 6868990.001667 656869.665712 6869000.000531 656849.496836 6868999.696540 656849.647542 6868989.697675 656869.816418 6868990.001667 18.000000
55000 656857.931455 6869001.698794 656867.930320 6869001.849500 656867.335562 6869041.309732 656857.336698 6869041.159026 656857.931455 6869001.698794 18.000000
60000 656866.808022 6868981.886291 656871.807454 6868981.961644 656871.497524 6869002.524550 656866.498091 6869002.449197 656866.808022 6868981.886291 6.000000
65000 656872.213359 6868977.539956 656872.062653 6868987.538820 656849.338253 6868987.196311 656849.488959 6868977.197447 656872.213359 6868977.539956 18.000000
65000 656852.235570 6869005.125838 656862.234435 6869005.276544 656861.624852 6869045.720417 656851.625987 6869045.569711 656852.235570 6869005.125838 18.000000
70000 656851.436428 6868981.623644 656861.435292 6868981.774351 656860.739020 6869027.969807 656850.740155 6869027.819101 656851.436428 6868981.623644 18.000000
75000 656850.614830 6869014.927044 656860.613694 6869015.077750 656860.125255 6869047.484085 656850.126391 6869047.333379 656850.614830 6869014.927044 18.000000
80000 656862.086142 6868987.791441 656872.085006 6868987.942147 656871.771022 6869008.773975 656861.772158 6869008.623269 656862.086142 6868987.791441 18.000000
80000 656851.378403 6869009.988706 656861.377267 6869010.139413 656861.061511 6869031.088791 656851.062647 6869030.938085 656851.378403 6869009.988706 18.000000
85000 656849.307194 6868994.127916 656854.306626 6868994.203269 656854.113139 6869007.040532 656849.113707 6869006.965179 656849.307194 6868994.127916 6.000000
85000 656863.012484 6869032.016117 656868.011916 6869032.091470 656867.739711 6869050.151387 656862.740279 6869050.076034 656863.012484 6869032.016117 6.000000
90000 656849.168786 6869026.705552 656854.168219 6869026.780905 656854.046661 6869034.845885 656849.047228 6869034.770532 656849.168786 6869026.705552 6.000000
90000 656866.853922 6869010.833814 656871.853355 6869010.909167 656871.515936 6869033.295827 656866.516503 6869033.220474 656866.853922 6869010.833814 6.000000
95000 656858.984275 6868979.764135 656858.908922 6868984.763567 656849.422716 6868984.620588 656849.498070 6868979.621156 656858.984275 6868979.764135 6.000000
95000 656850.467229 6869014.757887 656860.466093 6869014.908593 656859.993278 6869046.278397 656849.994413 6869046.127691 656850.467229 6869014.757887 18.000000
100000 656871.338967 6869037.040130 656871.188261 6869047.038994 656849.835901 6869046.717164 656849.986607 6869036.718300 656871.338967 6869037.040130 18.000000
105000 656859.391862 6869015.252741 656869.390726 6869015.403447 656868.958528 6869044.078434 656858.959663 6869043.927727 656859.391862 6869015.252741 18.000000
110000 656849.903186 6869007.545322 656854.902618 6869007.620675 656854.682099 6869022.251454 656849.682667 6869022.176101 656849.903186 6869007.545322 6.000000
110000 656870.907322 6869012.484884 656870.831969 6869017.484316 656859.014927 6869017.306206 656859.090280 6869012.306773 656870.907322 6869012.484884 6.000000
110000 656866.449214 6869006.084729 656871.448646 6869006.160082 656871.241058 6869019.932914 656866.241626 6869019.857561 656866.449214 6869006.084729 6.000000
110000 656861.800003 6869035.982906 656866.799435 6869036.058259 656866.715107 6869041.653189 656861.715674 6869041.577836 656861.800003 6869035.982906 6.000000
115000 656853.359195 6868979.422899 656863.358060 6868979.573605 656862.660160 6869025.877029 656852.661296 6869025.726323 656853.359195 6868979.422899 18.000000
120000 656853.506330 6868994.494268 656863.505195 6868994.644974 656862.955282 6869031.129925 656852.956418 6869030.979219 656853.506330 6868994.494268 18.000000
125000 656854.588281 6869012.347409 656864.587146 6869012.498115 656864.238689 6869035.617093 656854.239825 6869035.466387 656854.588281 6869012.347409 18.000000
130000 656849.742801 6869000.597260 656859.741665 6869000.747966 656859.232323 6869034.541198 656849.233459 6869034.390492 656849.742801 6869000.597260 18.000000
135000 656849.332205 6868988.436644 656854.331637 6868988.511998 656854.153840 6869000.308250 656849.154408 6869000.232897 656849.332205 6868988.436644 6.000000
140000 656871.285571 6869031.421574 656871.134865 6869041.420439 656850.674370 6869041.112051 656850.825076 6869031.113187 656871.285571 6869031.421574 18.000000
140000 656860.746181 6868983.233531 656870.745046 6868983.384237 656870.186354 6869020.451647 656860.187490 6869020.300941 656860.746181 6868983.233531 18.000000
145000 656851.915653 6868986.890181 656861.914517 6868987.040887 656861.540026 6869011.887186 656851.541161 6869011.736480 656851.915653 6868986.890181 18.000000
150000 656859.686475 6869038.504608 656869.685339 6869038.655314 656869.503915 6869050.692200 656859.505051 6869050.541494 656859.686475 6869038.504608 18.000000
155000 656859.505019 6869004.019148 656864.504451 6869004.094502 656864.270047 6869019.646423 656859.270615 6869019.571070 656859.505019 6869004.019148 6.000000
160000 656866.559816 6869012.268230 656871.559249 6869012.343583 656871.348083 6869026.353748 656866.348651 6869026.278395 656866.559816 6869012.268230 6.000000
160000 656850.132764 6868988.460658 656855.132196 6868988.536011 656854.768524 6869012.664433 656849.769092 6869012.589080 656850.132764 6868988.460658 6.000000
165000 656870.905945 6869026.294293 656870.755239 6869036.293158 656849.117028 6869035.967020 656849.267734 6869025.968155 656870.905945 6869026.294293 18.000000
165000 656870.132869 6868986.314370 656869.982163 6868996.313234 656851.030389 6868996.027587 656851.181095 6868986.028723 656870.132869 6868986.314370 18.000000
170000 656872.140999 6868982.766697 656871.990293 6868992.765561 656849.293874 6868992.423473 656849.444580 6868982.424609 656872.140999 6868982.766697 18.000000
170000 656860.114301 6869003.241761 656870.113165 6869003.392467 656869.624727 6869035.798776 656859.625863 6869035.648070 656860.114301 6869003.241761 18.000000
175000 656871.004815 6868980.158897 656870.854109 6868990.157761 656850.284209 6868989.847725 656850.434915 6868979.848861 656871.004815 6868980.158897 18.000000
175000 656871.264409 6869011.762906 656871.113702 6869021.761770 656849.969547 6869021.443079 656850.120253 6869011.444214 656871.264409 6869011.762906 18.000000
180000 656871.190078 6868982.688039 656871.039371 6868992.686903 656849.296800 6868992.359192 656849.447506 6868982.360328 656871.190078 6868982.688039 18.000000
180000 656866.958377 6869014.700133 656871.957810 6869014.775486 656871.827916 6869023.393506 656866.828484 6869023.318153 656866.958377 6869014.700133 6.000000
185000 656858.489973 6868981.050706 656868.488838 6868981.201412 656867.814797 6869025.921845 656857.815933 6869025.771139 656858.489973 6868981.050706 18.000000
190000 656853.201765 6868981.691911 656863.200629 6868981.842617 656862.467893 6869030.457352 656852.469028 6869030.306646 656853.201765 6868981.691911 18.000000
195000 656871.367043 6869030.844525 656871.216337 6869040.843390 656848.783608 6869040.505276 656848.934314 6869030.506412 656871.367043 6869030.844525 18.000000
200000 656853.382450 6868984.758894 656863.381315 6868984.909600 656863.009290 6869009.592213 656853.010426 6869009.441507 656853.382450 6868984.758894 18.000000
205000 656871.219381 6868987.840422 656871.068675 6868997.839286 656850.188693 6868997.524576 656850.339399 6868987.525712 656871.219381 6868987.840422 18.000000
205000 656856.553766 6869001.257006 656866.552630 6869001.407712 656865.974569 6869039.760239 656855.975705 6869039.609533 656856.553766 6869001.257006 18.000000
210000 656853.866001 6868983.298458 656863.864865 6868983.449164 656863.435671 6869011.924855 656853.436806 6869011.774149 656853.866001 6868983.298458 18.000000
215000 656856.333732 6869002.212039 656866.332596 6869002.362745 656865.622601 6869049.468663 656855.623736 6869049.317957 656856.333732 6869002.212039 18.000000
220000 656858.694385 6868997.613105 656868.693250 6868997.763811 656868.087968 6869037.922312 656858.089104 6869037.771606 656858.694385 6868997.613105 18.000000
220000 656871.381423 6868977.546532 656871.230717 6868987.545396 656850.240296 6868987.229022 656850.391002 6868977.230158 656871.381423 6868977.546532 18.000000
225000 656857.581880 6868996.918773 656867.580744 6868997.069479 656866.988957 6869036.332704 656856.990092 6869036.181998 656857.581880 6868996.918773 18.000000
230000 656863.678020 6869035.818842 656863.602667 6869040.818274 656849.249170 6869040.601934 656849.324523 6869035.602501 656863.678020 6869035.818842 6.000000
230000 656854.637086 6868984.593305 656864.635950 6868984.744011 656864.263883 6869009.429468 656854.265019 6869009.278762 656854.637086 6868984.593305 18.000000
235000 656871.883999 6868984.942825 656871.808646 6868989.942257 656855.136309 6868989.690966 656855.211662 6868984.691534 656871.883999 6868984.942825 6.000000
235000 656854.029223 6869007.766173 656859.028655 6869007.841526 656858.740722 6869026.944952 656853.741290 6869026.869599 656854.029223 6869007.766173 6.000000
240000 656853.909405 6868991.098389 656863.908270 6868991.249095 656863.296297 6869031.851549 656853.297432 6869031.700843 656853.909405 6868991.098389 18.000000
245000 656854.119072 6869009.595758 656864.117937 6869009.746464 656863.531284 6869048.668965 656853.532420 6869048.518259 656854.119072 6869009.595758 18.000000
245000 656872.117260 6868982.667604 656871.966554 6868992.666468 656850.332462 6868992.340392 656850.483168 6868982.341528 656872.117260 6868982.667604 18.000000
250000 656851.312217 6869001.759061 656861.311081 6869001.909767 656860.639083 6869046.494726 656850.640218 6869046.344020 656851.312217 6869001.759061 18.000000
255000 656871.786934 6869037.111655 656871.711581 6869042.111087 656857.389599 6869041.895221 656857.464952 6869036.895789 656871.786934 6869037.111655 6.000000
255000 656855.065326 6868984.048360 656865.064190 6868984.199066 656864.569732 6869017.004776 656854.570868 6869016.854070 656855.065326 6868984.048360 18.000000
260000 656858.820060 6868993.946276 656868.818924 6868994.096982 656868.144508 6869038.842355 656858.145643 6869038.691649 656858.820060 6868993.946276 18.000000
265000 656854.611032 6868986.430153 656864.609896 6868986.580859 656863.911185 6869032.938065 656853.912321 6869032.787359 656854.611032 6868986.430153 18.000000
270000 656860.186449 6868978.495044 656860.111096 6868983.494477 656849.587505 6868983.335862 656849.662858 6868978.336430 656860.186449 6868978.495044 6.000000
275000 656854.984603 6869003.496128 656864.983467 6869003.646834 656864.363976 6869044.748121 656854.365111 6869044.597415 656854.984603 6869003.496128 18.000000
280000 656850.044717 6868981.152128 656860.043581 6868981.302834 656859.454897 6869020.360154 656849.456033 6869020.209448 656850.044717 6868981.152128 18.000000
285000 656849.777882 6868988.008400 656859.776746 6868988.159106 656859.496355 6869006.762179 656849.497490 6869006.611473 656849.777882 6868988.008400 18.000000
290000 656871.260151 6869037.022671 656871.109445 6869047.021536 656849.703141 6869046.698893 656849.853848 6869036.700029 656871.260151 6869037.022671 18.000000
290000 656867.201919 6868986.071643 656872.201351 6868986.146996 656871.872351 6869007.975088 656866.872919 6869007.899735 656867.201919 6868986.071643 6.000000
295000 656849.485720 6869013.747675 656854.485152 6869013.823028 656854.331833 6869023.995219 656849.332401 6869023.919866 656849.485720 6869013.747675 6.000000
295000 656866.865991 6868982.457430 656871.865423 6868982.532783 656871.499199 6869006.830557 656866.499767 6869006.755203 656866.865991 6868982.457430 6.000000
300000 656869.605644 6869027.973105 656869.454938 6869037.971969 656851.448775 6869037.700575 656851.599481 6869027.701710 656869.605644 6869027.973105 18.000000
305000 656870.769400 6869035.658187 656870.618694 6869045.657051 656850.588410 6869045.355148 656850.739116 6869035.356284 656870.769400 6869035.658187 18.000000
305000 656856.940502 6868980.412752 656866.939366 6868980.563458 656866.231235 6869027.545743 656856.232370 6869027.395037 656856.940502 6868980.412752 18.000000
310000 656859.855304 6868991.128258 656869.854168 6868991.278964 656869.144754 6869038.346325 656859.145890 6869038.195619 656859.855304 6868991.128258 18.000000
315000 656857.794548 6868990.672990 656867.793412 6868990.823696 656867.157851 6869032.991187 656857.158986 6869032.840481 656857.794548 6868990.672990 18.000000
320000 656871.772262 6869013.437359 656871.621556 6869023.436223 656850.273464 6869023.114458 656850.424170 6869013.115594 656871.772262 6869013.437359 18.000000
320000 656871.901545 6868987.297099 656871.750839 6868997.295964 656850.511926 6868996.975844 656850.662632 6868986.976980 656871.901545 6868987.297099 18.000000
325000 656866.999577 6868977.531078 656871.999010 6868977.606431 656871.710909 6868996.720994 656866.711477 6868996.645641 656866.999577 6868977.531078 6.000000
330000 656860.488606 6868983.506859 656870.487471 6868983.657565 656869.832765 6869027.095176 656859.833901 6869026.944470 656860.488606 6868983.506859 18.000000
335000 656852.516294 6869006.737649 656862.515159 6869006.888355 656861.968518 6869043.156234 656851.969653 6869043.005528 656852.516294 6869006.737649 18.000000
340000 656871.228063 6868980.230305 656871.077357 6868990.229169 656850.167376 6868989.914007 656850.318082 6868979.915143 656871.228063 6868980.230305 18.000000
340000 656861.238719 6868996.400959 656871.237584 6868996.551665 656870.531118 6869043.423379 656860.532254 6869043.272673 656861.238719 6868996.400959 18.000000
345000 656871.433674 6869042.285848 656871.358321 6869047.285280 656849.034408 6869046.948807 656849.109761 6869041.949374 656871.433674 6869042.285848 6.000000
345000 656859.489029 6868994.614222 656869.487893 6868994.764928 656869.048233 6869023.934965 656859.049369 6869023.784259 656859.489029 6868994.614222 18.000000
345000 656849.781012 6868999.046758 656854.780444 6868999.122111 656854.684604 6869005.480797 656849.685172 6869005.405444 656849.781012 6868999.046758 6.000000
350000 656853.720211 6868978.741500 656863.719076 6868978.892207 656863.006003 6869026.202283 656853.007139 6869026.051577 656853.720211 6868978.741500 18.000000
355000 656871.347219 6868982.502888 656871.196513 6868992.501752 656850.324814 6868992.187167 656850.475520 6868982.188303 656871.347219 6868982.502888 18.000000
355000 656859.968575 6868999.817784 656869.967440 6868999.968490 656869.305541 6869043.883365 656859.306676 6869043.732659 656859.968575 6868999.817784 18.000000
360000 656849.343609 6868999.751305 656859.342474 6868999.902011 656858.841447 6869033.143512 656848.842583 6869032.992806 656849.343609 6868999.751305 18.000000
360000 656861.695258 6868986.369856 656861.619905 6868991.369288 656849.772510 6868991.190720 656849.847863 6868986.191288 656861.695258 6868986.369856 6.000000
365000 656853.971536 6868990.160842 656863.970400 6868990.311548 656863.321446 6869033.367610 656853.322581 6869033.216904 656853.971536 6868990.160842 18.000000
370000 656849.425980 6869016.139418 656854.425413 6869016.214771 656854.179496 6869032.530568 656849.180064 6869032.455215 656849.425980 6869016.139418 6.000000
370000 656866.237784 6868995.987328 656871.237216 6868996.062681 656870.921131 6869017.033913 656865.921699 6869016.958560 656866.237784 6868995.987328 6.000000
375000 656853.586752 6868981.458301 656863.585616 6868981.609007 656862.902290 6869026.945510 656852.903426 6869026.794804 656853.586752 6868981.458301 18.000000
380000 656850.545731 6869007.276413 656860.544595 6869007.427119 656860.059700 6869039.598367 656850.060835 6869039.447661 656850.545731 6869007.276413 18.000000
385000 656871.576798 6869030.915048 656871.426092 6869040.913912 656849.768434 6869040.587481 656849.919140 6869030.588616 656871.576798 6869030.915048 18.000000
385000 656854.679634 6868979.480530 656864.678498 6868979.631236 656864.047907 6869021.468946 656854.049043 6869021.318240 656854.679634 6868979.480530 18.000000
390000 656855.277334 6868980.912817 656865.276199 6868981.063523 656864.621505 6869024.500342 656854.622641 6869024.349636 656855.277334 6868980.912817 18.000000
395000 656861.100299 6869006.831400 656871.099163 6869006.982106 656870.481218 6869047.980787 656860.482353 6869047.830081 656861.100299 6869006.831400 18.000000
400000 656857.688568 6869001.971076 656867.687433 6869002.121782 656867.019265 6869046.452550 656857.020401 6869046.301844 656857.688568 6869001.971076 18.000000
405000 656871.506690 6869027.029394 656871.431337 6869032.028826 656848.931114 6869031.689696 656849.006467 6869026.690264 656871.506690 6869027.029394 6.000000
405000 656849.194273 6868997.810556 656854.193705 6868997.885909 656854.083430 6869005.202272 656849.083998 6869005.126919 656849.194273 6868997.810556 6.000000
405000 656871.928831 6869013.459524 656871.853478 6869018.458956 656856.394364 6869018.225952 656856.469717 6869013.226520 656871.928831 6869013.459524 6.000000
410000 656871.155828 6869027.756587 656871.005122 6869037.755451 656850.013694 6869037.439062 656850.164400 6869027.440197 656871.155828 6869027.756587 18.000000
410000 656871.274517 6869001.728655 656871.123811 6869011.727519 656850.562859 6869011.417618 656850.713566 6869001.418754 656871.274517 6869001.728655 18.000000
415000 656870.268318 6868987.433064 656870.117612 6868997.431929 656850.157153 6868997.131078 656850.307859 6868987.132214 656870.268318 6868987.433064 18.000000
415000 656860.458129 6869008.904548 656870.456993 6869009.055254 656869.923681 6869044.438770 656859.924817 6869044.288064 656860.458129 6869008.904548 18.000000
420000 656861.448484 6868994.711040 656871.447348 6868994.861746 656870.768503 6869039.900953 656860.769639 6869039.750247 656861.448484 6868994.711040 18.000000
425000 656871.100522 6869033.767848 656870.949816 6869043.766712 656850.007516 6869043.451063 656850.158222 6869033.452199 656871.100522 6869033.767848 18.000000
425000 656872.013505 6868998.649417 656871.938152 6869003.648850 656860.327967 6869003.473857 656860.403320 6868998.474425 656872.013505 6868998.649417 6.000000
430000 656860.467542 6868989.863661 656870.466407 6868990.014367 656869.798662 6869034.317058 656859.799798 6869034.166352 656860.467542 6868989.863661 18.000000
435000 656861.365866 6868995.225345 656871.364730 6868995.376052 656870.765636 6869035.123990 656860.766772 6869034.973284 656861.365866 6868995.225345 18.000000
440000 656854.376302 6868999.429152 656864.375166 6868999.579858 656863.722987 6869042.849887 656853.724122 6869042.699181 656854.376302 6868999.429152 18.000000
445000 656849.588906 6869010.808939 656859.587770 6869010.959645 656859.046367 6869046.880017 656849.047503 6869046.729311 656849.588906 6869010.808939 18.000000
445000 656859.742403 6868978.432651 656859.667050 6868983.432083 656849.432515 6868983.277825 656849.507868 6868978.278393 656859.742403 6868978.432651 6.000000
450000 656869.972058 6869035.616882 656869.821352 6869045.615746 656850.590473 6869045.325892 656850.741179 6869035.327028 656869.972058 6869035.616882 18.000000
450000 656849.797712 6868976.803685 656859.796577 6868976.954391 656859.050364 6869026.463236 656849.051499 6869026.312530 656849.797712 6868976.803685 18.000000
455000 656851.107148 6868980.736833 656861.106012 6868980.887539 656860.358352 6869030.492414 656850.359487 6869030.341708 656851.107148 6868980.736833 18.000000
460000 656869.866995 6869036.124527 656869.716289 6869046.123391 656849.728579 6869045.822130 656849.879285 6869035.823266 656869.866995 6869036.124527 18.000000
460000 656861.404143 6868981.254500 656871.403008 6868981.405206 656870.766994 6869023.602655 656860.768130 6869023.451948 656861.404143 6868981.254500 18.000000
465000 656859.201838 6868999.154866 656869.200702 6868999.305572 656868.507194 6869045.317599 656858.508330 6869045.166893 656859.201838 6868999.154866 18.000000
470000 656855.555896 6869010.675895 656865.554760 6869010.826601 656865.001550 6869047.530345 656855.002685 6869047.379639 656855.555896 6869010.675895 18.000000
470000 656870.558385 6868989.962759 656870.407679 6868999.961624 656849.488371 6868999.646321 656849.639077 6868989.647457 656870.558385 6868989.962759 18.000000
475000 656861.581982 6868994.449657 656871.580846 6868994.600363 656870.831546 6869044.314021 656860.832682 6869044.163315 656861.581982 6868994.449657 18.000000
480000 656871.682154 6869042.192967 656871.606801 6869047.192399 656860.453638 6869047.024295 656860.528991 6869042.024863 656871.682154 6869042.192967 6.000000
485000 656859.754169 6868977.803826 656869.753034 6868977.954532 656869.024700 6869026.277171 656859.025835 6869026.126465 656859.754169 6868977.803826 18.000000
490000 656861.831124 6868982.143854 656871.829988 6868982.294560 656871.136799 6869028.285423 656861.137935 6869028.134717 656861.831124 6868982.143854 18.000000
495000 656871.642698 6868989.744778 656871.491991 6868999.743642 656850.961610 6868999.434201 656851.112316 6868989.435337 656871.642698 6868989.744778 18.000000
495000 656870.308562 6869018.535862 656870.157856 6869028.534726 656849.167611 6869028.218354 656849.318317 6869018.219490 656870.308562 6869018.535862 18.000000
500000 656858.924314 6868995.899591 656868.923178 6868996.050297 656868.172000 6869045.888523 656858.173136 6869045.737816 656858.924314 6868995.899591 18.000000
505000 656853.317036 6868986.450042 656863.315900 6868986.600748 656862.892197 6869014.712101 656852.893332 6869014.561395 656853.317036 6868986.450042 18.000000
505000 656871.577081 6869039.569991 656871.501728 6869044.569423 656858.357056 6869044.371302 656858.432409 6869039.371870 656871.577081 6869039.569991 6.000000
510000 656859.241469 6868988.439961 656869.240334 6868988.590667 656868.516843 6869036.591968 656858.517979 6869036.441262 656859.241469 6868988.439961 18.000000
515000 656866.683876 6869008.766504 656871.683308 6869008.841857 656871.449088 6869024.381553 656866.449656 6869024.306200 656866.683876 6869008.766504 6.000000
520000 656870.282240 6869026.341545 656870.131534 6869036.340409 656849.899968 6869036.035472 656850.050674 6869026.036608 656870.282240 6869026.341545 18.000000
520000 656871.852260 6869008.092584 656871.701554 6869018.091449 656849.054288 6869017.750102 656849.204994 6869007.751238 656871.852260 6869008.092584 18.000000
520000 656869.945541 6868990.465653 656869.794835 6869000.464518 656849.654788 6869000.160961 656849.805494 6868990.162096 656869.945541 6868990.465653 18.000000
525000 656871.852260 6869008.092584 656871.701554 6869018.091449 656849.054288 6869017.750102 656849.204994 6869007.751238 656871.852260 6869008.092584 18.000000
525000 656871.108272 6869030.000369 656870.957566 6869039.999233 656849.827580 6869039.680755 656849.978286 6869029.681891 656871.108272 6869030.000369 18.000000
530000 656871.108272 6869030.000369 656870.957566 6869039.999233 656849.827580 6869039.680755 656849.978286 6869029.681891 656871.108272 6869030.000369 18.000000
530000 656872.159653 6868981.281236 656872.084300 6868986.280668 656854.998592 6868986.023146 656855.073945 6868981.023714 656872.159653 6868981.281236 6.000000
530000 656870.242735 6869014.258178 656870.092029 6869024.257042 656850.602957 6869023.963297 656850.753663 6869013.964432 656870.242735 6869014.258178 18.000000
535000 656850.419615 6868983.486083 656860.418479 6868983.636789 656859.725297 6869029.627186 656849.726433 6869029.476480 656850.419615 6868983.486083 18.000000
535000 656867.025985 6869000.622690 656872.025417 6869000.698043 656871.935730 6869006.648521 656866.936298 6869006.573168 656867.025985 6869000.622690 6.000000
540000 656856.410153 6868999.680392 656866.409018 6868999.831098 656865.708457 6869046.311037 656855.709593 6869046.160331 656856.410153 6868999.680392 18.000000
545000 656871.729042 6868977.252735 656871.578336 6868987.251599 656850.072894 6868986.927463 656850.223600 6868976.928598 656871.729042 6868977.252735 18.000000
545000 656856.976597 6868992.978146 656866.975461 6868993.128852 656866.267482 6869040.101049 656856.268617 6869039.950343 656856.976597 6868992.978146 18.000000
550000 656851.672471 6869002.472091 656861.671335 6869002.622797 656860.979769 6869048.506006 656850.980905 6869048.355300 656851.672471 6869002.472091 18.000000
555000 656858.702645 6868995.667567 656868.701509 6868995.818273 656867.967196 6869044.537581 656857.968332 6869044.386875 656858.702645 6868995.667567 18.000000
560000 656870.256424 6869032.359486 656870.105718 6869042.358350 656849.770340 6869042.051849 656849.921047 6869032.052984 656870.256424 6869032.359486 18.000000
565000 656859.728559 6868989.206166 656869.727424 6868989.356872 656869.009452 6869036.991992 656859.010588 6869036.841286 656859.728559 6868989.206166 18.000000
570000 656849.545796 6868990.982208 656859.544660 6868991.132914 656858.848426 6869037.325855 656848.849561 6869037.175149 656849.545796 6868990.982208 18.000000
570000 656871.997239 6868977.541609 656871.846532 6868987.540474 656849.228122 6868987.199562 656849.378828 6868977.200698 656871.997239 6868977.541609 18.000000
575000 656861.826725 6869020.356502 656871.825589 6869020.507208 656871.387051 6869049.602820 656861.388186 6869049.452114 656861.826725 6869020.356502 18.000000
580000 656861.530735 6868978.139474 656871.529600 6868978.290180 656870.791313 6869027.273123 656860.792449 6869027.122417 656861.530735 6868978.139474 18.000000
585000 656851.811058 6869000.396090 656861.809923 6869000.546796 656861.159641 6869043.690914 656851.160777 6869043.540208 656851.811058 6869000.396090 18.000000
590000 656861.463264 6868994.620907 656871.462129 6868994.771613 656870.833687 6869036.466668 656860.834823 6869036.315962 656861.463264 6868994.620907 18.000000
595000 656870.539305 6869030.893700 656870.388598 6869040.892564 656849.441487 6869040.576843 656849.592193 6869030.577978 656870.539305 6869030.893700 18.000000
595000 656867.009733 6868983.516025 656872.009166 6868983.591378 656871.752704 6869000.606774 656866.753272 6869000.531421 656867.009733 6868983.516025 6.000000
600000 656861.724830 6869009.620151 656871.723694 6869009.770857 656871.371259 6869033.153833 656861.372394 6869033.003126 656861.724830 6869009.620151 18.000000
605000 656871.813181 6869023.994182 656871.737828 6869028.993614 656859.398835 6869028.807637 656859.474188 6869023.808205 656871.813181 6869023.994182 6.000000
605000 656849.652606 6868987.018689 656854.652038 6868987.094042 656854.411247 6869003.069771 656849.411815 6869002.994418 656849.652606 6868987.018689 6.000000
605000 656871.633282 6869037.187175 656871.557929 6869042.186607 656849.980407 6869041.861384 656850.055760 6869036.861952 656871.633282 6869037.187175 6.000000
610000 656850.982108 6868984.335389 656860.980973 6868984.486095 656860.340530 6869026.977418 656850.341665 6869026.826712 656850.982108 6868984.335389 18.000000
615000 656851.363972 6869004.917407 656861.362836 6869005.068113 656860.750514 6869045.693748 656850.751649 6869045.543042 656851.363972 6869004.917407 18.000000
620000 656872.124848 6868996.410904 656871.974142 6869006.409768 656849.351620 6869006.068794 656849.502326 6868996.069930 656872.124848 6868996.410904 18.000000
620000 656861.680326 6869012.261672 656871.679191 6869012.412379 656871.134495 6869048.551222 656861.135630 6869048.400516 656861.680326 6869012.261672 18.000000
625000 656871.623885 6868982.279575 656871.473179 6868992.278440 656849.684739 6868991.950037 656849.835445 6868981.951173 656871.623885 6868982.279575 18.000000
625000 656870.724702 6869030.423176 656870.573996 6869040.422040 656850.507314 6869040.119589 656850.658020 6869030.120724 656870.724702 6869030.423176 18.000000
625000 656871.687758 6869011.168373 656871.537052 6869021.167237 656849.527998 6869020.835510 656849.678704 6869010.836646 656871.687758 6869011.168373 18.000000
630000 656871.623885 6868982.279575 656871.473179 6868992.278440 656849.684739 6868991.950037 656849.835445 6868981.951173 656871.623885 6868982.279575 18.000000
630000 656870.724702 6869030.423176 656870.573996 6869040.422040 656850.507314 6869040.119589 656850.658020 6869030.120724 656870.724702 6869030.423176 18.000000
630000 656871.618072 6869001.781163 656871.467366 6869011.780027 656850.317325 6869011.461247 656850.468031 6869001.462383 656871.618072 6869001.781163 18.000000
635000 656871.623885 6868982.279575 656871.473179 6868992.278440 656849.684739 6868991.950037 656849.835445 6868981.951173 656871.623885 6868982.279575 18.000000
635000 656870.724702 6869030.423176 656870.573996 6869040.422040 656850.507314 6869040.119589 656850.658020 6869030.120724 656870.724702 6869030.423176 18.000000
635000 656870.848124 6869010.705652 656870.697418 6869020.704517 656848.972637 6869020.377074 656849.123343 6869010.378209 656870.848124 6869010.705652 18.000000
640000 656871.623885 6868982.279575 656871.473179 6868992.278440 656849.684739 6868991.950037 656849.835445 6868981.951173 656871.623885 6868982.279575 18.000000
640000 656870.724702 6869030.423176 656870.573996 6869040.422040 656850.507314 6869040.119589 656850.658020 6869030.120724 656870.724702 6869030.423176 18.000000
640000 656870.848124 6869010.705652 656870.697418 6869020.704517 656848.972637 6869020.377074 656849.123343 6869010.378209 656870.848124 6869010.705652 18.000000
645000 656871.623885 6868982.279575 656871.473179 6868992.278440 656849.684739 6868991.950037 656849.835445 6868981.951173 656871.623885 6868982.279575 18.000000
645000 656870.724702 6869030.423176 656870.573996 6869040.422040 656850.507314 6869040.119589 656850.658020 6869030.120724 656870.724702 6869030.423176 18.000000
645000 656871.341571 6869004.555996 656871.190865 6869014.554861 656850.041150 6869014.236086 656850.191856 6869004.237221 656871.341571 6869004.555996 18.000000
650000 656871.623885 6868982.279575 656871.473179 6868992.278440 656849.684739 6868991.950037 656849.835445 6868981.951173 656871.623885 6868982.279575 18.000000
650000 656870.724702 6869030.423176 656870.573996 6869040.422040 656850.507314 6869040.119589 656850.658020 6869030.120724 656870.724702 6869030.423176 18.000000
650000 656871.619760 6868998.724684 656871.469054 6869008.723548 656849.230851 6869008.388367 656849.381558 6868998.389503 656871.619760 6868998.724684 18.000000
655000 656871.623885 6868982.279575 656871.473179 6868992.278440 656849.684739 6868991.950037 656849.835445 6868981.951173 656871.623885 6868982.279575 18.000000
655000 656870.724702 6869030.423176 656870.573996 6869040.422040 656850.507314 6869040.119589 656850.658020 6869030.120724 656870.724702 6869030.423176 18.000000
655000 656871.619760 6868998.724684 656871.469054 6869008.723548 656849.230851 6869008.388367 656849.381558 6868998.389503 656871.619760 6868998.724684 18.000000
660000 656871.623885 6868982.279575 656871.473179 6868992.278440 656849.684739 6868991.950037 656849.835445 6868981.951173 656871.623885 6868982.279575 18.000000
660000 656870.724702 6869030.423176 656870.573996 6869040.422040 656850.507314 6869040.119589 656850.658020 6869030.120724 656870.724702 6869030.423176 18.000000
660000 656871.619760 6868998.724684 656871.469054 6869008.723548 656849.230851 6869008.388367 656849.381558 6868998.389503 656871.619760 6868998.724684 18.000000
665000 656871.623885 6868982.279575 656871.473179 6868992.278440 656849.684739 6868991.950037 656849.835445 6868981.951173 656871.623885 6868982.279575 18.000000
665000 656870.724702 6869030.423176 656870.573996 6869040.422040 656850.507314 6869040.119589 656850.658020 6869030.120724 656870.724702 6869030.423176 18.000000
665000 656871.619760 6868998.724684 656871.469054 6869008.723548 656849.230851 6869008.388367 656849.381558 6868998.389503 656871.619760 6868998.724684 18.000000
670000 656871.623885 6868982.279575 656871.473179 6868992.278440 656849.684739 6868991.950037 656849.835445 6868981.951173 656871.623885 6868982.279575 18.000000
670000 656870.724702 6869030.423176 656870.573996 6869040.422040 656850.507314 6869040.119589 656850.658020 6869030.120724 656870.724702 6869030.423176 18.000000
670000 656871.619760 6868998.724684 656871.469054 6869008.723548 656849.230851 6869008.388367 656849.381558 6868998.389503 656871.619760 6868998.724684 18.000000
675000 656871.623885 6868982.279575 656871.473179 6868992.278440 656849.684739 6868991.950037 656849.835445 6868981.951173 656871.623885 6868982.279575 18.000000
675000 656870.724702 6869030.423176 656870.573996 6869040.422040 656850.507314 6869040.119589 656850.658020 6869030.120724 656870.724702 6869030.423176 18.000000
675000 656871.619760 6868998.724684 656871.469054 6869008.723548 656849.230851 6869008.388367 656849.381558 6868998.389503 656871.619760 6868998.724684 18.000000
680000 656871.623885 6868982.279575 656871.473179 6868992.278440 656849.684739 6868991.950037 656849.835445 6868981.951173 656871.623885 6868982.279575 18.000000
680000 656870.724702 6869030.423176 656870.573996 6869040.422040 656850.507314 6869040.119589 656850.658020 6869030.120724 656870.724702 6869030.423176 18.000000
680000 656871.619760 6868998.724684 656871.469054 6869008.723548 656849.230851 6869008.388367 656849.381558 6868998.389503 656871.619760 6868998.724684 18.000000
685000 656871.623885 6868982.279575 656871.473179 6868992.278440 656849.684739 6868991.950037 656849.835445 6868981.951173 656871.623885 6868982.279575 18.000000
685000 656870.724702 6869030.423176 656870.573996 6869040.422040 656850.507314 6869040.119589 656850.658020 6869030.120724 656870.724702 6869030.423176 18.000000
685000 656871.619760 6868998.724684 656871.469054 6869008.723548 656849.230851 6869008.388367 656849.381558 6868998.389503 656871.619760 6868998.724684 18.000000
690000 656871.623885 6868982.279575 656871.473179 6868992.278440 656849.684739 6868991.950037 656849.835445 6868981.951173 656871.623885 6868982.279575 18.000000
690000 656870.724702 6869030.423176 656870.573996 6869040.422040 656850.507314 6869040.119589 656850.658020 6869030.120724 656870.724702 6869030.423176 18.000000
690000 656871.203371 6869011.501369 656871.052665 6869021.500233 656848.977896 6869021.167515 656849.128602 6869011.168651 656871.203371 6869011.501369 18.000000
695000 656871.623885 6868982.279575 656871.473179 6868992.278440 656849.684739 6868991.950037 656849.835445 6868981.951173 656871.623885 6868982.279575 18.000000
695000 656870.724702 6869030.423176 656870.573996 6869040.422040 656850.507314 6869040.119589 656850.658020 6869030.120724 656870.724702 6869030.423176 18.000000
695000 656871.203371 6869011.501369 656871.052665 6869021.500233 656848.977896 6869021.167515 656849.128602 6869011.168651 656871.203371 6869011.501369 18.000000
700000 656871.623885 6868982.279575 656871.473179 6868992.278440 656849.684739 6868991.950037 656849.835445 6868981.951173 656871.623885 6868982.279575 18.000000
700000 656870.724702 6869030.423176 656870.573996 6869040.422040 656850.507314 6869040.119589 656850.658020 6869030.120724 656870.724702 6869030.423176 18.000000
700000 656871.203371 6869011.501369 656871.052665 6869021.500233 656848.977896 6869021.167515 656849.128602 6869011.168651 656871.203371 6869011.501369 18.000000
705000 656871.623885 6868982.279575 656871.473179 6868992.278440 656849.684739 6868991.950037 656849.835445 6868981.951173 656871.623885 6868982.279575 18.000000
705000 656870.724702 6869030.423176 656870.573996 6869040.422040 656850.507314 6869040.119589 656850.658020 6869030.120724 656870.724702 6869030.423176 18.000000
705000 656871.203371 6869011.501369 656871.052665 6869021.500233 656848.977896 6869021.167515 656849.128602 6869011.168651 656871.203371 6869011.501369 18.000000
710000 656871.623885 6868982.279575 656871.473179 6868992.278440 656849.684739 6868991.950037 656849.835445 6868981.951173 656871.623885 6868982.279575 18.000000
710000 656870.724702 6869030.423176 656870.573996 6869040.422040 656850.507314 6869040.119589 656850.658020 6869030.120724 656870.724702 6869030.423176 18.000000
710000 656871.203371 6869011.501369 656871.052665 6869021.500233 656848.977896 6869021.167515 656849.128602 6869011.168651 656871.203371 6869011.501369 18.000000
715000 656871.623885 6868982.279575 656871.473179 6868992.278440 656849.684739 6868991.950037 656849.835445 6868981.951173 656871.623885 6868982.279575 18.000000
715000 656870.724702 6869030.423176 656870.573996 6869040.422040 656850.507314 6869040.119589 656850.658020 6869030.120724 656870.724702 6869030.423176 18.000000
715000 656871.203371 6869011.501369 656871.052665 6869021.500233 656848.977896 6869021.167515 656849.128602 6869011.168651 656871.203371 6869011.501369 18.000000
720000 656871.623885 6868982.279575 656871.473179 6868992.278440 656849.684739 6868991.950037 656849.835445 6868981.951173 656871.623885 6868982.279575 18.000000
720000 656870.724702 6869030.423176 656870.573996 6869040.422040 656850.507314 6869040.119589 656850.658020 6869030.120724 656870.724702 6869030.423176 18.000000
720000 656871.203371 6869011.501369 656871.052665 6869021.500233 656848.977896 6869021.167515 656849.128602 6869011.168651 656871.203371 6869011.501369 18.000000
725000 656871.618209 6868981.689911 656871.467502 6868991.688775 656849.353641 6868991.355468 656849.504347 6868981.356604 656871.618209 6868981.689911 18.000000
725000 656870.708370 6868997.343191 656870.557664 6869007.342055 656849.788181 6869007.029011 656849.938887 6868997.030147 656870.708370 6868997.343191 18.000000
725000 656870.815903 6869017.177962 656870.665197 6869027.176826 656848.921944 6869026.849105 656849.072650 6869016.850241 656870.815903 6869017.177962 18.000000
730000 656871.618209 6868981.689911 656871.467502 6868991.688775 656849.353641 6868991.355468 656849.504347 6868981.356604 656871.618209 6868981.689911 18.000000
730000 656870.708370 6868997.343191 656870.557664 6869007.342055 656849.788181 6869007.029011 656849.938887 6868997.030147 656870.708370 6868997.343191 18.000000
730000 656870.815903 6869017.177962 656870.665197 6869027.176826 656848.921944 6869026.849105 656849.072650 6869016.850241 656870.815903 6869017.177962 18.000000
735000 656871.618209 6868981.689911 656871.467502 6868991.688775 656849.353641 6868991.355468 656849.504347 6868981.356604 656871.618209 6868981.689911 18.000000
735000 656870.708370 6868997.343191 656870.557664 6869007.342055 656849.788181 6869007.029011 656849.938887 6868997.030147 656870.708370 6868997.343191 18.000000
735000 656870.815903 6869017.177962 656870.665197 6869027.176826 656848.921944 6869026.849105 656849.072650 6869016.850241 656870.815903 6869017.177962 18.000000
740000 656871.618209 6868981.689911 656871.467502 6868991.688775 656849.353641 6868991.355468 656849.504347 6868981.356604 656871.618209 6868981.689911 18.000000
740000 656870.708370 6868997.343191 656870.557664 6869007.342055 656849.788181 6869007.029011 656849.938887 6868997.030147 656870.708370 6868997.343191 18.000000
740000 656871.805764 6869031.872237 656871.655058 6869041.871101 656849.209528 6869041.532795 656849.360234 6869031.533931 656871.805764 6869031.872237 18.000000
745000 656871.618209 6868981.689911 656871.467502 6868991.688775 656849.353641 6868991.355468 656849.504347 6868981.356604 656871.618209 6868981.689911 18.000000
745000 656870.708370 6868997.343191 656870.557664 6869007.342055 656849.788181 6869007.029011 656849.938887 6868997.030147 656870.708370 6868997.343191 18.000000
745000 656871.805764 6869031.872237 656871.655058 6869041.871101 656849.209528 6869041.532795 656849.360234 6869031.533931 656871.805764 6869031.872237 18.000000
750000 656871.805764 6869031.872237 656871.655058 6869041.871101 656849.209528 6869041.532795 656849.360234 6869031.533931 656871.805764 6869031.872237 18.000000
750000 656870.332560 6869010.121796 656870.181854 6869020.120660 656849.107881 6869019.803026 656849.258587 6869009.804162 656870.332560 6869010.121796 18.000000
750000 656871.187501 6868983.886464 656871.036795 6868993.885328 656849.467310 6868993.560226 656849.618017 6868983.561362 656871.187501 6868983.886464 18.000000
755000 656871.805764 6869031.872237 656871.655058 6869041.871101 656849.209528 6869041.532795 656849.360234 6869031.533931 656871.805764 6869031.872237 18.000000
755000 656870.332560 6869010.121796 656870.181854 6869020.120660 656849.107881 6869019.803026 656849.258587 6869009.804162 656870.332560 6869010.121796 18.000000
755000 656871.187501 6868983.886464 656871.036795 6868993.885328 656849.467310 6868993.560226 656849.618017 6868983.561362 656871.187501 6868983.886464 18.000000
760000 656871.805764 6869031.872237 656871.655058 6869041.871101 656849.209528 6869041.532795 656849.360234 6869031.533931 656871.805764 6869031.872237 18.000000
760000 656870.332560 6869010.121796 656870.181854 6869020.120660 656849.107881 6869019.803026 656849.258587 6869009.804162 656870.332560 6869010.121796 18.000000
760000 656871.187501 6868983.886464 656871.036795 6868993.885328 656849.467310 6868993.560226 656849.618017 6868983.561362 656871.187501 6868983.886464 18.000000
765000 656870.332560 6869010.121796 656870.181854 6869020.120660 656849.107881 6869019.803026 656849.258587 6869009.804162 656870.332560 6869010.121796 18.000000
765000 656871.187501 6868983.886464 656871.036795 6868993.885328 656849.467310 6868993.560226 656849.618017 6868983.561362 656871.187501 6868983.886464 18.000000
765000 656871.093806 6869036.001444 656870.943100 6869046.000309 656849.739999 6869045.680729 656849.890705 6869035.681864 656871.093806 6869036.001444 18.000000
770000 656870.332560 6869010.121796 656870.181854 6869020.120660 656849.107881 6869019.803026 656849.258587 6869009.804162 656870.332560 6869010.121796 18.000000
770000 656871.187501 6868983.886464 656871.036795 6868993.885328 656849.467310 6868993.560226 656849.618017 6868983.561362 656871.187501 6868983.886464 18.000000
770000 656871.093806 6869036.001444 656870.943100 6869046.000309 656849.739999 6869045.680729 656849.890705 6869035.681864 656871.093806 6869036.001444 18.000000
775000 656870.332560 6869010.121796 656870.181854 6869020.120660 656849.107881 6869019.803026 656849.258587 6869009.804162 656870.332560 6869010.121796 18.000000
775000 656871.093806 6869036.001444 656870.943100 6869046.000309 656849.739999 6869045.680729 656849.890705 6869035.681864 656871.093806 6869036.001444 18.000000
775000 656872.079827 6868987.307495 656871.929121 6868997.306359 656849.131851 6868996.962751 656849.282557 6868986.963887 656872.079827 6868987.307495 18.000000
780000 656871.093806 6869036.001444 656870.943100 6869046.000309 656849.739999 6869045.680729 656849.890705 6869035.681864 656871.093806 6869036.001444 18.000000
780000 656872.079827 6868987.307495 656871.929121 6868997.306359 656849.131851 6868996.962751 656849.282557 6868986.963887 656872.079827 6868987.307495 18.000000
780000 656871.705909 6869013.947173 656871.555203 6869023.946037 656849.841158 6869023.618756 656849.991864 6869013.619892 656871.705909 6869013.947173 18.000000
785000 656871.093806 6869036.001444 656870.943100 6869046.000309 656849.739999 6869045.680729 656849.890705 6869035.681864 656871.093806 6869036.001444 18.000000
785000 656872.079827 6868987.307495 656871.929121 6868997.306359 656849.131851 6868996.962751 656849.282557 6868986.963887 656872.079827 6868987.307495 18.000000
785000 656871.705909 6869013.947173 656871.555203 6869023.946037 656849.841158 6869023.618756 656849.991864 6869013.619892 656871.705909 6869013.947173 18.000000
790000 656871.093806 6869036.001444 656870.943100 6869046.000309 656849.739999 6869045.680729 656849.890705 6869035.681864 656871.093806 6869036.001444 18.000000
790000 656872.079827 6868987.307495 656871.929121 6868997.306359 656849.131851 6868996.962751 656849.282557 6868986.963887 656872.079827 6868987.307495 18.000000
790000 656871.705909 6869013.947173 656871.555203 6869023.946037 656849.841158 6869023.618756 656849.991864 6869013.619892 656871.705909 6869013.947173 18.000000
795000 656871.093806 6869036.001444 656870.943100 6869046.000309 656849.739999 6869045.680729 656849.890705 6869035.681864 656871.093806 6869036.001444 18.000000
795000 656872.079827 6868987.307495 656871.929121 6868997.306359 656849.131851 6868996.962751 656849.282557 6868986.963887 656872.079827 6868987.307495 18.000000
795000 656871.705909 6869013.947173 656871.555203 6869023.946037 656849.841158 6869023.618756 656849.991864 6869013.619892 656871.705909 6869013.947173 18.000000
800000 656871.093806 6869036.001444 656870.943100 6869046.000309 656849.739999 6869045.680729 656849.890705 6869035.681864 656871.093806 6869036.001444 18.000000
800000 656872.079827 6868987.307495 656871.929121 6868997.306359 656849.131851 6868996.962751 656849.282557 6868986.963887 656872.079827 6868987.307495 18.000000
800000 656871.705909 6869013.947173 656871.555203 6869023.946037 656849.841158 6869023.618756 656849.991864 6869013.619892 656871.705909 6869013.947173 18.000000
805000 656871.093806 6869036.001444 656870.943100 6869046.000309 656849.739999 6869045.680729 656849.890705 6869035.681864 656871.093806 6869036.001444 18.000000
805000 656872.079827 6868987.307495 656871.929121 6868997.306359 656849.131851 6868996.962751 656849.282557 6868986.963887 656872.079827 6868987.307495 18.000000
805000 656871.705909 6869013.947173 656871.555203 6869023.946037 656849.841158 6869023.618756 656849.991864 6869013.619892 656871.705909 6869013.947173 18.000000
810000 656871.093806 6869036.001444 656870.943100 6869046.000309 656849.739999 6869045.680729 656849.890705 6869035.681864 656871.093806 6869036.001444 18.000000
810000 656872.079827 6868987.307495 656871.929121 6868997.306359 656849.131851 6868996.962751 656849.282557 6868986.963887 656872.079827 6868987.307495 18.000000
810000 656871.120836 6869016.553347 656870.970130 6869026.552211 656848.958270 6869026.220442 656849.108976 6869016.221577 656871.120836 6869016.553347 18.000000
815000 656871.093806 6869036.001444 656870.943100 6869046.000309 656849.739999 6869045.680729 656849.890705 6869035.681864 656871.093806 6869036.001444 18.000000
815000 656872.079827 6868987.307495 656871.929121 6868997.306359 656849.131851 6868996.962751 656849.282557 6868986.963887 656872.079827 6868987.307495 18.000000
815000 656871.120836 6869016.553347 656870.970130 6869026.552211 656848.958270 6869026.220442 656849.108976 6869016.221577 656871.120836 6869016.553347 18.000000
820000 656871.093806 6869036.001444 656870.943100 6869046.000309 656849.739999 6869045.680729 656849.890705 6869035.681864 656871.093806 6869036.001444 18.000000
820000 656871.120836 6869016.553347 656870.970130 6869026.552211 656848.958270 6869026.220442 656849.108976 6869016.221577 656871.120836 6869016.553347 18.000000
820000 656871.526188 6868978.050185 656871.375482 6868988.049049 656849.867291 6868987.724871 656850.017997 6868977.726006 656871.526188 6868978.050185 18.000000
825000 656871.093806 6869036.001444 656870.943100 6869046.000309 656849.739999 6869045.680729 656849.890705 6869035.681864 656871.093806 6869036.001444 18.000000
825000 656871.120836 6869016.553347 656870.970130 6869026.552211 656848.958270 6869026.220442 656849.108976 6869016.221577 656871.120836 6869016.553347 18.000000
825000 656871.526188 6868978.050185 656871.375482 6868988.049049 656849.867291 6868987.724871 656850.017997 6868977.726006 656871.526188 6868978.050185 18.000000
830000 656871.093806 6869036.001444 656870.943100 6869046.000309 656849.739999 6869045.680729 656849.890705 6869035.681864 656871.093806 6869036.001444 18.000000
830000 656871.120836 6869016.553347 656870.970130 6869026.552211 656848.958270 6869026.220442 656849.108976 6869016.221577 656871.120836 6869016.553347 18.000000
830000 656871.526188 6868978.050185 656871.375482 6868988.049049 656849.867291 6868987.724871 656850.017997 6868977.726006 656871.526188 6868978.050185 18.000000
835000 656871.093806 6869036.001444 656870.943100 6869046.000309 656849.739999 6869045.680729 656849.890705 6869035.681864 656871.093806 6869036.001444 18.000000
835000 656871.120836 6869016.553347 656870.970130 6869026.552211 656848.958270 6869026.220442 656849.108976 6869016.221577 656871.120836 6869016.553347 18.000000
835000 656871.524554 6868992.827052 656871.373848 6869002.825916 656849.594295 6869002.497648 656849.745001 6868992.498784 656871.524554 6868992.827052 18.000000
840000 656871.093806 6869036.001444 656870.943100 6869046.000309 656849.739999 6869045.680729 656849.890705 6869035.681864 656871.093806 6869036.001444 18.000000
840000 656871.120836 6869016.553347 656870.970130 6869026.552211 656848.958270 6869026.220442 656849.108976 6869016.221577 656871.120836 6869016.553347 18.000000
840000 656871.524554 6868992.827052 656871.373848 6869002.825916 656849.594295 6869002.497648 656849.745001 6868992.498784 656871.524554 6868992.827052 18.000000
845000 656871.093806 6869036.001444 656870.943100 6869046.000309 656849.739999 6869045.680729 656849.890705 6869035.681864 656871.093806 6869036.001444 18.000000
845000 656871.120836 6869016.553347 656870.970130 6869026.552211 656848.958270 6869026.220442 656849.108976 6869016.221577 656871.120836 6869016.553347 18.000000
845000 656871.524554 6868992.827052 656871.373848 6869002.825916 656849.594295 6869002.497648 656849.745001 6868992.498784 656871.524554 6868992.827052 18.000000
850000 656871.093806 6869036.001444 656870.943100 6869046.000309 656849.739999 6869045.680729 656849.890705 6869035.681864 656871.093806 6869036.001444 18.000000
850000 656871.120836 6869016.553347 656870.970130 6869026.552211 656848.958270 6869026.220442 656849.108976 6869016.221577 656871.120836 6869016.553347 18.000000
850000 656871.524554 6868992.827052 656871.373848 6869002.825916 656849.594295 6869002.497648 656849.745001 6868992.498784 656871.524554 6868992.827052 18.000000
855000 656871.093806 6869036.001444 656870.943100 6869046.000309 656849.739999 6869045.680729 656849.890705 6869035.681864 656871.093806 6869036.001444 18.000000
855000 656871.120836 6869016.553347 656870.970130 6869026.552211 656848.958270 6869026.220442 656849.108976 6869016.221577 656871.120836 6869016.553347 18.000000
855000 656871.524554 6868992.827052 656871.373848 6869002.825916 656849.594295 6869002.497648 656849.745001 6868992.498784 656871.524554 6868992.827052 18.000000
860000 656871.093806 6869036.001444 656870.943100 6869046.000309 656849.739999 6869045.680729 656849.890705 6869035.681864 656871.093806 6869036.001444 18.000000
860000 656871.120836 6869016.553347 656870.970130 6869026.552211 656848.958270 6869026.220442 656849.108976 6869016.221577 656871.120836 6869016.553347 18.000000
860000 656871.524554 6868992.827052 656871.373848 6869002.825916 656849.594295 6869002.497648 656849.745001 6868992.498784 656871.524554 6868992.827052 18.000000
865000 656871.093806 6869036.001444 656870.943100 6869046.000309 656849.739999 6869045.680729 656849.890705 6869035.681864 656871.093806 6869036.001444 18.000000
865000 656871.120836 6869016.553347 656870.970130 6869026.552211 656848.958270 6869026.220442 656849.108976 6869016.221577 656871.120836 6869016.553347 18.000000
865000 656871.524554 6868992.827052 656871.373848 6869002.825916 656849.594295 6869002.497648 656849.745001 6868992.498784 656871.524554 6868992.827052 18.000000
870000 656871.093806 6869036.001444 656870.943100 6869046.000309 656849.739999 6869045.680729 656849.890705 6869035.681864 656871.093806 6869036.001444 18.000000
870000 656871.120836 6869016.553347 656870.970130 6869026.552211 656848.958270 6869026.220442 656849.108976 6869016.221577 656871.120836 6869016.553347 18.000000
870000 656871.524554 6868992.827052 656871.373848 6869002.825916 656849.594295 6869002.497648 656849.745001 6868992.498784 656871.524554 6868992.827052 18.000000
875000 656871.093806 6869036.001444 656870.943100 6869046.000309 656849.739999 6869045.680729 656849.890705 6869035.681864 656871.093806 6869036.001444 18.000000
875000 656871.524554 6868992.827052 656871.373848 6869002.825916 656849.594295 6869002.497648 656849.745001 6868992.498784 656871.524554 6868992.827052 18.000000
875000 656871.976777 6869008.243529 656871.826071 6869018.242394 656849.118508 6869017.900138 656849.269214 6869007.901274 656871.976777 6869008.243529 18.000000
880000 656871.093806 6869036.001444 656870.943100 6869046.000309 656849.739999 6869045.680729 656849.890705 6869035.681864 656871.093806 6869036.001444 18.000000
880000 656871.524554 6868992.827052 656871.373848 6869002.825916 656849.594295 6869002.497648 656849.745001 6868992.498784 656871.524554 6868992.827052 18.000000
880000 656871.976777 6869008.243529 656871.826071 6869018.242394 656849.118508 6869017.900138 656849.269214 6869007.901274 656871.976777 6869008.243529 18.000000
885000 656871.093806 6869036.001444 656870.943100 6869046.000309 656849.739999 6869045.680729 656849.890705 6869035.681864 656871.093806 6869036.001444 18.000000
885000 656871.524554 6868992.827052 656871.373848 6869002.825916 656849.594295 6869002.497648 656849.745001 6868992.498784 656871.524554 6868992.827052 18.000000
885000 656871.976777 6869008.243529 656871.826071 6869018.242394 656849.118508 6869017.900138 656849.269214 6869007.901274 656871.976777 6869008.243529 18.000000
890000 656871.093806 6869036.001444 656870.943100 6869046.000309 656849.739999 6869045.680729 656849.890705 6869035.681864 656871.093806 6869036.001444 18.000000
890000 656871.524554 6868992.827052 656871.373848 6869002.825916 656849.594295 6869002.497648 656849.745001 6868992.498784 656871.524554 6868992.827052 18.000000
890000 656871.976777 6869008.243529 656871.826071 6869018.242394 656849.118508 6869017.900138 656849.269214 6869007.901274 656871.976777 6869008.243529 18.000000
895000 656871.093806 6869036.001444 656870.943100 6869046.000309 656849.739999 6869045.680729 656849.890705 6869035.681864 656871.093806 6869036.001444 18.000000
895000 656871.524554 6868992.827052 656871.373848 6869002.825916 656849.594295 6869002.497648 656849.745001 6868992.498784 656871.524554 6868992.827052 18.000000
895000 656871.976777 6869008.243529 656871.826071 6869018.242394 656849.118508 6869017.900138 656849.269214 6869007.901274 656871.976777 6869008.243529 18.000000
900000 656871.093806 6869036.001444 656870.943100 6869046.000309 656849.739999 6869045.680729 656849.890705 6869035.681864 656871.093806 6869036.001444 18.000000
900000 656871.524554 6868992.827052 656871.373848 6869002.825916 656849.594295 6869002.497648 656849.745001 6868992.498784 656871.524554 6868992.827052 18.000000
900000 656871.976777 6869008.243529 656871.826071 6869018.242394 656849.118508 6869017.900138 656849.269214 6869007.901274 656871.976777 6869008.243529 18.000000
905000 656871.093806 6869036.001444 656870.943100 6869046.000309 656849.739999 6869045.680729 656849.890705 6869035.681864 656871.093806 6869036.001444 18.000000
905000 656871.769189 6868978.895393 656871.618483 6868988.894257 656850.304966 6868988.573013 656850.455672 6868978.574149 656871.769189 6868978.895393 18.000000
905000 656871.863487 6868998.394623 656871.712781 6869008.393488 656849.316542 6869008.055924 656849.467248 6868998.057060 656871.863487 6868998.394623 18.000000
910000 656871.093806 6869036.001444 656870.943100 6869046.000309 656849.739999 6869045.680729 656849.890705 6869035.681864 656871.093806 6869036.001444 18.000000
910000 656871.769189 6868978.895393 656871.618483 6868988.894257 656850.304966 6868988.573013 656850.455672 6868978.574149 656871.769189 6868978.895393 18.000000
910000 656871.863487 6868998.394623 656871.712781 6869008.393488 656849.316542 6869008.055924 656849.467248 6868998.057060 656871.863487 6868998.394623 18.000000
915000 656871.093806 6869036.001444 656870.943100 6869046.000309 656849.739999 6869045.680729 656849.890705 6869035.681864 656871.093806 6869036.001444 18.000000
915000 656871.769189 6868978.895393 656871.618483 6868988.894257 656850.304966 6868988.573013 656850.455672 6868978.574149 656871.769189 6868978.895393 18.000000
915000 656871.863487 6868998.394623 656871.712781 6869008.393488 656849.316542 6869008.055924 656849.467248 6868998.057060 656871.863487 6868998.394623 18.000000
920000 656871.093806 6869036.001444 656870.943100 6869046.000309 656849.739999 6869045.680729 656849.890705 6869035.681864 656871.093806 6869036.001444 18.000000
920000 656871.769189 6868978.895393 656871.618483 6868988.894257 656850.304966 6868988.573013 656850.455672 6868978.574149 656871.769189 6868978.895393 18.000000
920000 656871.863487 6868998.394623 656871.712781 6869008.393488 656849.316542 6869008.055924 656849.467248 6868998.057060 656871.863487 6868998.394623 18.000000
925000 656871.093806 6869036.001444 656870.943100 6869046.000309 656849.739999 6869045.680729 656849.890705 6869035.681864 656871.093806 6869036.001444 18.000000
925000 656871.769189 6868978.895393 656871.618483 6868988.894257 656850.304966 6868988.573013 656850.455672 6868978.574149 656871.769189 6868978.895393 18.000000
925000 656871.863487 6868998.394623 656871.712781 6869008.393488 656849.316542 6869008.055924 656849.467248 6868998.057060 656871.863487 6868998.394623 18.000000
930000 656871.769189 6868978.895393 656871.618483 6868988.894257 656850.304966 6868988.573013 656850.455672 6868978.574149 656871.769189 6868978.895393 18.000000
930000 656871.863487 6868998.394623 656871.712781 6869008.393488 656849.316542 6869008.055924 656849.467248 6868998.057060 656871.863487 6868998.394623 18.000000
930000 656870.437019 6869022.046414 656870.286313 6869032.045278 656848.952692 6869031.723731 656849.103398 6869021.724867 656870.437019 6869022.046414 18.000000
935000 656871.769189 6868978.895393 656871.618483 6868988.894257 656850.304966 6868988.573013 656850.455672 6868978.574149 656871.769189 6868978.895393 18.000000
935000 656870.437019 6869022.046414 656870.286313 6869032.045278 656848.952692 6869031.723731 656849.103398 6869021.724867 656870.437019 6869022.046414 18.000000
935000 656871.660161 6868996.750096 656871.509454 6869006.748960 656849.542935 6869006.417874 656849.693642 6868996.419009 656871.660161 6868996.750096 18.000000
940000 656871.769189 6868978.895393 656871.618483 6868988.894257 656850.304966 6868988.573013 656850.455672 6868978.574149 656871.769189 6868978.895393 18.000000
940000 656871.660161 6868996.750096 656871.509454 6869006.748960 656849.542935 6869006.417874 656849.693642 6868996.419009 656871.660161 6868996.750096 18.000000
940000 656871.075721 6869016.204172 656870.925015 6869026.203037 656849.644389 6869025.882288 656849.795095 6869015.883424 656871.075721 6869016.204172 18.000000
945000 656871.769189 6868978.895393 656871.618483 6868988.894257 656850.304966 6868988.573013 656850.455672 6868978.574149 656871.769189 6868978.895393 18.000000
945000 656871.660161 6868996.750096 656871.509454 6869006.748960 656849.542935 6869006.417874 656849.693642 6868996.419009 656871.660161 6868996.750096 18.000000
945000 656871.075721 6869016.204172 656870.925015 6869026.203037 656849.644389 6869025.882288 656849.795095 6869015.883424 656871.075721 6869016.204172 18.000000
945015 656871.769189 6868978.895393 656871.618483 6868988.894257 656850.304966 6868988.573013 656850.455672 6868978.574149 656871.769189 6868978.895393 18.000000
945015 656871.660161 6868996.750096 656871.509454 6869006.748960 656849.542935 6869006.417874 656849.693642 6868996.419009 656871.660161 6868996.750096 18.000000
945015 656871.075721 6869016.204172 656870.925015 6869026.203037 656849.644389 6869025.882288 656849.795095 6869015.883424 656871.075721 6869016.204172 18.000000
945015 656870.990617 6869038.840129 656870.839911 6869048.838993 656848.743368 6869048.505947 656848.894074 6869038.507083 656870.990617 6869038.840129 18.000000
