5000 656859.852209 6868992.076300 656859.776856 6868997.075732 656849.167900 6868996.915830 656849.243253 6868991.916398 656859.852209 6868992.076300 6.000000
5000 656864.581344 6869022.484750 656869.580776 6869022.560103 656869.444837 6869031.579219 656864.445405 6869031.503866 656864.581344 6869022.484750 6.000000
5000 656865.307021 6869009.213380 656870.306453 6869009.288733 656870.203226 6869016.137490 656865.203794 6869016.062137 656865.307021 6869009.213380 6.000000
10000 656851.321311 6868998.514168 656861.320175 6868998.664874 656860.663935 6869042.204301 656850.665071 6869042.053595 656851.321311 6868998.514168 18.000000
15000 656855.693106 6868998.214610 656865.691970 6868998.365316 656865.105505 6869037.275357 656855.106641 6869037.124651 656855.693106 6868998.214610 18.000000
20000 656857.164643 6868999.537898 656867.163507 6868999.688604 656866.514982 6869042.716160 656856.516118 6869042.565454 656857.164643 6868999.537898 18.000000
25000 656860.817440 6868996.387827 656870.816304 6868996.538533 656870.097953 6869044.198814 656860.099089 6869044.048108 656860.817440 6868996.387827 18.000000
30000 656866.680657 6869018.049220 656871.680089 6869018.124573 656871.327457 6869041.520602 656866.328024 6869041.445249 656866.680657 6869018.049220 6.000000
30000 656855.724296 6869012.053308 656855.648943 6869017.052740 656849.047960 6869016.953248 656849.123313 6869011.953816 656855.724296 6869012.053308 6.000000
30000 656868.943357 6868979.261743 656868.868004 6868984.261175 656860.206025 6868984.130619 656860.281378 6868979.131187 656868.943357 6868979.261743 6.000000
35000 656855.310317 6868987.237901 656865.309182 6868987.388607 656864.943610 6869011.643131 656854.944746 6869011.492425 656855.310317 6868987.237901 18.000000
40000 656859.016775 6869018.107127 656869.015640 6869018.257833 656868.605438 6869045.473379 656858.606574 6869045.322673 656859.016775 6869018.107127 18.000000
45000 656859.607077 6869003.338408 656869.605941 6869003.489114 656869.140682 6869034.357570 656859.141818 6869034.206864 656859.607077 6869003.338408 18.000000
50000 656861.385025 6868983.857705 656871.383889 6868984.008411 656870.683838 6869030.454528 656860.684974 6869030.303822 656861.385025 6868983.857705 18.000000
55000 656851.796403 6869012.080042 656861.795267 6869012.230748 656861.340688 6869042.390604 656851.341824 6869042.239898 656851.796403 6869012.080042 18.000000
60000 656849.430996 6869006.788577 656859.429860 6869006.939283 656858.985046 6869036.451229 656848.986182 6869036.300523 656849.430996 6869006.788577 18.000000
65000 656854.756441 6869020.640205 656859.755873 6869020.715558 656859.570930 6869032.985916 656854.571498 6869032.910563 656854.756441 6869020.640205 6.000000
65000 656851.078288 6869024.457798 656856.077720 6869024.533151 656855.822519 6869041.464888 656850.823087 6869041.389535 656851.078288 6869024.457798 6.000000
75000 656869.926553 6868982.014254 656869.775847 6868992.013118 656851.030855 6868991.730588 656851.181561 6868981.731724 656869.926553 6868982.014254 18.000000
75000 656851.451705 6869002.746367 656861.450570 6869002.897073 656861.252804 6869016.018171 656851.253940 6869015.867465 656851.451705 6869002.746367 18.000000
75000 656866.718735 6869014.573590 656871.718167 6869014.648943 656871.641144 6869019.759164 656866.641712 6869019.683811 656866.718735 6869014.573590 6.000000
80000 656853.299060 6868981.864153 656863.297924 6868982.014859 656862.816528 6869013.953958 656852.817664 6869013.803252 656853.299060 6868981.864153 18.000000
85000 656850.056528 6868988.258569 656855.055960 6868988.333922 656854.679383 6869013.318609 656849.679950 6869013.243256 656850.056528 6868988.258569 6.000000
85000 656871.333678 6869040.070401 656871.258325 6869045.069834 656856.146634 6869044.842065 656856.221987 6869039.842633 656871.333678 6869040.070401 6.000000
90000 656861.077621 6869025.462728 656871.076485 6869025.613434 656870.758241 6869046.727924 656860.759377 6869046.577218 656861.077621 6869025.462728 18.000000
95000 656858.733155 6869005.676293 656868.732019 6869005.826999 656868.111800 6869046.976558 656858.112936 6869046.825852 656858.733155 6869005.676293 18.000000
100000 656864.849072 6869022.701419 656864.773719 6869027.700852 656857.393490 6869027.589614 656857.468843 6869022.590182 656864.849072 6869022.701419 6.000000
105000 656855.312417 6868975.596658 656865.311282 6868975.747364 656864.737620 6869013.807997 656854.738755 6869013.657291 656855.312417 6868975.596658 18.000000
110000 656849.838508 6868984.848108 656859.837372 6868984.998814 656859.158642 6869030.030354 656849.159778 6869029.879648 656849.838508 6868984.848108 18.000000
115000 656858.285386 6868983.682940 656868.284251 6868983.833646 656867.744563 6869019.640207 656857.745698 6869019.489501 656858.285386 6868983.682940 18.000000
120000 656855.614656 6868994.829549 656865.613520 6868994.980255 656865.159539 6869025.100460 656855.160674 6869024.949754 656855.614656 6868994.829549 18.000000
125000 656850.043386 6868985.710829 656855.042818 6868985.786182 656854.799608 6869001.922395 656849.800176 6869001.847042 656850.043386 6868985.710829 6.000000
125000 656869.439323 6869043.036867 656869.363970 6869048.036299 656853.974551 6869047.804345 656854.049904 6869042.804913 656869.439323 6869043.036867 6.000000
130000 656862.006137 6868979.550636 656867.005570 6868979.625989 656866.672822 6869001.702738 656861.673390 6869001.627385 656862.006137 6868979.550636 6.000000
130000 656870.925247 6869024.680865 656870.774541 6869034.679730 656849.182113 6869034.354282 656849.332819 6869024.355417 656870.925247 6869024.680865 18.000000
135000 656870.159710 6869014.788249 656870.009003 6869024.787113 656851.018631 6869024.500884 656851.169337 6869014.502020 656870.159710 6869014.788249 18.000000
140000 656859.035168 6869013.240833 656869.034033 6869013.391539 656868.586511 6869043.083152 656858.587647 6869042.932445 656859.035168 6869013.240833 18.000000
140000 656852.153585 6868985.489903 656862.152449 6868985.640609 656861.593385 6869022.732751 656851.594521 6869022.582045 656852.153585 6868985.489903 18.000000
145000 656872.073506 6868987.591840 656871.922800 6868997.590704 656849.275810 6868997.249362 656849.426516 6868987.250497 656872.073506 6868987.591840 18.000000
145000 656866.642223 6869015.809753 656871.641656 6869015.885106 656871.356787 6869034.785256 656866.357354 6869034.709903 656866.642223 6869015.809753 6.000000
145000 656849.598318 6869021.590970 656854.597750 6869021.666323 656854.328693 6869039.517419 656849.329261 6869039.442066 656849.598318 6869021.590970 6.000000
155000 656851.170238 6868992.762597 656861.169102 6868992.913303 656860.457695 6869040.112899 656850.458830 6869039.962193 656851.170238 6868992.762597 18.000000
160000 656857.973030 6868999.843959 656867.971894 6868999.994665 656867.488369 6869032.074989 656857.489505 6869031.924283 656857.973030 6868999.843959 18.000000
165000 656860.116504 6868990.072566 656870.115368 6868990.223272 656869.482312 6869032.224517 656859.483448 6869032.073811 656860.116504 6868990.072566 18.000000
170000 656870.093864 6869038.197775 656869.943157 6869048.196639 656850.262201 6869047.900001 656850.412907 6869037.901137 656870.093864 6869038.197775 18.000000
170000 656850.770079 6868985.706946 656860.768944 6868985.857652 656860.064772 6869032.577161 656850.065908 6869032.426455 656850.770079 6868985.706946 18.000000
175000 656865.954515 6869009.891267 656865.803809 6869019.890131 656850.816352 6869019.664236 656850.967058 6869009.665371 656865.954515 6869009.891267 18.000000
175000 656860.267212 6869000.167440 656870.266076 6869000.318146 656869.631678 6869042.408388 656859.632814 6869042.257682 656860.267212 6869000.167440 18.000000
180000 656849.834338 6869032.512471 656854.833770 6869032.587824 656854.599591 6869048.124865 656849.600159 6869048.049512 656849.834338 6869032.512471 6.000000
180000 656870.872258 6869008.117729 656870.796905 6869013.117161 656852.231361 6869012.837335 656852.306714 6869007.837903 656870.872258 6869008.117729 6.000000
180000 656865.053998 6869032.913989 656870.053430 6869032.989342 656869.931067 6869041.107732 656864.931635 6869041.032379 656865.053998 6869032.913989 6.000000
185000 656871.767385 6868997.058149 656871.616679 6869007.057013 656851.300396 6869006.750800 656851.451102 6868996.751936 656871.767385 6868997.058149 18.000000
195000 656851.311430 6868991.036419 656861.310294 6868991.187125 656860.916022 6869017.345795 656850.917158 6869017.195089 656851.311430 6868991.036419 18.000000
200000 656869.760361 6869033.417092 656869.609655 6869043.415956 656851.480057 6869043.142701 656851.630763 6869033.143837 656869.760361 6869033.417092 18.000000
200000 656871.698692 6868987.464368 656871.623339 6868992.463800 656855.118606 6868992.215036 656855.193959 6868987.215604 656871.698692 6868987.464368 6.000000
205000 656857.632661 6869012.726923 656867.631526 6869012.877629 656867.156515 6869044.393081 656857.157650 6869044.242375 656857.632661 6869012.726923 18.000000
210000 656860.250665 6869000.280147 656870.249529 6869000.430854 656869.704988 6869036.559434 656859.706123 6869036.408728 656860.250665 6869000.280147 18.000000
210000 656850.269467 6868995.445665 656860.268331 6868995.596371 656859.863151 6869022.478753 656849.864287 6869022.328047 656850.269467 6868995.445665 18.000000
215000 656857.529338 6869015.615662 656867.528202 6869015.766368 656867.063273 6869046.612915 656857.064409 6869046.462209 656857.529338 6869015.615662 18.000000
215000 656866.989732 6868982.336044 656871.989164 6868982.411397 656871.906237 6868987.913390 656866.906805 6868987.838037 656866.989732 6868982.336044 6.000000
220000 656858.796331 6868988.930688 656868.795195 6868989.081394 656868.108796 6869034.621797 656858.109932 6869034.471091 656858.796331 6868988.930688 18.000000
225000 656849.810150 6868979.774386 656854.809582 6868979.849739 656854.715097 6868986.118520 656849.715665 6868986.043167 656849.810150 6868979.774386 6.000000
230000 656852.638543 6868998.666317 656862.637407 6868998.817023 656861.932968 6869045.554269 656851.934104 6869045.403563 656852.638543 6868998.666317 18.000000
235000 656871.316665 6868977.560598 656871.165959 6868987.559463 656850.930653 6868987.254470 656851.081359 6868977.255605 656871.316665 6868977.560598 18.000000
235000 656861.842272 6868993.421616 656871.841136 6868993.572322 656871.257715 6869032.280440 656861.258851 6869032.129734 656861.842272 6868993.421616 18.000000
240000 656854.049869 6869033.486570 656853.974516 6869038.486002 656848.882409 6869038.409252 656848.957762 6869033.409820 656854.049869 6869033.486570 6.000000
245000 656856.025440 6868985.447761 656866.024304 6868985.598467 656865.349293 6869030.383287 656855.350429 6869030.232581 656856.025440 6868985.447761 18.000000
250000 656871.697826 6869034.402631 656871.547120 6869044.401495 656848.785211 6869044.058421 656848.935917 6869034.059556 656871.697826 6869034.402631 18.000000
250000 656853.672744 6868984.240950 656863.671609 6868984.391656 656862.991562 6869029.510614 656852.992697 6869029.359908 656853.672744 6868984.240950 18.000000
255000 656869.686548 6868999.542925 656869.535842 6869009.541789 656852.682151 6869009.287765 656852.832857 6868999.288900 656869.686548 6868999.542925 18.000000
260000 656852.069514 6869013.756689 656862.068378 6869013.907395 656861.689030 6869039.075912 656851.690166 6869038.925206 656852.069514 6869013.756689 18.000000
260000 656864.364573 6868994.445839 656864.213867 6869004.444704 656853.315323 6869004.280437 656853.466029 6868994.281573 656864.364573 6868994.445839 18.000000
265000 656858.937713 6868980.439315 656868.936577 6868980.590021 656868.199795 6869029.473159 656858.200931 6869029.322453 656858.937713 6868980.439315 18.000000
270000 656860.404525 6868989.069413 656870.403389 6868989.220119 656869.674907 6869037.552588 656859.676043 6869037.401882 656860.404525 6868989.069413 18.000000
275000 656859.643095 6869002.889428 656859.567742 6869007.888860 656849.285099 6869007.733877 656849.360452 6869002.734444 656859.643095 6869002.889428 6.000000
275000 656848.876898 6869037.145610 656853.876331 6869037.220963 656853.737838 6869046.409505 656848.738406 6869046.334152 656848.876898 6869037.145610 6.000000
280000 656867.224956 6868982.813158 656872.224388 6868982.888511 656872.141144 6868988.411445 656867.141712 6868988.336092 656867.224956 6868982.813158 6.000000
280000 656859.190905 6869019.897338 656869.189770 6869020.048044 656868.809688 6869045.265221 656858.810824 6869045.114515 656859.190905 6869019.897338 18.000000
285000 656862.120067 6868997.337257 656872.118931 6868997.487963 656871.414889 6869044.198900 656861.416025 6869044.048194 656862.120067 6868997.337257 18.000000
290000 656849.123864 6869019.892845 656854.123297 6869019.968198 656853.945498 6869031.764559 656848.946066 6869031.689206 656849.123864 6869019.892845 6.000000
290000 656866.641896 6868992.198968 656871.641328 6868992.274321 656871.412797 6869007.436648 656866.413365 6869007.361295 656866.641896 6868992.198968 6.000000
290000 656866.039240 6869016.438958 656871.038673 6869016.514311 656870.676935 6869040.514463 656865.677503 6869040.439110 656866.039240 6869016.438958 6.000000
295000 656852.152622 6869003.105700 656862.151486 6869003.256406 656861.535990 6869044.092622 656851.537125 6869043.941916 656852.152622 6869003.105700 18.000000
300000 656857.695784 6869005.703065 656867.694648 6869005.853771 656867.102005 6869045.173719 656857.103141 6869045.023013 656857.695784 6869005.703065 18.000000
305000 656849.276631 6869012.313855 656859.275495 6869012.464561 656858.772958 6869045.806308 656848.774094 6869045.655602 656849.276631 6869012.313855 18.000000
310000 656856.019404 6868989.590872 656855.944051 6868994.590304 656849.141627 6868994.487776 656849.216980 6868989.488344 656856.019404 6868989.590872 6.000000
310000 656867.277369 6869023.172190 656867.126663 6869033.171055 656849.888456 6869032.911235 656850.039162 6869022.912371 656867.277369 6869023.172190 18.000000
315000 656871.234298 6869042.968545 656871.158945 6869047.967977 656849.119098 6869047.635785 656849.194451 6869042.636353 656871.234298 6869042.968545 6.000000
315000 656863.397598 6868991.482011 656868.397030 6868991.557364 656868.206093 6869004.225407 656863.206661 6869004.150054 656863.397598 6868991.482011 6.000000
320000 656852.230632 6869011.528795 656862.229496 6869011.679501 656861.822017 6869038.714440 656851.823153 6869038.563734 656852.230632 6869011.528795 18.000000
320000 656871.583812 6868984.926921 656871.508459 6868989.926353 656849.346341 6868989.592318 656849.421694 6868984.592886 656871.583812 6868984.926921 6.000000
325000 656850.466362 6868979.634871 656860.465226 6868979.785577 656859.815608 6869022.885707 656849.816743 6869022.735001 656850.466362 6868979.634871 18.000000
330000 656859.627220 6869039.210007 656859.551867 6869044.209440 656848.980296 6869044.050102 656849.055649 6869039.050669 656859.627220 6869039.210007 6.000000
330000 656871.467005 6869022.223122 656871.391652 6869027.222554 656855.007484 6869026.975607 656855.082837 6869021.976175 656871.467005 6869022.223122 6.000000
335000 656869.562149 6869027.330281 656869.411443 6869037.329145 656849.086296 6869037.022798 656849.237002 6869027.023934 656869.562149 6869027.330281 18.000000
335000 656867.225278 6868983.904856 656872.224710 6868983.980209 656871.855213 6869008.495126 656866.855781 6869008.419772 656867.225278 6868983.904856 6.000000
335000 656849.728788 6868981.016511 656854.728221 6868981.091864 656854.557701 6868992.405273 656849.558269 6868992.329919 656849.728788 6868981.016511 6.000000
340000 656872.160599 6868980.701058 656872.009893 6868990.699923 656850.241973 6868990.371830 656850.392679 6868980.372965 656872.160599 6868980.701058 18.000000
340000 656859.635853 6869005.283938 656869.634717 6869005.434644 656869.128696 6869039.007527 656859.129832 6869038.856821 656859.635853 6869005.283938 18.000000
345000 656853.803807 6868986.962442 656863.802672 6868987.113148 656863.153223 6869030.202009 656853.154358 6869030.051303 656853.803807 6868986.962442 18.000000
350000 656855.317700 6868983.136274 656865.316565 6868983.286980 656864.637287 6869028.354854 656854.638423 6869028.204148 656855.317700 6868983.136274 18.000000
350000 656861.573982 6868996.886956 656871.572847 6868997.037663 656870.882274 6869042.854964 656860.883410 6869042.704258 656861.573982 6868996.886956 18.000000
355000 656871.671378 6869036.012764 656871.520672 6869046.011629 656849.288079 6869045.676532 656849.438785 6869035.677668 656871.671378 6869036.012764 18.000000
355000 656852.346086 6868985.503372 656862.344950 6868985.654078 656861.861493 6869017.729913 656851.862629 6869017.579207 656852.346086 6868985.503372 18.000000
360000 656853.738829 6868987.045901 656863.737693 6868987.196607 656863.146902 6869026.393745 656853.148037 6869026.243039 656853.738829 6868987.045901 18.000000
365000 656861.312990 6869004.609378 656871.311855 6869004.760084 656870.664104 6869047.736256 656860.665240 6869047.585550 656861.312990 6869004.609378 18.000000
370000 656857.680810 6868990.164427 656867.679674 6868990.315133 656867.238965 6869019.554745 656857.240101 6869019.404039 656857.680810 6868990.164427 18.000000
375000 656871.911324 6869009.727845 656871.835971 6869014.727277 656862.562577 6869014.587505 656862.637930 6869009.588073 656871.911324 6869009.727845 6.000000
375000 656866.589148 6869029.444295 656871.588581 6869029.519648 656871.319165 6869047.394495 656866.319733 6869047.319142 656866.589148 6869029.444295 6.000000
375000 656850.453521 6869019.768006 656855.452953 6869019.843359 656855.120150 6869041.923757 656850.120718 6869041.848404 656850.453521 6869019.768006 6.000000
380000 656861.295582 6868986.888568 656871.294447 6868987.039274 656870.659887 6869029.140273 656860.661023 6869028.989567 656861.295582 6868986.888568 18.000000
385000 656855.286473 6868980.134718 656865.285337 6868980.285425 656864.643214 6869022.888258 656854.644349 6869022.737552 656855.286473 6868980.134718 18.000000
390000 656866.884039 6869025.423192 656871.883471 6869025.498545 656871.621253 6869042.895863 656866.621821 6869042.820510 656866.884039 6869025.423192 6.000000
390000 656849.592212 6869004.104319 656854.591644 6869004.179672 656854.276320 6869025.100436 656849.276888 6869025.025083 656849.592212 6869004.104319 6.000000
390000 656862.235291 6868988.153975 656867.234723 6868988.229328 656866.941082 6869007.711482 656861.941650 6869007.636129 656862.235291 6868988.153975 6.000000
395000 656850.768703 6868988.189533 656860.767567 6868988.340239 656860.121535 6869031.202398 656850.122671 6869031.051692 656850.768703 6868988.189533 18.000000
400000 656853.977988 6868990.188694 656863.976852 6868990.339400 656863.239908 6869039.233281 656853.241044 6869039.082575 656853.977988 6868990.188694 18.000000
405000 656849.948191 6868986.413929 656859.947055 6868986.564635 656859.237542 6869033.638584 656849.238678 6869033.487878 656849.948191 6868986.413929 18.000000
410000 656858.787953 6868992.262353 656868.786818 6868992.413059 656868.260534 6869027.330264 656858.261670 6869027.179558 656858.787953 6868992.262353 18.000000
415000 656855.743598 6868978.546067 656865.742463 6868978.696773 656865.023931 6869026.369023 656855.025067 6869026.218317 656855.743598 6868978.546067 18.000000
420000 656859.529474 6868993.984212 656869.528339 6868994.134918 656868.854182 6869038.863021 656858.855318 6869038.712315 656859.529474 6868993.984212 18.000000
425000 656854.340214 6869002.780253 656864.339078 6869002.930959 656863.701782 6869045.213557 656853.702917 6869045.062851 656854.340214 6869002.780253 18.000000
430000 656850.459854 6868982.328263 656860.458719 6868982.478969 656859.735223 6869030.480606 656849.736358 6869030.329900 656850.459854 6868982.328263 18.000000
435000 656872.053358 6869000.199623 656871.978005 6869005.199055 656849.757986 6869004.864148 656849.833339 6868999.864716 656872.053358 6869000.199623 6.000000
435000 656864.303251 6869020.858501 656869.302683 6869020.933854 656869.031037 6869038.956723 656864.031605 6869038.881369 656864.303251 6869020.858501 6.000000
440000 656857.098424 6868982.705503 656867.097288 6868982.856209 656866.616617 6869014.747193 656856.617753 6869014.596487 656857.098424 6868982.705503 18.000000
445000 656862.080492 6868978.719663 656872.079356 6868978.870369 656871.519019 6869016.046941 656861.520155 6869015.896235 656862.080492 6868978.719663 18.000000
445000 656871.159477 6869022.554472 656871.008770 6869032.553336 656849.348031 6869032.226859 656849.498737 6869022.227994 656871.159477 6869022.554472 18.000000
450000 656861.174614 6868982.638127 656871.173478 6868982.788833 656870.440804 6869031.399409 656860.441940 6869031.248703 656861.174614 6868982.638127 18.000000
455000 656871.148310 6868985.691526 656870.997604 6868995.690390 656849.708683 6868995.369517 656849.859389 6868985.370652 656871.148310 6868985.691526 18.000000
455000 656849.976887 6869002.596240 656859.975752 6869002.746946 656859.505540 6869033.943953 656849.506676 6869033.793247 656849.976887 6869002.596240 18.000000
460000 656870.493059 6868985.265013 656870.342353 6868995.263878 656850.042072 6868994.957905 656850.192778 6868984.959041 656870.493059 6868985.265013 18.000000
460000 656871.550630 6869024.621513 656871.475277 6869029.620945 656861.428201 6869029.469512 656861.503554 6869024.470080 656871.550630 6869024.621513 6.000000
465000 656871.393357 6868978.029292 656871.242650 6868988.028157 656851.553096 6868987.731390 656851.703802 6868977.732525 656871.393357 6868978.029292 18.000000
465000 656849.264625 6869008.354588 656854.264057 6869008.429941 656853.923412 6869031.030653 656848.923979 6869030.955300 656849.264625 6869008.354588 6.000000
470000 656871.424677 6868986.587395 656871.273970 6868996.586260 656850.096984 6868996.267073 656850.247690 6868986.268209 656871.424677 6868986.587395 18.000000
470000 656854.149103 6869000.995156 656864.147968 6869001.145862 656863.661994 6869033.388668 656853.663129 6869033.237962 656854.149103 6869000.995156 18.000000
475000 656866.760521 6868989.184979 656871.759953 6868989.260332 656871.460144 6869009.151710 656866.460712 6869009.076357 656866.760521 6868989.184979 6.000000
475000 656849.418102 6869026.353529 656854.417534 6869026.428882 656854.105291 6869047.145197 656849.105859 6869047.069844 656849.418102 6869026.353529 6.000000
475000 656866.834202 6869024.474495 656871.833634 6869024.549848 656871.529016 6869044.760309 656866.529584 6869044.684956 656866.834202 6869024.474495 6.000000
475000 656857.714845 6868975.469262 656857.639492 6868980.468694 656849.574460 6868980.347135 656849.649813 6868975.347703 656857.714845 6868975.469262 6.000000
480000 656860.150117 6868986.605451 656870.148981 6868986.756157 656869.433950 6869034.196164 656859.435086 6869034.045458 656860.150117 6868986.605451 18.000000
485000 656849.036874 6869030.296195 656854.036306 6869030.371548 656853.789813 6869046.725558 656848.790381 6869046.650205 656849.036874 6869030.296195 6.000000
485000 656866.369600 6869009.190032 656871.369032 6869009.265385 656871.080642 6869028.399181 656866.081210 6869028.323828 656866.369600 6869009.190032 6.000000
485000 656866.625601 6869000.157486 656871.625033 6869000.232839 656871.366274 6869017.400680 656866.366842 6869017.325327 656866.625601 6869000.157486 6.000000
490000 656869.579116 6868989.564178 656869.428409 6868999.563042 656849.694132 6868999.265601 656849.844838 6868989.266736 656869.579116 6868989.564178 18.000000
490000 656849.975095 6869010.510461 656859.973959 6869010.661167 656859.435436 6869046.390474 656849.436572 6869046.239768 656849.975095 6869010.510461 18.000000
495000 656858.583160 6868978.146983 656868.582024 6868978.297689 656867.913086 6869022.679554 656857.914222 6869022.528848 656858.583160 6868978.146983 18.000000
495000 656863.305901 6869041.173041 656863.230548 6869046.172473 656848.814345 6869045.955187 656848.889698 6869040.955755 656863.305901 6869041.173041 6.000000
500000 656851.737979 6868994.812512 656861.736844 6868994.963218 656860.995706 6869044.135339 656850.996842 6869043.984633 656851.737979 6868994.812512 18.000000
505000 656860.081112 6868993.490053 656870.079977 6868993.640759 656869.375797 6869040.360848 656859.376932 6869040.210142 656860.081112 6868993.490053 18.000000
510000 656850.130098 6868987.841373 656855.129530 6868987.916726 656854.783315 6869010.886986 656849.783883 6869010.811633 656850.130098 6868987.841373 6.000000
510000 656871.328833 6869036.210397 656871.253480 6869041.209829 656860.974036 6869041.054894 656861.049389 6869036.055462 656871.328833 6869036.210397 6.000000
515000 656849.049584 6869029.152735 656854.049016 6869029.228088 656853.866145 6869041.360986 656848.866713 6869041.285633 656849.049584 6869029.152735 6.000000
515000 656866.512387 6869016.367514 656871.511819 6869016.442867 656871.333015 6869028.305961 656866.333583 6869028.230608 656866.512387 6869016.367514 6.000000
520000 656849.761654 6868983.523274 656854.761086 6868983.598627 656854.415329 6869006.538523 656849.415897 6869006.463170 656849.761654 6868983.523274 6.000000
520000 656866.732688 6868991.696496 656871.732120 6868991.771849 656871.375195 6869015.452686 656866.375763 6869015.377333 656866.732688 6868991.696496 6.000000
520000 656849.264110 6869024.379836 656854.263542 6869024.455189 656853.975146 6869043.589352 656848.975714 6869043.513999 656849.264110 6869024.379836 6.000000
525000 656852.306974 6868996.497793 656862.305838 6868996.648499 656861.580430 6869044.777026 656851.581566 6869044.626320 656852.306974 6868996.497793 18.000000
530000 656870.410777 6869026.440190 656870.260071 6869036.439054 656849.902603 6869036.132220 656850.053309 6869026.133355 656870.410777 6869026.440190 18.000000
535000 656860.065138 6869028.736743 656859.989785 6869033.736175 656848.890683 6869033.568886 656848.966036 6869028.569454 656860.065138 6869028.736743 6.000000
535000 656867.043819 6868988.019680 656872.043252 6868988.095033 656871.822752 6869002.724453 656866.823320 6869002.649100 656867.043819 6868988.019680 6.000000
540000 656857.289435 6868979.000172 656867.288300 6868979.150878 656866.565524 6869027.104709 656856.566660 6869026.954003 656857.289435 6868979.000172 18.000000
545000 656858.332729 6868991.314247 656868.331593 6868991.464953 656867.690247 6869034.016239 656857.691383 6869033.865533 656858.332729 6868991.314247 18.000000
550000 656866.155565 6869008.163004 656866.080212 6869013.162437 656849.155432 6869012.907341 656849.230785 6869007.907909 656866.155565 6869008.163004 6.000000
550000 656872.112690 6868996.021718 656872.037337 6869001.021150 656862.183362 6869000.872628 656862.258715 6868995.873196 656872.112690 6868996.021718 6.000000
550000 656868.653361 6869034.015006 656868.502655 6869044.013871 656850.793688 6869043.746955 656850.944394 6869033.748091 656868.653361 6869034.015006 18.000000
555000 656854.849638 6868990.221240 656864.848502 6868990.371946 656864.139908 6869037.384913 656854.141044 6869037.234207 656854.849638 6868990.221240 18.000000
560000 656849.793175 6868981.253475 656859.792040 6868981.404181 656859.208472 6869020.122042 656849.209608 6869019.971336 656849.793175 6868981.253475 18.000000
565000 656859.902385 6868980.207438 656869.901249 6868980.358144 656869.157381 6869029.711382 656859.158517 6869029.560676 656859.902385 6868980.207438 18.000000
570000 656849.536593 6868977.877538 656854.536026 6868977.952891 656854.209497 6868999.617042 656849.210064 6868999.541689 656849.536593 6868977.877538 6.000000
570000 656871.724038 6869041.430135 656871.648685 6869046.429568 656855.748049 6869046.189908 656855.823402 6869041.190476 656871.724038 6869041.430135 6.000000
575000 656854.641613 6868997.256750 656864.640477 6868997.407456 656863.918962 6869045.277675 656853.920098 6869045.126969 656854.641613 6868997.256750 18.000000
580000 656871.173166 6868982.432033 656871.022460 6868992.430897 656851.503514 6868992.136701 656851.654220 6868982.137837 656871.173166 6868982.432033 18.000000
580000 656860.113827 6869042.682673 656860.038474 6869047.682106 656848.828327 6869047.513143 656848.903680 6869042.513710 656860.113827 6869042.682673 6.000000
585000 656870.733960 6868997.733085 656870.583254 6869007.731949 656849.930736 6869007.420668 656850.081442 6868997.421803 656870.733960 6868997.733085 18.000000
590000 656849.374817 6868990.846159 656859.373681 6868990.996865 656858.954435 6869018.812514 656848.955570 6869018.661808 656849.374817 6868990.846159 18.000000
595000 656864.866461 6868984.270167 656864.791108 6868989.269599 656849.350855 6868989.036878 656849.426208 6868984.037446 656864.866461 6868984.270167 6.000000
595000 656871.693444 6868998.392049 656871.618091 6869003.391481 656858.164190 6869003.188700 656858.239543 6868998.189268 656871.693444 6868998.392049 6.000000
595000 656849.072128 6869022.397541 656854.071560 6869022.472894 656853.841492 6869037.737178 656848.842060 6869037.661825 656849.072128 6869022.397541 6.000000
600000 656866.518539 6869012.272396 656871.517971 6869012.347749 656871.161238 6869036.015811 656866.161806 6869035.940458 656866.518539 6869012.272396 6.000000
600000 656866.764335 6868986.498734 656871.763767 6868986.574087 656871.569472 6868999.464963 656866.570040 6868999.389610 656866.764335 6868986.498734 6.000000
605000 656871.807885 6869037.434750 656871.657179 6869047.433614 656849.215424 6869047.095365 656849.366130 6869037.096500 656871.807885 6869037.434750 18.000000
605000 656858.383401 6868995.130600 656868.382265 6868995.281306 656867.829405 6869031.961816 656857.830541 6869031.811110 656858.383401 6868995.130600 18.000000
610000 656871.807885 6869037.434750 656871.657179 6869047.433614 656849.215424 6869047.095365 656849.366130 6869037.096500 656871.807885 6869037.434750 18.000000
615000 656871.807885 6869037.434750 656871.657179 6869047.433614 656849.215424 6869047.095365 656849.366130 6869037.096500 656871.807885 6869037.434750 18.000000
615000 656852.528013 6868978.240469 656862.526877 6868978.391175 656861.898974 6869020.050533 656851.900110 6869019.899827 656852.528013 6868978.240469 18.000000
620000 656871.110459 6869025.767451 656870.959753 6869035.766315 656849.411510 6869035.441533 656849.562216 6869025.442669 656871.110459 6869025.767451 18.000000
620000 656857.673448 6868984.837017 656867.672313 6868984.987723 656867.135481 6869020.604807 656857.136616 6869020.454101 656857.673448 6868984.837017 18.000000
625000 656871.110459 6869025.767451 656870.959753 6869035.766315 656849.411510 6869035.441533 656849.562216 6869025.442669 656871.110459 6869025.767451 18.000000
625000 656857.673448 6868984.837017 656867.672313 6868984.987723 656867.135481 6869020.604807 656857.136616 6869020.454101 656857.673448 6868984.837017 18.000000
630000 656871.560286 6869010.981491 656871.409580 6869020.980355 656849.395567 6869020.648553 656849.546274 6869010.649688 656871.560286 6869010.981491 18.000000
630000 656871.772198 6869031.306283 656871.621492 6869041.305147 656849.120428 6869040.966004 656849.271134 6869030.967140 656871.772198 6869031.306283 18.000000
635000 656871.560286 6869010.981491 656871.409580 6869020.980355 656849.395567 6869020.648553 656849.546274 6869010.649688 656871.560286 6869010.981491 18.000000
635000 656871.772198 6869031.306283 656871.621492 6869041.305147 656849.120428 6869040.966004 656849.271134 6869030.967140 656871.772198 6869031.306283 18.000000
635000 656871.964113 6868986.299524 656871.813407 6868996.298388 656849.390920 6868995.960429 656849.541626 6868985.961565 656871.964113 6868986.299524 18.000000
640000 656871.560286 6869010.981491 656871.409580 6869020.980355 656849.395567 6869020.648553 656849.546274 6869010.649688 656871.560286 6869010.981491 18.000000
640000 656871.964113 6868986.299524 656871.813407 6868996.298388 656849.390920 6868995.960429 656849.541626 6868985.961565 656871.964113 6868986.299524 18.000000
640000 656871.601640 6869028.697542 656871.450934 6869038.696406 656848.912041 6869038.356693 656849.062747 6869028.357829 656871.601640 6869028.697542 18.000000
645000 656871.560286 6869010.981491 656871.409580 6869020.980355 656849.395567 6869020.648553 656849.546274 6869010.649688 656871.560286 6869010.981491 18.000000
645000 656871.964113 6868986.299524 656871.813407 6868996.298388 656849.390920 6868995.960429 656849.541626 6868985.961565 656871.964113 6868986.299524 18.000000
645000 656871.601640 6869028.697542 656871.450934 6869038.696406 656848.912041 6869038.356693 656849.062747 6869028.357829 656871.601640 6869028.697542 18.000000
650000 656871.560286 6869010.981491 656871.409580 6869020.980355 656849.395567 6869020.648553 656849.546274 6869010.649688 656871.560286 6869010.981491 18.000000
650000 656871.964113 6868986.299524 656871.813407 6868996.298388 656849.390920 6868995.960429 656849.541626 6868985.961565 656871.964113 6868986.299524 18.000000
650000 656871.601640 6869028.697542 656871.450934 6869038.696406 656848.912041 6869038.356693 656849.062747 6869028.357829 656871.601640 6869028.697542 18.000000
655000 656871.560286 6869010.981491 656871.409580 6869020.980355 656849.395567 6869020.648553 656849.546274 6869010.649688 656871.560286 6869010.981491 18.000000
655000 656871.964113 6868986.299524 656871.813407 6868996.298388 656849.390920 6868995.960429 656849.541626 6868985.961565 656871.964113 6868986.299524 18.000000
655000 656871.601640 6869028.697542 656871.450934 6869038.696406 656848.912041 6869038.356693 656849.062747 6869028.357829 656871.601640 6869028.697542 18.000000
660000 656871.560286 6869010.981491 656871.409580 6869020.980355 656849.395567 6869020.648553 656849.546274 6869010.649688 656871.560286 6869010.981491 18.000000
660000 656871.964113 6868986.299524 656871.813407 6868996.298388 656849.390920 6868995.960429 656849.541626 6868985.961565 656871.964113 6868986.299524 18.000000
660000 656871.293948 6869038.075092 656871.143242 6869048.073956 656849.469584 6869047.747284 656849.620290 6869037.748420 656871.293948 6869038.075092 18.000000
665000 656871.560286 6869010.981491 656871.409580 6869020.980355 656849.395567 6869020.648553 656849.546274 6869010.649688 656871.560286 6869010.981491 18.000000
665000 656871.964113 6868986.299524 656871.813407 6868996.298388 656849.390920 6868995.960429 656849.541626 6868985.961565 656871.964113 6868986.299524 18.000000
665000 656871.293948 6869038.075092 656871.143242 6869048.073956 656849.469584 6869047.747284 656849.620290 6869037.748420 656871.293948 6869038.075092 18.000000
670000 656871.560286 6869010.981491 656871.409580 6869020.980355 656849.395567 6869020.648553 656849.546274 6869010.649688 656871.560286 6869010.981491 18.000000
670000 656871.964113 6868986.299524 656871.813407 6868996.298388 656849.390920 6868995.960429 656849.541626 6868985.961565 656871.964113 6868986.299524 18.000000
670000 656871.293948 6869038.075092 656871.143242 6869048.073956 656849.469584 6869047.747284 656849.620290 6869037.748420 656871.293948 6869038.075092 18.000000
675000 656871.560286 6869010.981491 656871.409580 6869020.980355 656849.395567 6869020.648553 656849.546274 6869010.649688 656871.560286 6869010.981491 18.000000
675000 656871.964113 6868986.299524 656871.813407 6868996.298388 656849.390920 6868995.960429 656849.541626 6868985.961565 656871.964113 6868986.299524 18.000000
675000 656871.293948 6869038.075092 656871.143242 6869048.073956 656849.469584 6869047.747284 656849.620290 6869037.748420 656871.293948 6869038.075092 18.000000
680000 656871.560286 6869010.981491 656871.409580 6869020.980355 656849.395567 6869020.648553 656849.546274 6869010.649688 656871.560286 6869010.981491 18.000000
680000 656871.964113 6868986.299524 656871.813407 6868996.298388 656849.390920 6868995.960429 656849.541626 6868985.961565 656871.964113 6868986.299524 18.000000
680000 656871.293948 6869038.075092 656871.143242 6869048.073956 656849.469584 6869047.747284 656849.620290 6869037.748420 656871.293948 6869038.075092 18.000000
685000 656871.560286 6869010.981491 656871.409580 6869020.980355 656849.395567 6869020.648553 656849.546274 6869010.649688 656871.560286 6869010.981491 18.000000
685000 656871.964113 6868986.299524 656871.813407 6868996.298388 656849.390920 6868995.960429 656849.541626 6868985.961565 656871.964113 6868986.299524 18.000000
685000 656871.011620 6869038.258993 656870.860914 6869048.257857 656848.914636 6869047.927076 656849.065342 6869037.928212 656871.011620 6869038.258993 18.000000
690000 656871.964113 6868986.299524 656871.813407 6868996.298388 656849.390920 6868995.960429 656849.541626 6868985.961565 656871.964113 6868986.299524 18.000000
690000 656871.011620 6869038.258993 656870.860914 6869048.257857 656848.914636 6869047.927076 656849.065342 6869037.928212 656871.011620 6869038.258993 18.000000
690000 656871.670333 6869017.147755 656871.519627 6869027.146619 656848.917662 6869026.805955 656849.068368 6869016.807091 656871.670333 6869017.147755 18.000000
695000 656871.964113 6868986.299524 656871.813407 6868996.298388 656849.390920 6868995.960429 656849.541626 6868985.961565 656871.964113 6868986.299524 18.000000
695000 656871.011620 6869038.258993 656870.860914 6869048.257857 656848.914636 6869047.927076 656849.065342 6869037.928212 656871.011620 6869038.258993 18.000000
695000 656871.670333 6869017.147755 656871.519627 6869027.146619 656848.917662 6869026.805955 656849.068368 6869016.807091 656871.670333 6869017.147755 18.000000
700000 656871.964113 6868986.299524 656871.813407 6868996.298388 656849.390920 6868995.960429 656849.541626 6868985.961565 656871.964113 6868986.299524 18.000000
700000 656871.011620 6869038.258993 656870.860914 6869048.257857 656848.914636 6869047.927076 656849.065342 6869037.928212 656871.011620 6869038.258993 18.000000
700000 656871.670333 6869017.147755 656871.519627 6869027.146619 656848.917662 6869026.805955 656849.068368 6869016.807091 656871.670333 6869017.147755 18.000000
705000 656871.964113 6868986.299524 656871.813407 6868996.298388 656849.390920 6868995.960429 656849.541626 6868985.961565 656871.964113 6868986.299524 18.000000
705000 656871.011620 6869038.258993 656870.860914 6869048.257857 656848.914636 6869047.927076 656849.065342 6869037.928212 656871.011620 6869038.258993 18.000000
705000 656871.670333 6869017.147755 656871.519627 6869027.146619 656848.917662 6869026.805955 656849.068368 6869016.807091 656871.670333 6869017.147755 18.000000
710000 656871.964113 6868986.299524 656871.813407 6868996.298388 656849.390920 6868995.960429 656849.541626 6868985.961565 656871.964113 6868986.299524 18.000000
710000 656871.011620 6869038.258993 656870.860914 6869048.257857 656848.914636 6869047.927076 656849.065342 6869037.928212 656871.011620 6869038.258993 18.000000
710000 656871.670333 6869017.147755 656871.519627 6869027.146619 656848.917662 6869026.805955 656849.068368 6869016.807091 656871.670333 6869017.147755 18.000000
715000 656871.964113 6868986.299524 656871.813407 6868996.298388 656849.390920 6868995.960429 656849.541626 6868985.961565 656871.964113 6868986.299524 18.000000
715000 656871.011620 6869038.258993 656870.860914 6869048.257857 656848.914636 6869047.927076 656849.065342 6869037.928212 656871.011620 6869038.258993 18.000000
715000 656871.670333 6869017.147755 656871.519627 6869027.146619 656848.917662 6869026.805955 656849.068368 6869016.807091 656871.670333 6869017.147755 18.000000
720000 656871.964113 6868986.299524 656871.813407 6868996.298388 656849.390920 6868995.960429 656849.541626 6868985.961565 656871.964113 6868986.299524 18.000000
720000 656871.011620 6869038.258993 656870.860914 6869048.257857 656848.914636 6869047.927076 656849.065342 6869037.928212 656871.011620 6869038.258993 18.000000
720000 656871.670333 6869017.147755 656871.519627 6869027.146619 656848.917662 6869026.805955 656849.068368 6869016.807091 656871.670333 6869017.147755 18.000000
725000 656871.964113 6868986.299524 656871.813407 6868996.298388 656849.390920 6868995.960429 656849.541626 6868985.961565 656871.964113 6868986.299524 18.000000
725000 656871.011620 6869038.258993 656870.860914 6869048.257857 656848.914636 6869047.927076 656849.065342 6869037.928212 656871.011620 6869038.258993 18.000000
725000 656871.670333 6869017.147755 656871.519627 6869027.146619 656848.917662 6869026.805955 656849.068368 6869016.807091 656871.670333 6869017.147755 18.000000
730000 656871.964113 6868986.299524 656871.813407 6868996.298388 656849.390920 6868995.960429 656849.541626 6868985.961565 656871.964113 6868986.299524 18.000000
730000 656871.011620 6869038.258993 656870.860914 6869048.257857 656848.914636 6869047.927076 656849.065342 6869037.928212 656871.011620 6869038.258993 18.000000
730000 656871.670333 6869017.147755 656871.519627 6869027.146619 656848.917662 6869026.805955 656849.068368 6869016.807091 656871.670333 6869017.147755 18.000000
735000 656871.964113 6868986.299524 656871.813407 6868996.298388 656849.390920 6868995.960429 656849.541626 6868985.961565 656871.964113 6868986.299524 18.000000
735000 656871.011620 6869038.258993 656870.860914 6869048.257857 656848.914636 6869047.927076 656849.065342 6869037.928212 656871.011620 6869038.258993 18.000000
735000 656871.670333 6869017.147755 656871.519627 6869027.146619 656848.917662 6869026.805955 656849.068368 6869016.807091 656871.670333 6869017.147755 18.000000
740000 656871.964113 6868986.299524 656871.813407 6868996.298388 656849.390920 6868995.960429 656849.541626 6868985.961565 656871.964113 6868986.299524 18.000000
740000 656871.011620 6869038.258993 656870.860914 6869048.257857 656848.914636 6869047.927076 656849.065342 6869037.928212 656871.011620 6869038.258993 18.000000
740000 656871.670333 6869017.147755 656871.519627 6869027.146619 656848.917662 6869026.805955 656849.068368 6869016.807091 656871.670333 6869017.147755 18.000000
745000 656871.964113 6868986.299524 656871.813407 6868996.298388 656849.390920 6868995.960429 656849.541626 6868985.961565 656871.964113 6868986.299524 18.000000
745000 656871.011620 6869038.258993 656870.860914 6869048.257857 656848.914636 6869047.927076 656849.065342 6869037.928212 656871.011620 6869038.258993 18.000000
745000 656871.670333 6869017.147755 656871.519627 6869027.146619 656848.917662 6869026.805955 656849.068368 6869016.807091 656871.670333 6869017.147755 18.000000
750000 656871.964113 6868986.299524 656871.813407 6868996.298388 656849.390920 6868995.960429 656849.541626 6868985.961565 656871.964113 6868986.299524 18.000000
750000 656871.011620 6869038.258993 656870.860914 6869048.257857 656848.914636 6869047.927076 656849.065342 6869037.928212 656871.011620 6869038.258993 18.000000
750000 656870.819790 6869004.453434 656870.669084 6869014.452298 656849.122812 6869014.127546 656849.273518 6869004.128681 656870.819790 6869004.453434 18.000000
755000 656871.964113 6868986.299524 656871.813407 6868996.298388 656849.390920 6868995.960429 656849.541626 6868985.961565 656871.964113 6868986.299524 18.000000
755000 656871.011620 6869038.258993 656870.860914 6869048.257857 656848.914636 6869047.927076 656849.065342 6869037.928212 656871.011620 6869038.258993 18.000000
755000 656870.819790 6869004.453434 656870.669084 6869014.452298 656849.122812 6869014.127546 656849.273518 6869004.128681 656870.819790 6869004.453434 18.000000
760000 656871.964113 6868986.299524 656871.813407 6868996.298388 656849.390920 6868995.960429 656849.541626 6868985.961565 656871.964113 6868986.299524 18.000000
760000 656871.011620 6869038.258993 656870.860914 6869048.257857 656848.914636 6869047.927076 656849.065342 6869037.928212 656871.011620 6869038.258993 18.000000
760000 656870.819790 6869004.453434 656870.669084 6869014.452298 656849.122812 6869014.127546 656849.273518 6869004.128681 656870.819790 6869004.453434 18.000000
765000 656871.964113 6868986.299524 656871.813407 6868996.298388 656849.390920 6868995.960429 656849.541626 6868985.961565 656871.964113 6868986.299524 18.000000
765000 656871.011620 6869038.258993 656870.860914 6869048.257857 656848.914636 6869047.927076 656849.065342 6869037.928212 656871.011620 6869038.258993 18.000000
765000 656870.819790 6869004.453434 656870.669084 6869014.452298 656849.122812 6869014.127546 656849.273518 6869004.128681 656870.819790 6869004.453434 18.000000
770000 656871.964113 6868986.299524 656871.813407 6868996.298388 656849.390920 6868995.960429 656849.541626 6868985.961565 656871.964113 6868986.299524 18.000000
770000 656871.011620 6869038.258993 656870.860914 6869048.257857 656848.914636 6869047.927076 656849.065342 6869037.928212 656871.011620 6869038.258993 18.000000
770000 656870.819790 6869004.453434 656870.669084 6869014.452298 656849.122812 6869014.127546 656849.273518 6869004.128681 656870.819790 6869004.453434 18.000000
775000 656871.964113 6868986.299524 656871.813407 6868996.298388 656849.390920 6868995.960429 656849.541626 6868985.961565 656871.964113 6868986.299524 18.000000
775000 656871.011620 6869038.258993 656870.860914 6869048.257857 656848.914636 6869047.927076 656849.065342 6869037.928212 656871.011620 6869038.258993 18.000000
775000 656870.819790 6869004.453434 656870.669084 6869014.452298 656849.122812 6869014.127546 656849.273518 6869004.128681 656870.819790 6869004.453434 18.000000
780000 656871.964113 6868986.299524 656871.813407 6868996.298388 656849.390920 6868995.960429 656849.541626 6868985.961565 656871.964113 6868986.299524 18.000000
780000 656871.011620 6869038.258993 656870.860914 6869048.257857 656848.914636 6869047.927076 656849.065342 6869037.928212 656871.011620 6869038.258993 18.000000
780000 656870.819790 6869004.453434 656870.669084 6869014.452298 656849.122812 6869014.127546 656849.273518 6869004.128681 656870.819790 6869004.453434 18.000000
784106 656871.964113 6868986.299524 656871.813407 6868996.298388 656849.390920 6868995.960429 656849.541626 6868985.961565 656871.964113 6868986.299524 18.000000
784106 656871.011620 6869038.258993 656870.860914 6869048.257857 656848.914636 6869047.927076 656849.065342 6869037.928212 656871.011620 6869038.258993 18.000000
784106 656870.819790 6869004.453434 656870.669084 6869014.452298 656849.122812 6869014.127546 656849.273518 6869004.128681 656870.819790 6869004.453434 18.000000
784106 656871.861876 6869021.269007 656871.711170 6869031.267872 656849.077907 6869030.926736 656849.228613 6869020.927872 656871.861876 6869021.269007 18.000000
