5000 656871.631824 6868996.520366 656871.481118 6869006.519230 656852.499150 6869006.233128 656852.649856 6868996.234264 656871.631824 6868996.520366 18.000000
10000 656849.261334 6868988.422448 656854.260766 6868988.497801 656854.178089 6868993.983159 656849.178657 6868993.907806 656849.261334 6868988.422448 6.000000
10000 656856.826688 6869012.866125 656866.825552 6869013.016831 656866.308701 6869047.308269 656856.309837 6869047.157563 656856.826688 6869012.866125 18.000000
15000 656871.930226 6869011.831684 656871.779520 6869021.830548 656849.351379 6869021.492504 656849.502085 6869011.493640 656871.930226 6869011.831684 18.000000
15000 656854.807441 6868982.993544 656864.806305 6868983.144250 656864.104591 6869029.700747 656854.105726 6869029.550041 656854.807441 6868982.993544 18.000000
20000 656857.656147 6868988.655842 656867.655012 6868988.806548 656866.988088 6869033.054780 656856.989224 6869032.904074 656857.656147 6868988.655842 18.000000
25000 656854.983152 6869004.947336 656864.982017 6869005.098042 656864.498678 6869037.166014 656854.499814 6869037.015308 656854.983152 6869004.947336 18.000000
25000 656863.676904 6868983.618573 656863.601551 6868988.618005 656850.454630 6868988.419851 656850.529983 6868983.420419 656863.676904 6868983.618573 6.000000
30000 656854.711473 6869002.140781 656864.710337 6869002.291487 656864.131968 6869040.664402 656854.133104 6869040.513696 656854.711473 6869002.140781 18.000000
35000 656857.797480 6868986.276761 656867.796344 6868986.427467 656867.098366 6869032.736031 656857.099502 6869032.585325 656857.797480 6868986.276761 18.000000
40000 656850.826224 6868994.275819 656860.825088 6868994.426525 656860.250887 6869032.522928 656850.252023 6869032.372222 656850.826224 6868994.275819 18.000000
40000 656856.660311 6868984.459327 656866.659176 6868984.610033 656866.120565 6869020.345089 656856.121701 6869020.194383 656856.660311 6868984.459327 18.000000
45000 656854.072749 6869022.295602 656859.072181 6869022.370955 656858.872409 6869035.625169 656853.872977 6869035.549816 656854.072749 6869022.295602 6.000000
45000 656849.379936 6869028.344932 656854.379369 6869028.420285 656854.204066 6869040.051051 656849.204634 6869039.975698 656849.379936 6869028.344932 6.000000
50000 656861.842447 6868982.807866 656871.841311 6868982.958572 656871.498277 6869005.717790 656861.499413 6869005.567084 656861.842447 6868982.807866 18.000000
50000 656871.239093 6869010.916081 656871.163740 6869015.915513 656864.548018 6869015.815799 656864.623372 6869010.816366 656871.239093 6869010.916081 6.000000
55000 656857.791699 6869021.554038 656867.790564 6869021.704744 656867.391898 6869048.154900 656857.393034 6869048.004194 656857.791699 6869021.554038 18.000000
60000 656858.096368 6868991.657300 656868.095232 6868991.808006 656867.425391 6869036.249850 656857.426526 6869036.099144 656858.096368 6868991.657300 18.000000
65000 656871.059397 6869020.655907 656870.908691 6869030.654771 656850.251659 6869030.343422 656850.402365 6869020.344557 656871.059397 6869020.655907 18.000000
70000 656853.985752 6869000.940155 656863.984616 6869001.090861 656863.767846 6869015.472881 656853.768982 6869015.322175 656853.985752 6869000.940155 18.000000
75000 656852.093710 6868994.519678 656862.092575 6868994.670384 656861.477015 6869035.510823 656851.478150 6869035.360117 656852.093710 6868994.519678 18.000000
80000 656861.339882 6868982.591232 656871.338747 6868982.741938 656870.619273 6869030.476698 656860.620409 6869030.325992 656861.339882 6868982.591232 18.000000
85000 656856.387438 6868980.936395 656866.386302 6868981.087101 656865.845761 6869016.950303 656855.846896 6869016.799597 656856.387438 6868980.936395 18.000000
90000 656854.567639 6868989.224693 656864.566503 6868989.375399 656863.952630 6869030.103904 656853.953766 6869029.953198 656854.567639 6868989.224693 18.000000
95000 656867.041352 6868995.071352 656872.040784 6868995.146705 656871.872252 6869006.328264 656866.872820 6869006.252911 656867.041352 6868995.071352 6.000000
95000 656851.408413 6869008.089504 656856.407845 6869008.164857 656856.089860 6869029.262160 656851.090428 6869029.186807 656851.408413 6869008.089504 6.000000
100000 656851.399679 6868994.926386 656861.398544 6868995.077092 656860.858722 6869030.892534 656850.859858 6869030.741828 656851.399679 6868994.926386 18.000000
105000 656870.984219 6869036.515539 656870.833513 6869046.514403 656848.798159 6869046.182279 656848.948865 6869036.183415 656870.984219 6869036.515539 18.000000
105000 656853.875175 6868991.509769 656863.874039 6868991.660475 656863.285113 6869030.733866 656853.286248 6869030.583160 656853.875175 6868991.509769 18.000000
110000 656861.845037 6869015.664712 656871.843901 6869015.815418 656871.403227 6869045.052725 656861.404363 6869044.902019 656861.845037 6869015.664712 18.000000
115000 656861.696373 6869005.389933 656871.695237 6869005.540639 656871.080513 6869046.325575 656861.081649 6869046.174869 656861.696373 6869005.389933 18.000000
120000 656851.393636 6869002.254534 656861.392500 6869002.405240 656860.815721 6869040.672702 656850.816856 6869040.521996 656851.393636 6869002.254534 18.000000
125000 656853.972515 6868979.026837 656863.971379 6868979.177543 656863.506284 6869010.035091 656853.507420 6869009.884385 656853.972515 6868979.026837 18.000000
130000 656859.115085 6869015.584887 656869.113950 6869015.735593 656868.635465 6869047.481553 656858.636600 6869047.330847 656859.115085 6869015.584887 18.000000
135000 656851.608345 6868984.349323 656861.607209 6868984.500029 656860.925465 6869029.731602 656850.926600 6869029.580896 656851.608345 6868984.349323 18.000000
140000 656858.827728 6868981.737180 656858.752375 6868986.736612 656849.399685 6868986.595645 656849.475038 6868981.596213 656858.827728 6868981.737180 6.000000
140000 656865.741384 6868996.995780 656865.666031 6869001.995212 656850.711989 6869001.769820 656850.787342 6868996.770388 656865.741384 6868996.995780 6.000000
145000 656866.796187 6869016.269513 656871.795620 6869016.344866 656871.558745 6869032.060747 656866.559313 6869031.985394 656866.796187 6869016.269513 6.000000
145000 656867.233250 6868979.693498 656872.232682 6868979.768851 656871.932319 6868999.696991 656866.932886 6868999.621638 656867.233250 6868979.693498 6.000000
145000 656867.714166 6869038.283655 656867.638813 6869043.283087 656855.912160 6869043.106340 656855.987513 6869038.106907 656867.714166 6869038.283655 6.000000
150000 656872.005010 6869000.172924 656871.929657 6869005.172356 656865.839091 6869005.080557 656865.914444 6869000.081125 656872.005010 6869000.172924 6.000000
155000 656853.715566 6868988.032089 656863.714430 6868988.182795 656863.092130 6869029.470398 656853.093266 6869029.319692 656853.715566 6868988.032089 18.000000
160000 656862.069427 6868983.690299 656861.994074 6868988.689731 656849.258398 6868988.497775 656849.333751 6868983.498343 656862.069427 6868983.690299 6.000000
160000 656867.178629 6868984.952833 656872.178061 6868985.028186 656871.885857 6869004.415002 656866.886425 6869004.339649 656867.178629 6868984.952833 6.000000
165000 656858.024966 6869000.098286 656868.023830 6869000.248992 656867.281293 6869049.513949 656857.282429 6869049.363243 656858.024966 6869000.098286 18.000000
170000 656854.467439 6868987.200389 656864.466303 6868987.351095 656864.040840 6869015.579260 656854.041975 6869015.428554 656854.467439 6868987.200389 18.000000
175000 656869.704544 6868985.077079 656869.553838 6868995.075943 656849.366916 6868994.771680 656849.517622 6868984.772815 656869.704544 6868985.077079 18.000000
180000 656860.876386 6868987.420981 656870.875251 6868987.571687 656870.259927 6869028.396425 656860.261063 6869028.245719 656860.876386 6868987.420981 18.000000
185000 656851.099305 6868992.508459 656861.098169 6868992.659165 656860.658662 6869021.819054 656850.659798 6869021.668348 656851.099305 6868992.508459 18.000000
185000 656854.554774 6868999.251961 656864.553638 6868999.402667 656863.982355 6869037.305472 656853.983490 6869037.154766 656854.554774 6868999.251961 18.000000
190000 656856.677582 6868986.048429 656866.676446 6868986.199135 656866.230879 6869015.761104 656856.232014 6869015.610398 656856.677582 6868986.048429 18.000000
195000 656858.530833 6869009.325747 656868.529697 6869009.476453 656868.198407 6869031.456522 656858.199542 6869031.305816 656858.530833 6869009.325747 18.000000
200000 656856.820119 6868995.488421 656866.818983 6868995.639128 656866.172866 6869038.506933 656856.174001 6869038.356227 656856.820119 6868995.488421 18.000000
200000 656853.463261 6868984.445474 656863.462125 6868984.596180 656862.760840 6869031.124194 656852.761976 6869030.973488 656853.463261 6868984.445474 18.000000
205000 656854.437111 6868984.916308 656864.435975 6868985.067014 656863.871342 6869022.528643 656853.872477 6869022.377937 656854.437111 6868984.916308 18.000000
210000 656849.856783 6868990.785931 656854.856215 6868990.861284 656854.500736 6869014.446189 656849.501304 6869014.370836 656849.856783 6868990.785931 6.000000
215000 656870.778844 6869013.462909 656870.628138 6869023.461773 656849.596686 6869023.144781 656849.747392 6869013.145916 656870.778844 6869013.462909 18.000000
220000 656853.049185 6868977.611101 656863.048049 6868977.761807 656862.443974 6869017.840241 656852.445110 6869017.689535 656853.049185 6868977.611101 18.000000
225000 656860.315723 6869006.275565 656870.314587 6869006.426271 656869.739885 6869044.555883 656859.741021 6869044.405176 656860.315723 6869006.275565 18.000000
230000 656854.090022 6868994.141750 656864.088887 6868994.292456 656863.675726 6869021.704358 656853.676861 6869021.553652 656854.090022 6868994.141750 18.000000
235000 656853.204865 6868976.729190 656863.203729 6868976.879896 656862.635511 6869014.579330 656852.636647 6869014.428624 656853.204865 6868976.729190 18.000000
240000 656849.622768 6868996.357086 656859.621632 6868996.507792 656858.880389 6869045.686917 656848.881524 6869045.536211 656849.622768 6868996.357086 18.000000
245000 656861.487849 6868992.996718 656871.486713 6868993.147424 656870.971216 6869027.348965 656860.972352 6869027.198259 656861.487849 6868992.996718 18.000000
250000 656849.881571 6868986.113371 656859.880435 6868986.264077 656859.551901 6869008.061287 656849.553037 6869007.910581 656849.881571 6868986.113371 18.000000
250000 656867.596088 6869039.607321 656867.520735 6869044.606753 656858.857593 6869044.476179 656858.932946 6869039.476747 656867.596088 6869039.607321 6.000000
255000 656870.815917 6868980.557906 656870.665211 6868990.556770 656849.814380 6868990.242500 656849.965086 6868980.243636 656870.815917 6868980.557906 18.000000
255000 656866.528851 6869014.371621 656871.528283 6869014.446974 656871.226272 6869034.484443 656866.226840 6869034.409090 656866.528851 6869014.371621 6.000000
260000 656871.571563 6869032.276584 656871.420857 6869042.275449 656850.833090 6869041.965143 656850.983796 6869031.966279 656871.571563 6869032.276584 18.000000
260000 656856.732154 6869002.646708 656856.656801 6869007.646141 656849.390328 6869007.536618 656849.465681 6869002.537186 656856.732154 6869002.646708 6.000000
265000 656871.267075 6869031.403611 656871.116369 6869041.402475 656849.566956 6869041.077675 656849.717662 6869031.078811 656871.267075 6869031.403611 18.000000
265000 656853.243126 6868982.679043 656863.241990 6868982.829749 656862.597771 6869025.571643 656852.598907 6869025.420937 656853.243126 6868982.679043 18.000000
270000 656852.458074 6869012.529947 656862.456939 6869012.680653 656861.961306 6869045.564322 656851.962441 6869045.413616 656852.458074 6869012.529947 18.000000
275000 656856.683938 6868981.879737 656866.682802 6868982.030443 656866.234068 6869011.802524 656856.235204 6869011.651818 656856.683938 6868981.879737 18.000000
280000 656859.519998 6868987.042937 656869.518863 6868987.193643 656869.183601 6869009.437177 656859.184737 6869009.286471 656859.519998 6868987.042937 18.000000
280000 656871.737951 6869030.394909 656871.662598 6869035.394342 656864.371028 6869035.284441 656864.446381 6869030.285009 656871.737951 6869030.394909 6.000000
285000 656871.416537 6868984.103887 656871.265831 6868994.102751 656849.345284 6868993.772358 656849.495990 6868983.773494 656871.416537 6868984.103887 18.000000
285000 656857.676431 6869012.510858 656867.675295 6869012.661564 656867.150046 6869047.510151 656857.151182 6869047.359445 656857.676431 6869012.510858 18.000000
295000 656857.087637 6868995.088718 656867.086501 6868995.239424 656866.524733 6869032.510893 656856.525869 6869032.360187 656857.087637 6868995.088718 18.000000
300000 656866.854824 6868982.085110 656871.854256 6868982.160463 656871.484655 6869006.682266 656866.485223 6869006.606913 656866.854824 6868982.085110 6.000000
300000 656866.302089 6869025.438963 656871.301521 6869025.514316 656870.964369 6869047.883301 656865.964937 6869047.807948 656866.302089 6869025.438963 6.000000
300000 656849.496730 6869023.761196 656854.496162 6869023.836549 656854.260454 6869039.475043 656849.261022 6869039.399690 656849.496730 6869023.761196 6.000000
300000 656860.949018 6868992.836782 656860.873665 6868997.836214 656849.216793 6868997.660518 656849.292146 6868992.661085 656860.949018 6868992.836782 6.000000
305000 656855.472596 6869005.058350 656865.471460 6869005.209056 656864.818138 6869048.554911 656854.819274 6869048.404205 656855.472596 6869005.058350 18.000000
310000 656854.577109 6868991.201180 656864.575973 6868991.351886 656863.903031 6869035.999409 656853.904167 6869035.848703 656854.577109 6868991.201180 18.000000
315000 656871.418690 6869016.300623 656871.267984 6869026.299487 656849.450553 6869025.970648 656849.601259 6869015.971784 656871.418690 6869016.300623 18.000000
315000 656871.499840 6869038.426948 656871.349134 6869048.425813 656850.945054 6869048.118276 656851.095760 6869038.119412 656871.499840 6869038.426948 18.000000
315000 656867.196404 6868978.136936 656872.195836 6868978.212289 656871.929119 6868995.908089 656866.929687 6868995.832736 656867.196404 6868978.136936 6.000000
320000 656851.983093 6869000.576426 656861.981958 6869000.727132 656861.453473 6869035.790400 656851.454608 6869035.639694 656851.983093 6869000.576426 18.000000
325000 656869.919635 6868989.929560 656869.768929 6868999.928424 656849.253721 6868999.619213 656849.404427 6868989.620348 656869.919635 6868989.929560 18.000000
325000 656859.295789 6869012.035264 656869.294653 6869012.185970 656868.812146 6869044.198762 656858.813282 6869044.048056 656859.295789 6869012.035264 18.000000
330000 656858.340802 6869003.973395 656868.339667 6869004.124101 656867.819406 6869038.641700 656857.820542 6869038.490994 656858.340802 6869003.973395 18.000000
335000 656866.877251 6869005.059813 656871.876683 6869005.135166 656871.501353 6869030.037104 656866.501921 6869029.961751 656866.877251 6869005.059813 6.000000
335000 656867.235090 6868981.476309 656872.234522 6868981.551662 656872.147253 6868987.341627 656867.147821 6868987.266274 656867.235090 6868981.476309 6.000000
335000 656849.785866 6868992.178264 656854.785298 6868992.253617 656854.444986 6869014.832237 656849.445553 6869014.756884 656849.785866 6868992.178264 6.000000
340000 656852.889401 6868990.968798 656862.888265 6868991.119504 656862.225788 6869035.072749 656852.226924 6869034.922043 656852.889401 6868990.968798 18.000000
345000 656860.192622 6868995.105021 656870.191487 6868995.255727 656869.579047 6869035.889142 656859.580182 6869035.738436 656860.192622 6868995.105021 18.000000
350000 656850.423111 6868998.059798 656860.421975 6868998.210504 656859.913675 6869031.934599 656849.914810 6869031.783893 656850.423111 6868998.059798 18.000000
355000 656870.943413 6869034.088869 656870.792707 6869044.087733 656848.767395 6869043.755761 656848.918101 6869033.756897 656870.943413 6869034.088869 18.000000
355000 656861.013875 6868985.995259 656871.012739 6868986.145965 656870.485898 6869021.100157 656860.487034 6869020.949451 656861.013875 6868985.995259 18.000000
360000 656862.056783 6868993.320511 656872.055647 6868993.471217 656871.376698 6869038.517302 656861.377834 6869038.366596 656862.056783 6868993.320511 18.000000
365000 656869.559896 6869035.223710 656869.409190 6869045.222574 656848.743759 6869044.911098 656848.894465 6869034.912234 656869.559896 6869035.223710 18.000000
365000 656853.742752 6868993.039447 656863.741616 6868993.190153 656863.242799 6869026.285092 656853.243934 6869026.134386 656853.742752 6868993.039447 18.000000
370000 656856.789199 6869002.806491 656866.788064 6869002.957197 656866.267745 6869037.478645 656856.268881 6869037.327939 656856.789199 6869002.806491 18.000000
375000 656856.027257 6868990.522048 656866.026121 6868990.672755 656865.292642 6869039.336729 656855.293778 6869039.186023 656856.027257 6868990.522048 18.000000
380000 656850.528835 6868984.878012 656860.527699 6868985.028718 656859.784349 6869034.347597 656849.785485 6869034.196891 656850.528835 6868984.878012 18.000000
385000 656866.916656 6869021.776261 656871.916088 6869021.851614 656871.762281 6869032.056171 656866.762849 6869031.980818 656866.916656 6869021.776261 6.000000
385000 656866.369656 6868997.391846 656866.294303 6869002.391278 656849.489926 6869002.137997 656849.565279 6868997.138565 656866.369656 6868997.391846 6.000000
390000 656861.555432 6868988.593938 656871.554296 6868988.744644 656870.928312 6869030.276660 656860.929448 6869030.125953 656861.555432 6868988.593938 18.000000
395000 656860.745155 6868995.867911 656870.744019 6868996.018617 656870.073057 6869040.534806 656860.074193 6869040.384100 656860.745155 6868995.867911 18.000000
395000 656871.913537 6868980.108264 656871.762831 6868990.107129 656849.842382 6868989.776737 656849.993088 6868979.777872 656871.913537 6868980.108264 18.000000
400000 656871.329991 6869028.913970 656871.179285 6869038.912834 656850.919793 6869038.607477 656851.070499 6869028.608612 656871.329991 6869028.913970 18.000000
405000 656849.376069 6869028.963423 656854.375501 6869029.038776 656854.102316 6869047.163708 656849.102884 6869047.088355 656849.376069 6869028.963423 6.000000
405000 656866.812504 6869013.549715 656871.811936 6869013.625068 656871.622395 6869026.200525 656866.622963 6869026.125172 656866.812504 6869013.549715 6.000000
405000 656871.844342 6869033.309196 656871.768989 6869038.308628 656860.680273 6869038.141495 656860.755626 6869033.142063 656871.844342 6869033.309196 6.000000
405000 656862.707045 6868988.712849 656862.631692 6868993.712281 656852.865871 6868993.565087 656852.941224 6868988.565655 656862.707045 6868988.712849 6.000000
410000 656871.684581 6868983.391907 656871.533875 6868993.390771 656849.626851 6868993.060582 656849.777557 6868983.061717 656871.684581 6868983.391907 18.000000
410000 656856.172717 6869009.158416 656866.171581 6869009.309122 656865.628574 6869045.335911 656855.629710 6869045.185205 656856.172717 6869009.158416 18.000000
415000 656867.019456 6869004.642710 656872.018888 6869004.718063 656871.680974 6869027.137589 656866.681541 6869027.062236 656867.019456 6869004.642710 6.000000
415000 656849.551333 6869025.702243 656854.550765 6869025.777596 656854.229039 6869047.123082 656849.229607 6869047.047729 656849.551333 6869025.702243 6.000000
415000 656872.062611 6868986.486267 656871.987258 6868991.485699 656857.953660 6868991.274180 656858.029013 6868986.274748 656872.062611 6868986.486267 6.000000
420000 656851.564416 6868978.522875 656861.563280 6868978.673581 656860.814469 6869028.354777 656850.815605 6869028.204071 656851.564416 6868978.522875 18.000000
425000 656854.739749 6868984.821162 656864.738613 6868984.971868 656864.103324 6869027.121278 656854.104460 6869026.970572 656854.739749 6868984.821162 18.000000
425000 656870.500201 6869032.796700 656870.349495 6869042.795565 656849.151117 6869042.476056 656849.301823 6869032.477192 656870.500201 6869032.796700 18.000000
435000 656854.218763 6868994.200887 656864.217627 6868994.351593 656863.520993 6869040.571029 656853.522129 6869040.420323 656854.218763 6868994.200887 18.000000
440000 656853.200068 6869001.166685 656863.198932 6869001.317391 656862.529833 6869045.709986 656852.530968 6869045.559280 656853.200068 6869001.166685 18.000000
445000 656859.564322 6868997.865546 656869.563186 6868998.016252 656868.927645 6869040.182330 656858.928781 6869040.031623 656859.564322 6868997.865546 18.000000
450000 656870.482481 6869036.760502 656870.331775 6869046.759366 656848.988162 6869046.437669 656849.138868 6869036.438804 656870.482481 6869036.760502 18.000000
450000 656849.712488 6868981.791443 656854.711920 6868981.866796 656854.410771 6869001.847073 656849.411339 6869001.771720 656849.712488 6868981.791443 6.000000
455000 656870.482481 6869036.760502 656870.331775 6869046.759366 656848.988162 6869046.437669 656849.138868 6869036.438804 656870.482481 6869036.760502 18.000000
455000 656870.529203 6868999.832984 656870.378497 6869009.831848 656849.481337 6869009.516879 656849.632043 6868999.518015 656870.529203 6868999.832984 18.000000
455000 656871.544092 6869018.103056 656871.393386 6869028.101921 656849.507121 6869027.772044 656849.657827 6869017.773180 656871.544092 6869018.103056 18.000000
460000 656870.500782 6869018.625103 656870.350076 6869028.623967 656851.380239 6869028.338047 656851.530945 6869018.339183 656870.500782 6869018.625103 18.000000
460000 656849.873818 6868981.320644 656854.873250 6868981.395997 656854.647322 6868996.385565 656849.647890 6868996.310212 656849.873818 6868981.320644 6.000000
465000 656853.938957 6868988.363642 656863.937821 6868988.514348 656863.200214 6869037.452198 656853.201350 6869037.301492 656853.938957 6868988.363642 18.000000
470000 656871.236438 6868989.408967 656871.085732 6868999.407831 656850.290391 6868999.094397 656850.441097 6868989.095533 656871.236438 6868989.408967 18.000000
470000 656858.720157 6869005.716852 656868.719022 6869005.867558 656868.251181 6869036.907268 656858.252317 6869036.756562 656858.720157 6869005.716852 18.000000
475000 656860.634058 6868992.259852 656870.632923 6868992.410558 656869.909364 6869040.416376 656859.910499 6869040.265670 656860.634058 6868992.259852 18.000000
480000 656862.089964 6868999.260245 656872.088828 6868999.410951 656871.402519 6869044.945340 656861.403655 6869044.794634 656862.089964 6868999.260245 18.000000
485000 656868.564807 6869034.499294 656868.414101 6869044.498158 656850.341245 6869044.225758 656850.491951 6869034.226894 656868.564807 6869034.499294 18.000000
485000 656849.455899 6868992.171300 656854.455332 6868992.246653 656854.234768 6869006.880309 656849.235336 6869006.804956 656849.455899 6868992.171300 6.000000
485000 656867.082602 6869001.870590 656872.082034 6869001.945943 656872.002901 6869007.196185 656867.003469 6869007.120832 656867.082602 6869001.870590 6.000000
490000 656871.992872 6869012.073374 656871.917519 6869017.072806 656862.878626 6869016.936569 656862.953979 6869011.937137 656871.992872 6869012.073374 6.000000
490000 656866.817547 6869032.231538 656871.816979 6869032.306891 656871.682329 6869041.240478 656866.682897 6869041.165125 656866.817547 6869032.231538 6.000000
495000 656867.238304 6868978.694901 656872.237736 6868978.770254 656872.127386 6868986.091619 656867.127954 6868986.016266 656867.238304 6868978.694901 6.000000
495000 656866.916631 6869004.564631 656871.916064 6869004.639984 656871.766638 6869014.553916 656866.767205 6869014.478563 656866.916631 6869004.564631 6.000000
500000 656871.972452 6868982.342020 656871.821745 6868992.340885 656849.468170 6868992.003964 656849.618876 6868982.005100 656871.972452 6868982.342020 18.000000
500000 656860.310236 6869004.195359 656870.309101 6869004.346066 656869.695010 6869045.089017 656859.696146 6869044.938311 656860.310236 6869004.195359 18.000000
505000 656871.972452 6868982.342020 656871.821745 6868992.340885 656849.468170 6868992.003964 656849.618876 6868982.005100 656871.972452 6868982.342020 18.000000
505000 656854.481454 6868997.862785 656864.480318 6868998.013492 656863.986856 6869030.753157 656853.987991 6869030.602451 656854.481454 6868997.862785 18.000000
510000 656866.803537 6869034.595729 656871.802969 6869034.671082 656871.662256 6869044.006957 656866.662824 6869043.931604 656866.803537 6869034.595729 6.000000
510000 656871.874508 6869002.527773 656871.799155 6869007.527205 656863.847031 6869007.407348 656863.922384 6869002.407916 656871.874508 6869002.527773 6.000000
510000 656849.317596 6869000.706035 656854.317028 6869000.781388 656854.082155 6869016.364420 656849.082723 6869016.289067 656849.317596 6869000.706035 6.000000
515000 656861.659515 6869000.137682 656871.658379 6869000.288388 656871.007551 6869043.468712 656861.008687 6869043.318006 656861.659515 6869000.137682 18.000000
520000 656853.005122 6868987.239785 656863.003986 6868987.390491 656862.277855 6869035.566964 656852.278991 6869035.416258 656853.005122 6868987.239785 18.000000
525000 656854.048933 6869009.151930 656864.047798 6869009.302636 656863.498109 6869045.772728 656853.499245 6869045.622022 656854.048933 6869009.151930 18.000000
525000 656849.412413 6868981.960902 656854.411846 6868982.036255 656854.319703 6868988.149590 656849.320271 6868988.074237 656849.412413 6868981.960902 6.000000
530000 656853.280268 6868996.423321 656863.279132 6868996.574027 656862.559000 6869044.352484 656852.560136 6869044.201778 656853.280268 6868996.423321 18.000000
535000 656856.340318 6868979.274776 656866.339182 6868979.425482 656865.660601 6869024.447142 656855.661737 6869024.296436 656856.340318 6868979.274776 18.000000
535000 656870.942016 6869035.780636 656870.791310 6869045.779500 656849.072257 6869045.452144 656849.222963 6869035.453279 656870.942016 6869035.780636 18.000000
540000 656870.942016 6869035.780636 656870.791310 6869045.779500 656849.072257 6869045.452144 656849.222963 6869035.453279 656870.942016 6869035.780636 18.000000
540000 656853.398575 6868979.835768 656863.397439 6868979.986474 656862.834730 6869017.320429 656852.835865 6869017.169722 656853.398575 6868979.835768 18.000000
545000 656870.942016 6869035.780636 656870.791310 6869045.779500 656849.072257 6869045.452144 656849.222963 6869035.453279 656870.942016 6869035.780636 18.000000
545000 656853.398575 6868979.835768 656863.397439 6868979.986474 656862.834730 6869017.320429 656852.835865 6869017.169722 656853.398575 6868979.835768 18.000000
550000 656859.575552 6868996.611617 656869.574416 6868996.762323 656868.849600 6869044.851545 656858.850736 6869044.700839 656859.575552 6868996.611617 18.000000
555000 656866.615732 6869003.841252 656871.615165 6869003.916605 656871.293378 6869025.266094 656866.293946 6869025.190741 656866.615732 6869003.841252 6.000000
560000 656860.198671 6868984.045597 656870.197535 6868984.196303 656869.573761 6869025.581715 656859.574897 6869025.431009 656860.198671 6868984.045597 18.000000
565000 656866.671764 6868985.227952 656871.671196 6868985.303305 656871.300073 6869009.926112 656866.300641 6869009.850759 656866.671764 6868985.227952 6.000000
570000 656871.677454 6869041.397342 656871.602101 6869046.396774 656856.747290 6869046.172878 656856.822643 6869041.173446 656871.677454 6869041.397342 6.000000
570000 656854.901160 6868984.576139 656864.900024 6868984.726845 656864.409647 6869017.261822 656854.410782 6869017.111116 656854.901160 6868984.576139 18.000000
575000 656871.677454 6869041.397342 656871.602101 6869046.396774 656856.747290 6869046.172878 656856.822643 6869041.173446 656871.677454 6869041.397342 6.000000
575000 656849.819315 6868980.133923 656859.818180 6868980.284629 656859.209724 6869020.653689 656849.210860 6869020.502983 656849.819315 6868980.133923 18.000000
580000 656871.677454 6869041.397342 656871.602101 6869046.396774 656856.747290 6869046.172878 656856.822643 6869041.173446 656871.677454 6869041.397342 6.000000
580000 656859.549277 6868981.961400 656869.548141 6868982.112106 656868.941055 6869022.390318 656858.942191 6869022.239612 656859.549277 6868981.961400 18.000000
585000 656857.293909 6869012.455004 656867.292774 6869012.605710 656866.900096 6869038.658602 656856.901232 6869038.507896 656857.293909 6869012.455004 18.000000
585000 656867.148473 6868980.093098 656872.147906 6868980.168451 656871.974868 6868991.648919 656866.975436 6868991.573566 656867.148473 6868980.093098 6.000000
585000 656849.410576 6868983.051847 656854.410009 6868983.127200 656854.256694 6868993.299135 656849.257262 6868993.223782 656849.410576 6868983.051847 6.000000
590000 656871.470269 6869036.391452 656871.319563 6869046.390317 656848.961767 6869046.053333 656849.112473 6869036.054469 656871.470269 6869036.391452 18.000000
590000 656851.351196 6868992.669742 656861.350060 6868992.820448 656860.791157 6869029.901911 656850.792292 6869029.751205 656851.351196 6868992.669742 18.000000
595000 656872.043610 6868985.659651 656871.892904 6868995.658515 656850.172104 6868995.331132 656850.322810 6868985.332268 656872.043610 6868985.659651 18.000000
595000 656871.803937 6869035.566803 656871.653231 6869045.565667 656850.947705 6869045.253587 656851.098411 6869035.254723 656871.803937 6869035.566803 18.000000
595000 656871.100721 6869005.232456 656870.950015 6869015.231320 656850.666004 6869014.925593 656850.816710 6869004.926729 656871.100721 6869005.232456 18.000000
600000 656872.043610 6868985.659651 656871.892904 6868995.658515 656850.172104 6868995.331132 656850.322810 6868985.332268 656872.043610 6868985.659651 18.000000
600000 656871.100721 6869005.232456 656870.950015 6869015.231320 656850.666004 6869014.925593 656850.816710 6869004.926729 656871.100721 6869005.232456 18.000000
600000 656871.178156 6869024.269060 656871.027450 6869034.267925 656849.330971 6869033.940908 656849.481677 6869023.942044 656871.178156 6869024.269060 18.000000
605000 656872.043610 6868985.659651 656871.892904 6868995.658515 656850.172104 6868995.331132 656850.322810 6868985.332268 656872.043610 6868985.659651 18.000000
605000 656871.178156 6869024.269060 656871.027450 6869034.267925 656849.330971 6869033.940908 656849.481677 6869023.942044 656871.178156 6869024.269060 18.000000
605000 656871.664032 6869002.309911 656871.513326 6869012.308776 656850.449044 6869011.991288 656850.599750 6869001.992424 656871.664032 6869002.309911 18.000000
610000 656872.043610 6868985.659651 656871.892904 6868995.658515 656850.172104 6868995.331132 656850.322810 6868985.332268 656872.043610 6868985.659651 18.000000
610000 656871.178156 6869024.269060 656871.027450 6869034.267925 656849.330971 6869033.940908 656849.481677 6869023.942044 656871.178156 6869024.269060 18.000000
610000 656871.664032 6869002.309911 656871.513326 6869012.308776 656850.449044 6869011.991288 656850.599750 6869001.992424 656871.664032 6869002.309911 18.000000
615000 656872.043610 6868985.659651 656871.892904 6868995.658515 656850.172104 6868995.331132 656850.322810 6868985.332268 656872.043610 6868985.659651 18.000000
615000 656871.664032 6869002.309911 656871.513326 6869012.308776 656850.449044 6869011.991288 656850.599750 6869001.992424 656871.664032 6869002.309911 18.000000
615000 656871.400877 6869036.585375 656871.250171 6869046.584239 656851.056744 6869046.279878 656851.207450 6869036.281013 656871.400877 6869036.585375 18.000000
620000 656871.988395 6868980.543410 656871.837689 6868990.542274 656850.352960 6868990.218450 656850.503666 6868980.219585 656871.988395 6868980.543410 18.000000
620000 656849.171227 6869024.037560 656854.170659 6869024.112913 656853.853758 6869045.138293 656848.854326 6869045.062940 656849.171227 6869024.037560 6.000000
620000 656866.895607 6869019.147087 656871.895039 6869019.222440 656871.679556 6869033.519059 656866.680124 6869033.443706 656866.895607 6869019.147087 6.000000
625000 656871.988395 6868980.543410 656871.837689 6868990.542274 656850.352960 6868990.218450 656850.503666 6868980.219585 656871.988395 6868980.543410 18.000000
625000 656854.872413 6869012.909336 656864.871277 6869013.060042 656864.351001 6869047.578714 656854.352136 6869047.428008 656854.872413 6869012.909336 18.000000
630000 656871.988395 6868980.543410 656871.837689 6868990.542274 656850.352960 6868990.218450 656850.503666 6868980.219585 656871.988395 6868980.543410 18.000000
630000 656870.400463 6869029.490524 656870.249757 6869039.489388 656850.123511 6869039.186039 656850.274217 6869029.187174 656870.400463 6869029.490524 18.000000
630000 656871.847567 6869013.947434 656871.696861 6869023.946298 656850.929207 6869023.633281 656851.079913 6869013.634417 656871.847567 6869013.947434 18.000000
635000 656871.988395 6868980.543410 656871.837689 6868990.542274 656850.352960 6868990.218450 656850.503666 6868980.219585 656871.988395 6868980.543410 18.000000
635000 656870.400463 6869029.490524 656870.249757 6869039.489388 656850.123511 6869039.186039 656850.274217 6869029.187174 656870.400463 6869029.490524 18.000000
635000 656869.668041 6869005.889539 656869.517335 6869015.888404 656849.916776 6869015.592978 656850.067482 6869005.594113 656869.668041 6869005.889539 18.000000
640000 656860.791443 6868997.536442 656870.790307 6868997.687148 656870.114721 6869042.510105 656860.115857 6869042.359399 656860.791443 6868997.536442 18.000000
645000 656871.588901 6869034.314389 656871.438195 6869044.313253 656849.414264 6869043.981302 656849.564970 6869033.982437 656871.588901 6869034.314389 18.000000
645000 656849.557199 6868984.267118 656859.556063 6868984.417824 656858.942369 6869025.134456 656848.943505 6869024.983750 656849.557199 6868984.267118 18.000000
650000 656869.554973 6868991.820400 656869.404267 6869001.819264 656849.673758 6869001.521880 656849.824464 6868991.523015 656869.554973 6868991.820400 18.000000
650000 656849.048408 6869027.662096 656854.047841 6869027.737449 656853.920424 6869036.191124 656848.920992 6869036.115771 656849.048408 6869027.662096 6.000000
650000 656866.664844 6869027.561275 656871.664276 6869027.636628 656871.463500 6869040.957418 656866.464068 6869040.882065 656866.664844 6869027.561275 6.000000
655000 656861.412128 6868982.678527 656871.410992 6868982.829233 656870.702250 6869029.851999 656860.703385 6869029.701293 656861.412128 6868982.678527 18.000000
655000 656869.859985 6869037.057074 656869.709279 6869047.055939 656850.664846 6869046.768895 656850.815552 6869036.770031 656869.859985 6869037.057074 18.000000
660000 656866.750548 6869021.485259 656871.749980 6869021.560612 656871.415045 6869043.782486 656866.415613 6869043.707133 656866.750548 6869021.485259 6.000000
660000 656867.118909 6868983.031472 656872.118341 6868983.106825 656871.963151 6868993.403170 656866.963719 6868993.327817 656867.118909 6868983.031472 6.000000
660000 656864.320284 6869004.871724 656864.244931 6869009.871156 656849.275117 6869009.645527 656849.350471 6869004.646094 656864.320284 6869004.871724 6.000000
665000 656852.164268 6868980.024313 656862.163132 6868980.175019 656861.450659 6869027.445354 656851.451795 6869027.294648 656852.164268 6868980.024313 18.000000
670000 656849.500264 6868996.531100 656859.499128 6868996.681806 656858.810551 6869042.366704 656848.811687 6869042.215998 656849.500264 6868996.531100 18.000000
675000 656871.291262 6868980.496989 656871.140556 6868990.495853 656849.448973 6868990.168911 656849.599679 6868980.170046 656871.291262 6868980.496989 18.000000
675000 656858.047689 6868996.066459 656868.046554 6868996.217165 656867.354465 6869042.135049 656857.355600 6869041.984343 656858.047689 6868996.066459 18.000000
680000 656854.286613 6868990.169046 656864.285478 6868990.319752 656863.612756 6869034.952659 656853.613892 6869034.801953 656854.286613 6868990.169046 18.000000
685000 656854.286613 6868990.169046 656864.285478 6868990.319752 656863.612756 6869034.952659 656853.613892 6869034.801953 656854.286613 6868990.169046 18.000000
690000 656855.557033 6868995.170269 656865.555897 6868995.320975 656864.831714 6869043.368220 656854.832850 6869043.217514 656855.557033 6868995.170269 18.000000
695000 656861.932511 6868989.303230 656871.931375 6868989.453936 656871.430170 6869022.707291 656861.431306 6869022.556585 656861.932511 6868989.303230 18.000000
700000 656861.024680 6868986.882406 656871.023544 6868987.033113 656870.284719 6869036.051790 656860.285855 6869035.901084 656861.024680 6868986.882406 18.000000
705000 656871.457440 6869027.571433 656871.306734 6869037.570298 656850.712231 6869037.259891 656850.862937 6869027.261026 656871.457440 6869027.571433 18.000000
705000 656872.108922 6868998.630043 656872.033569 6869003.629475 656864.601523 6869003.517457 656864.676876 6868998.518025 656872.108922 6868998.630043 6.000000
705000 656872.055407 6868983.823288 656871.980054 6868988.822721 656855.320890 6868988.571628 656855.396243 6868983.572196 656872.055407 6868983.823288 6.000000
710000 656871.457440 6869027.571433 656871.306734 6869037.570298 656850.712231 6869037.259891 656850.862937 6869027.261026 656871.457440 6869027.571433 18.000000
710000 656870.127278 6869010.995182 656869.976572 6869020.994047 656850.610145 6869020.702150 656850.760851 6869010.703285 656870.127278 6869010.995182 18.000000
715000 656871.457440 6869027.571433 656871.306734 6869037.570298 656850.712231 6869037.259891 656850.862937 6869027.261026 656871.457440 6869027.571433 18.000000
715000 656867.170487 6868991.430580 656872.169919 6868991.505933 656871.904449 6869009.119025 656866.905016 6869009.043672 656867.170487 6868991.430580 6.000000
715000 656849.451785 6868988.882012 656854.451217 6868988.957365 656854.265333 6869001.290170 656849.265901 6869001.214817 656849.451785 6868988.882012 6.000000
720000 656861.906626 6868979.329499 656871.905490 6868979.480205 656871.165002 6869028.609185 656861.166138 6869028.458479 656861.906626 6868979.329499 18.000000
720000 656849.201685 6868998.141147 656854.201117 6868998.216500 656854.015449 6869010.535009 656849.016016 6869010.459656 656849.201685 6868998.141147 6.000000
725000 656859.685353 6868980.581539 656869.684218 6868980.732245 656869.110749 6869018.780020 656859.111885 6869018.629314 656859.685353 6868980.581539 18.000000
725000 656871.199510 6869031.487287 656871.048804 6869041.486152 656849.751764 6869041.165156 656849.902470 6869031.166292 656871.199510 6869031.487287 18.000000
730000 656870.526704 6869038.462607 656870.375998 6869048.461471 656849.737489 6869048.150401 656849.888195 6869038.151536 656870.526704 6869038.462607 18.000000
730000 656856.350037 6868989.704665 656866.348901 6868989.855371 656865.796246 6869026.522282 656855.797382 6869026.371576 656856.350037 6868989.704665 18.000000
735000 656870.526704 6869038.462607 656870.375998 6869048.461471 656849.737489 6869048.150401 656849.888195 6869038.151536 656870.526704 6869038.462607 18.000000
735000 656871.308525 6869012.642487 656871.157818 6869022.641351 656849.234804 6869022.310921 656849.385510 6869012.312057 656871.308525 6869012.642487 18.000000
735000 656871.027795 6868988.439488 656870.877089 6868998.438352 656851.055359 6868998.139593 656851.206065 6868988.140729 656871.027795 6868988.439488 18.000000
740000 656857.703701 6869000.531359 656867.702566 6869000.682065 656867.016067 6869046.229020 656857.017203 6869046.078314 656857.703701 6869000.531359 18.000000
740000 656870.926421 6868981.209465 656870.775715 6868991.208330 656849.674376 6868990.890283 656849.825082 6868980.891419 656870.926421 6868981.209465 18.000000
745000 656870.926421 6868981.209465 656870.775715 6868991.208330 656849.674376 6868990.890283 656849.825082 6868980.891419 656870.926421 6868981.209465 18.000000
745000 656858.015880 6869000.939119 656868.014744 6869001.089825 656867.378567 6869043.298130 656857.379703 6869043.147424 656858.015880 6869000.939119 18.000000
750000 656870.926421 6868981.209465 656870.775715 6868991.208330 656849.674376 6868990.890283 656849.825082 6868980.891419 656870.926421 6868981.209465 18.000000
750000 656871.679652 6869031.242544 656871.528946 6869041.241408 656849.827749 6869040.914321 656849.978455 6869030.915457 656871.679652 6869031.242544 18.000000
750000 656871.729920 6869009.767799 656871.579214 6869019.766664 656849.781798 6869019.438126 656849.932504 6869009.439262 656871.729920 6869009.767799 18.000000
755000 656870.926421 6868981.209465 656870.775715 6868991.208330 656849.674376 6868990.890283 656849.825082 6868980.891419 656870.926421 6868981.209465 18.000000
755000 656871.729920 6869009.767799 656871.579214 6869019.766664 656849.781798 6869019.438126 656849.932504 6869009.439262 656871.729920 6869009.767799 18.000000
755000 656871.538627 6869028.191062 656871.387920 6869038.189926 656849.822634 6869037.864887 656849.973340 6869027.866023 656871.538627 6869028.191062 18.000000
760000 656870.926421 6868981.209465 656870.775715 6868991.208330 656849.674376 6868990.890283 656849.825082 6868980.891419 656870.926421 6868981.209465 18.000000
760000 656871.729920 6869009.767799 656871.579214 6869019.766664 656849.781798 6869019.438126 656849.932504 6869009.439262 656871.729920 6869009.767799 18.000000
760000 656871.538627 6869028.191062 656871.387920 6869038.189926 656849.822634 6869037.864887 656849.973340 6869027.866023 656871.538627 6869028.191062 18.000000
765000 656870.926421 6868981.209465 656870.775715 6868991.208330 656849.674376 6868990.890283 656849.825082 6868980.891419 656870.926421 6868981.209465 18.000000
765000 656871.729920 6869009.767799 656871.579214 6869019.766664 656849.781798 6869019.438126 656849.932504 6869009.439262 656871.729920 6869009.767799 18.000000
765000 656871.538627 6869028.191062 656871.387920 6869038.189926 656849.822634 6869037.864887 656849.973340 6869027.866023 656871.538627 6869028.191062 18.000000
770000 656870.926421 6868981.209465 656870.775715 6868991.208330 656849.674376 6868990.890283 656849.825082 6868980.891419 656870.926421 6868981.209465 18.000000
770000 656871.729920 6869009.767799 656871.579214 6869019.766664 656849.781798 6869019.438126 656849.932504 6869009.439262 656871.729920 6869009.767799 18.000000
770000 656871.538627 6869028.191062 656871.387920 6869038.189926 656849.822634 6869037.864887 656849.973340 6869027.866023 656871.538627 6869028.191062 18.000000
775000 656870.926421 6868981.209465 656870.775715 6868991.208330 656849.674376 6868990.890283 656849.825082 6868980.891419 656870.926421 6868981.209465 18.000000
775000 656871.729920 6869009.767799 656871.579214 6869019.766664 656849.781798 6869019.438126 656849.932504 6869009.439262 656871.729920 6869009.767799 18.000000
775000 656871.538627 6869028.191062 656871.387920 6869038.189926 656849.822634 6869037.864887 656849.973340 6869027.866023 656871.538627 6869028.191062 18.000000
780000 656870.926421 6868981.209465 656870.775715 6868991.208330 656849.674376 6868990.890283 656849.825082 6868980.891419 656870.926421 6868981.209465 18.000000
780000 656871.729920 6869009.767799 656871.579214 6869019.766664 656849.781798 6869019.438126 656849.932504 6869009.439262 656871.729920 6869009.767799 18.000000
780000 656871.538627 6869028.191062 656871.387920 6869038.189926 656849.822634 6869037.864887 656849.973340 6869027.866023 656871.538627 6869028.191062 18.000000
785000 656870.926421 6868981.209465 656870.775715 6868991.208330 656849.674376 6868990.890283 656849.825082 6868980.891419 656870.926421 6868981.209465 18.000000
785000 656871.538627 6869028.191062 656871.387920 6869038.189926 656849.822634 6869037.864887 656849.973340 6869027.866023 656871.538627 6869028.191062 18.000000
785000 656871.530768 6868999.969929 656871.380062 6869009.968794 656849.842974 6869009.644180 656849.993680 6868999.645316 656871.530768 6868999.969929 18.000000
790000 656870.926421 6868981.209465 656870.775715 6868991.208330 656849.674376 6868990.890283 656849.825082 6868980.891419 656870.926421 6868981.209465 18.000000
790000 656871.538627 6869028.191062 656871.387920 6869038.189926 656849.822634 6869037.864887 656849.973340 6869027.866023 656871.538627 6869028.191062 18.000000
790000 656871.530768 6868999.969929 656871.380062 6869009.968794 656849.842974 6869009.644180 656849.993680 6868999.645316 656871.530768 6868999.969929 18.000000
795000 656870.926421 6868981.209465 656870.775715 6868991.208330 656849.674376 6868990.890283 656849.825082 6868980.891419 656870.926421 6868981.209465 18.000000
795000 656871.530768 6868999.969929 656871.380062 6869009.968794 656849.842974 6869009.644180 656849.993680 6868999.645316 656871.530768 6868999.969929 18.000000
795000 656870.902037 6869038.820126 656870.751331 6869048.818990 656849.640730 6869048.500804 656849.791436 6869038.501940 656870.902037 6869038.820126 18.000000
800000 656870.926421 6868981.209465 656870.775715 6868991.208330 656849.674376 6868990.890283 656849.825082 6868980.891419 656870.926421 6868981.209465 18.000000
800000 656871.530768 6868999.969929 656871.380062 6869009.968794 656849.842974 6869009.644180 656849.993680 6868999.645316 656871.530768 6868999.969929 18.000000
800000 656870.902037 6869038.820126 656870.751331 6869048.818990 656849.640730 6869048.500804 656849.791436 6869038.501940 656870.902037 6869038.820126 18.000000
800000 656871.176830 6869016.581406 656871.026124 6869026.580270 656849.275596 6869026.252440 656849.426302 6869016.253575 656871.176830 6869016.581406 18.000000
805000 656870.926421 6868981.209465 656870.775715 6868991.208330 656849.674376 6868990.890283 656849.825082 6868980.891419 656870.926421 6868981.209465 18.000000
805000 656871.530768 6868999.969929 656871.380062 6869009.968794 656849.842974 6869009.644180 656849.993680 6868999.645316 656871.530768 6868999.969929 18.000000
805000 656870.902037 6869038.820126 656870.751331 6869048.818990 656849.640730 6869048.500804 656849.791436 6869038.501940 656870.902037 6869038.820126 18.000000
805000 656871.176830 6869016.581406 656871.026124 6869026.580270 656849.275596 6869026.252440 656849.426302 6869016.253575 656871.176830 6869016.581406 18.000000
810000 656870.926421 6868981.209465 656870.775715 6868991.208330 656849.674376 6868990.890283 656849.825082 6868980.891419 656870.926421 6868981.209465 18.000000
810000 656871.530768 6868999.969929 656871.380062 6869009.968794 656849.842974 6869009.644180 656849.993680 6868999.645316 656871.530768 6868999.969929 18.000000
810000 656870.902037 6869038.820126 656870.751331 6869048.818990 656849.640730 6869048.500804 656849.791436 6869038.501940 656870.902037 6869038.820126 18.000000
810000 656871.176830 6869016.581406 656871.026124 6869026.580270 656849.275596 6869026.252440 656849.426302 6869016.253575 656871.176830 6869016.581406 18.000000
815000 656870.926421 6868981.209465 656870.775715 6868991.208330 656849.674376 6868990.890283 656849.825082 6868980.891419 656870.926421 6868981.209465 18.000000
815000 656871.530768 6868999.969929 656871.380062 6869009.968794 656849.842974 6869009.644180 656849.993680 6868999.645316 656871.530768 6868999.969929 18.000000
815000 656870.902037 6869038.820126 656870.751331 6869048.818990 656849.640730 6869048.500804 656849.791436 6869038.501940 656870.902037 6869038.820126 18.000000
815000 656871.176830 6869016.581406 656871.026124 6869026.580270 656849.275596 6869026.252440 656849.426302 6869016.253575 656871.176830 6869016.581406 18.000000
820000 656870.926421 6868981.209465 656870.775715 6868991.208330 656849.674376 6868990.890283 656849.825082 6868980.891419 656870.926421 6868981.209465 18.000000
820000 656871.530768 6868999.969929 656871.380062 6869009.968794 656849.842974 6869009.644180 656849.993680 6868999.645316 656871.530768 6868999.969929 18.000000
820000 656870.902037 6869038.820126 656870.751331 6869048.818990 656849.640730 6869048.500804 656849.791436 6869038.501940 656870.902037 6869038.820126 18.000000
820000 656871.176830 6869016.581406 656871.026124 6869026.580270 656849.275596 6869026.252440 656849.426302 6869016.253575 656871.176830 6869016.581406 18.000000
825000 656870.926421 6868981.209465 656870.775715 6868991.208330 656849.674376 6868990.890283 656849.825082 6868980.891419 656870.926421 6868981.209465 18.000000
825000 656871.530768 6868999.969929 656871.380062 6869009.968794 656849.842974 6869009.644180 656849.993680 6868999.645316 656871.530768 6868999.969929 18.000000
825000 656870.902037 6869038.820126 656870.751331 6869048.818990 656849.640730 6869048.500804 656849.791436 6869038.501940 656870.902037 6869038.820126 18.000000
825000 656871.176830 6869016.581406 656871.026124 6869026.580270 656849.275596 6869026.252440 656849.426302 6869016.253575 656871.176830 6869016.581406 18.000000
830000 656870.926421 6868981.209465 656870.775715 6868991.208330 656849.674376 6868990.890283 656849.825082 6868980.891419 656870.926421 6868981.209465 18.000000
830000 656871.530768 6868999.969929 656871.380062 6869009.968794 656849.842974 6869009.644180 656849.993680 6868999.645316 656871.530768 6868999.969929 18.000000
830000 656870.902037 6869038.820126 656870.751331 6869048.818990 656849.640730 6869048.500804 656849.791436 6869038.501940 656870.902037 6869038.820126 18.000000
830000 656871.176830 6869016.581406 656871.026124 6869026.580270 656849.275596 6869026.252440 656849.426302 6869016.253575 656871.176830 6869016.581406 18.000000
835000 656870.926421 6868981.209465 656870.775715 6868991.208330 656849.674376 6868990.890283 656849.825082 6868980.891419 656870.926421 6868981.209465 18.000000
835000 656871.530768 6868999.969929 656871.380062 6869009.968794 656849.842974 6869009.644180 656849.993680 6868999.645316 656871.530768 6868999.969929 18.000000
835000 656870.902037 6869038.820126 656870.751331 6869048.818990 656849.640730 6869048.500804 656849.791436 6869038.501940 656870.902037 6869038.820126 18.000000
835000 656871.176830 6869016.581406 656871.026124 6869026.580270 656849.275596 6869026.252440 656849.426302 6869016.253575 656871.176830 6869016.581406 18.000000
840000 656870.926421 6868981.209465 656870.775715 6868991.208330 656849.674376 6868990.890283 656849.825082 6868980.891419 656870.926421 6868981.209465 18.000000
840000 656871.530768 6868999.969929 656871.380062 6869009.968794 656849.842974 6869009.644180 656849.993680 6868999.645316 656871.530768 6868999.969929 18.000000
840000 656870.902037 6869038.820126 656870.751331 6869048.818990 656849.640730 6869048.500804 656849.791436 6869038.501940 656870.902037 6869038.820126 18.000000
840000 656871.176830 6869016.581406 656871.026124 6869026.580270 656849.275596 6869026.252440 656849.426302 6869016.253575 656871.176830 6869016.581406 18.000000
845000 656871.530768 6868999.969929 656871.380062 6869009.968794 656849.842974 6869009.644180 656849.993680 6868999.645316 656871.530768 6868999.969929 18.000000
845000 656870.902037 6869038.820126 656870.751331 6869048.818990 656849.640730 6869048.500804 656849.791436 6869038.501940 656870.902037 6869038.820126 18.000000
845000 656871.176830 6869016.581406 656871.026124 6869026.580270 656849.275596 6869026.252440 656849.426302 6869016.253575 656871.176830 6869016.581406 18.000000
850000 656870.902037 6869038.820126 656870.751331 6869048.818990 656849.640730 6869048.500804 656849.791436 6869038.501940 656870.902037 6869038.820126 18.000000
850000 656871.176830 6869016.581406 656871.026124 6869026.580270 656849.275596 6869026.252440 656849.426302 6869016.253575 656871.176830 6869016.581406 18.000000
850000 656871.166641 6868986.025939 656871.015935 6868996.024804 656850.534316 6868995.716098 656850.685022 6868985.717234 656871.166641 6868986.025939 18.000000
855000 656870.902037 6869038.820126 656870.751331 6869048.818990 656849.640730 6869048.500804 656849.791436 6869038.501940 656870.902037 6869038.820126 18.000000
855000 656871.176830 6869016.581406 656871.026124 6869026.580270 656849.275596 6869026.252440 656849.426302 6869016.253575 656871.176830 6869016.581406 18.000000
855000 656871.166641 6868986.025939 656871.015935 6868996.024804 656850.534316 6868995.716098 656850.685022 6868985.717234 656871.166641 6868986.025939 18.000000
860000 656870.902037 6869038.820126 656870.751331 6869048.818990 656849.640730 6869048.500804 656849.791436 6869038.501940 656870.902037 6869038.820126 18.000000
860000 656871.176830 6869016.581406 656871.026124 6869026.580270 656849.275596 6869026.252440 656849.426302 6869016.253575 656871.176830 6869016.581406 18.000000
860000 656871.166641 6868986.025939 656871.015935 6868996.024804 656850.534316 6868995.716098 656850.685022 6868985.717234 656871.166641 6868986.025939 18.000000
865000 656870.902037 6869038.820126 656870.751331 6869048.818990 656849.640730 6869048.500804 656849.791436 6869038.501940 656870.902037 6869038.820126 18.000000
865000 656871.176830 6869016.581406 656871.026124 6869026.580270 656849.275596 6869026.252440 656849.426302 6869016.253575 656871.176830 6869016.581406 18.000000
865000 656871.864133 6868992.249130 656871.713427 6869002.247994 656849.781750 6869001.917433 656849.932456 6868991.918568 656871.864133 6868992.249130 18.000000
870000 656870.902037 6869038.820126 656870.751331 6869048.818990 656849.640730 6869048.500804 656849.791436 6869038.501940 656870.902037 6869038.820126 18.000000
870000 656871.176830 6869016.581406 656871.026124 6869026.580270 656849.275596 6869026.252440 656849.426302 6869016.253575 656871.176830 6869016.581406 18.000000
870000 656871.864133 6868992.249130 656871.713427 6869002.247994 656849.781750 6869001.917433 656849.932456 6868991.918568 656871.864133 6868992.249130 18.000000
875000 656870.902037 6869038.820126 656870.751331 6869048.818990 656849.640730 6869048.500804 656849.791436 6869038.501940 656870.902037 6869038.820126 18.000000
875000 656871.176830 6869016.581406 656871.026124 6869026.580270 656849.275596 6869026.252440 656849.426302 6869016.253575 656871.176830 6869016.581406 18.000000
875000 656871.864133 6868992.249130 656871.713427 6869002.247994 656849.781750 6869001.917433 656849.932456 6868991.918568 656871.864133 6868992.249130 18.000000
880000 656870.902037 6869038.820126 656870.751331 6869048.818990 656849.640730 6869048.500804 656849.791436 6869038.501940 656870.902037 6869038.820126 18.000000
880000 656871.176830 6869016.581406 656871.026124 6869026.580270 656849.275596 6869026.252440 656849.426302 6869016.253575 656871.176830 6869016.581406 18.000000
880000 656871.864133 6868992.249130 656871.713427 6869002.247994 656849.781750 6869001.917433 656849.932456 6868991.918568 656871.864133 6868992.249130 18.000000
885000 656870.902037 6869038.820126 656870.751331 6869048.818990 656849.640730 6869048.500804 656849.791436 6869038.501940 656870.902037 6869038.820126 18.000000
885000 656871.176830 6869016.581406 656871.026124 6869026.580270 656849.275596 6869026.252440 656849.426302 6869016.253575 656871.176830 6869016.581406 18.000000
885000 656871.864133 6868992.249130 656871.713427 6869002.247994 656849.781750 6869001.917433 656849.932456 6868991.918568 656871.864133 6868992.249130 18.000000
890000 656870.902037 6869038.820126 656870.751331 6869048.818990 656849.640730 6869048.500804 656849.791436 6869038.501940 656870.902037 6869038.820126 18.000000
890000 656871.176830 6869016.581406 656871.026124 6869026.580270 656849.275596 6869026.252440 656849.426302 6869016.253575 656871.176830 6869016.581406 18.000000
890000 656871.864133 6868992.249130 656871.713427 6869002.247994 656849.781750 6869001.917433 656849.932456 6868991.918568 656871.864133 6868992.249130 18.000000
895000 656870.902037 6869038.820126 656870.751331 6869048.818990 656849.640730 6869048.500804 656849.791436 6869038.501940 656870.902037 6869038.820126 18.000000
895000 656871.176830 6869016.581406 656871.026124 6869026.580270 656849.275596 6869026.252440 656849.426302 6869016.253575 656871.176830 6869016.581406 18.000000
895000 656871.864133 6868992.249130 656871.713427 6869002.247994 656849.781750 6869001.917433 656849.932456 6868991.918568 656871.864133 6868992.249130 18.000000
900000 656870.902037 6869038.820126 656870.751331 6869048.818990 656849.640730 6869048.500804 656849.791436 6869038.501940 656870.902037 6869038.820126 18.000000
900000 656871.176830 6869016.581406 656871.026124 6869026.580270 656849.275596 6869026.252440 656849.426302 6869016.253575 656871.176830 6869016.581406 18.000000
900000 656871.864133 6868992.249130 656871.713427 6869002.247994 656849.781750 6869001.917433 656849.932456 6868991.918568 656871.864133 6868992.249130 18.000000
905000 656870.902037 6869038.820126 656870.751331 6869048.818990 656849.640730 6869048.500804 656849.791436 6869038.501940 656870.902037 6869038.820126 18.000000
905000 656871.176830 6869016.581406 656871.026124 6869026.580270 656849.275596 6869026.252440 656849.426302 6869016.253575 656871.176830 6869016.581406 18.000000
905000 656871.864133 6868992.249130 656871.713427 6869002.247994 656849.781750 6869001.917433 656849.932456 6868991.918568 656871.864133 6868992.249130 18.000000
910000 656870.902037 6869038.820126 656870.751331 6869048.818990 656849.640730 6869048.500804 656849.791436 6869038.501940 656870.902037 6869038.820126 18.000000
910000 656871.176830 6869016.581406 656871.026124 6869026.580270 656849.275596 6869026.252440 656849.426302 6869016.253575 656871.176830 6869016.581406 18.000000
910000 656871.864133 6868992.249130 656871.713427 6869002.247994 656849.781750 6869001.917433 656849.932456 6868991.918568 656871.864133 6868992.249130 18.000000
915000 656870.902037 6869038.820126 656870.751331 6869048.818990 656849.640730 6869048.500804 656849.791436 6869038.501940 656870.902037 6869038.820126 18.000000
915000 656871.176830 6869016.581406 656871.026124 6869026.580270 656849.275596 6869026.252440 656849.426302 6869016.253575 656871.176830 6869016.581406 18.000000
915000 656871.864133 6868992.249130 656871.713427 6869002.247994 656849.781750 6869001.917433 656849.932456 6868991.918568 656871.864133 6868992.249130 18.000000
920000 656870.902037 6869038.820126 656870.751331 6869048.818990 656849.640730 6869048.500804 656849.791436 6869038.501940 656870.902037 6869038.820126 18.000000
920000 656871.176830 6869016.581406 656871.026124 6869026.580270 656849.275596 6869026.252440 656849.426302 6869016.253575 656871.176830 6869016.581406 18.000000
920000 656871.864133 6868992.249130 656871.713427 6869002.247994 656849.781750 6869001.917433 656849.932456 6868991.918568 656871.864133 6868992.249130 18.000000
925000 656870.902037 6869038.820126 656870.751331 6869048.818990 656849.640730 6869048.500804 656849.791436 6869038.501940 656870.902037 6869038.820126 18.000000
925000 656871.176830 6869016.581406 656871.026124 6869026.580270 656849.275596 6869026.252440 656849.426302 6869016.253575 656871.176830 6869016.581406 18.000000
925000 656871.864133 6868992.249130 656871.713427 6869002.247994 656849.781750 6869001.917433 656849.932456 6868991.918568 656871.864133 6868992.249130 18.000000
930000 656870.902037 6869038.820126 656870.751331 6869048.818990 656849.640730 6869048.500804 656849.791436 6869038.501940 656870.902037 6869038.820126 18.000000
930000 656871.176830 6869016.581406 656871.026124 6869026.580270 656849.275596 6869026.252440 656849.426302 6869016.253575 656871.176830 6869016.581406 18.000000
930000 656871.864133 6868992.249130 656871.713427 6869002.247994 656849.781750 6869001.917433 656849.932456 6868991.918568 656871.864133 6868992.249130 18.000000
935000 656870.902037 6869038.820126 656870.751331 6869048.818990 656849.640730 6869048.500804 656849.791436 6869038.501940 656870.902037 6869038.820126 18.000000
935000 656871.176830 6869016.581406 656871.026124 6869026.580270 656849.275596 6869026.252440 656849.426302 6869016.253575 656871.176830 6869016.581406 18.000000
935000 656871.864133 6868992.249130 656871.713427 6869002.247994 656849.781750 6869001.917433 656849.932456 6868991.918568 656871.864133 6868992.249130 18.000000
940000 656870.902037 6869038.820126 656870.751331 6869048.818990 656849.640730 6869048.500804 656849.791436 6869038.501940 656870.902037 6869038.820126 18.000000
940000 656871.176830 6869016.581406 656871.026124 6869026.580270 656849.275596 6869026.252440 656849.426302 6869016.253575 656871.176830 6869016.581406 18.000000
940000 656871.864133 6868992.249130 656871.713427 6869002.247994 656849.781750 6869001.917433 656849.932456 6868991.918568 656871.864133 6868992.249130 18.000000
945000 656870.902037 6869038.820126 656870.751331 6869048.818990 656849.640730 6869048.500804 656849.791436 6869038.501940 656870.902037 6869038.820126 18.000000
945000 656871.176830 6869016.581406 656871.026124 6869026.580270 656849.275596 6869026.252440 656849.426302 6869016.253575 656871.176830 6869016.581406 18.000000
945000 656871.864133 6868992.249130 656871.713427 6869002.247994 656849.781750 6869001.917433 656849.932456 6868991.918568 656871.864133 6868992.249130 18.000000
950000 656870.902037 6869038.820126 656870.751331 6869048.818990 656849.640730 6869048.500804 656849.791436 6869038.501940 656870.902037 6869038.820126 18.000000
950000 656871.176830 6869016.581406 656871.026124 6869026.580270 656849.275596 6869026.252440 656849.426302 6869016.253575 656871.176830 6869016.581406 18.000000
950000 656871.864133 6868992.249130 656871.713427 6869002.247994 656849.781750 6869001.917433 656849.932456 6868991.918568 656871.864133 6868992.249130 18.000000
955000 656870.902037 6869038.820126 656870.751331 6869048.818990 656849.640730 6869048.500804 656849.791436 6869038.501940 656870.902037 6869038.820126 18.000000
955000 656871.176830 6869016.581406 656871.026124 6869026.580270 656849.275596 6869026.252440 656849.426302 6869016.253575 656871.176830 6869016.581406 18.000000
955000 656870.659333 6868995.262775 656870.508627 6869005.261640 656850.648073 6869004.962295 656850.798779 6868994.963431 656870.659333 6868995.262775 18.000000
960000 656870.902037 6869038.820126 656870.751331 6869048.818990 656849.640730 6869048.500804 656849.791436 6869038.501940 656870.902037 6869038.820126 18.000000
960000 656871.176830 6869016.581406 656871.026124 6869026.580270 656849.275596 6869026.252440 656849.426302 6869016.253575 656871.176830 6869016.581406 18.000000
960000 656870.659333 6868995.262775 656870.508627 6869005.261640 656850.648073 6869004.962295 656850.798779 6868994.963431 656870.659333 6868995.262775 18.000000
965000 656870.902037 6869038.820126 656870.751331 6869048.818990 656849.640730 6869048.500804 656849.791436 6869038.501940 656870.902037 6869038.820126 18.000000
965000 656871.176830 6869016.581406 656871.026124 6869026.580270 656849.275596 6869026.252440 656849.426302 6869016.253575 656871.176830 6869016.581406 18.000000
965000 656870.659333 6868995.262775 656870.508627 6869005.261640 656850.648073 6869004.962295 656850.798779 6868994.963431 656870.659333 6868995.262775 18.000000
970000 656870.902037 6869038.820126 656870.751331 6869048.818990 656849.640730 6869048.500804 656849.791436 6869038.501940 656870.902037 6869038.820126 18.000000
970000 656871.176830 6869016.581406 656871.026124 6869026.580270 656849.275596 6869026.252440 656849.426302 6869016.253575 656871.176830 6869016.581406 18.000000
970000 656870.659333 6868995.262775 656870.508627 6869005.261640 656850.648073 6869004.962295 656850.798779 6868994.963431 656870.659333 6868995.262775 18.000000
975000 656870.902037 6869038.820126 656870.751331 6869048.818990 656849.640730 6869048.500804 656849.791436 6869038.501940 656870.902037 6869038.820126 18.000000
975000 656871.176830 6869016.581406 656871.026124 6869026.580270 656849.275596 6869026.252440 656849.426302 6869016.253575 656871.176830 6869016.581406 18.000000
975000 656870.659333 6868995.262775 656870.508627 6869005.261640 656850.648073 6869004.962295 656850.798779 6868994.963431 656870.659333 6868995.262775 18.000000
980000 656870.902037 6869038.820126 656870.751331 6869048.818990 656849.640730 6869048.500804 656849.791436 6869038.501940 656870.902037 6869038.820126 18.000000
980000 656871.176830 6869016.581406 656871.026124 6869026.580270 656849.275596 6869026.252440 656849.426302 6869016.253575 656871.176830 6869016.581406 18.000000
980000 656870.659333 6868995.262775 656870.508627 6869005.261640 656850.648073 6869004.962295 656850.798779 6868994.963431 656870.659333 6868995.262775 18.000000
985000 656870.902037 6869038.820126 656870.751331 6869048.818990 656849.640730 6869048.500804 656849.791436 6869038.501940 656870.902037 6869038.820126 18.000000
985000 656871.176830 6869016.581406 656871.026124 6869026.580270 656849.275596 6869026.252440 656849.426302 6869016.253575 656871.176830 6869016.581406 18.000000
985000 656870.659333 6868995.262775 656870.508627 6869005.261640 656850.648073 6869004.962295 656850.798779 6868994.963431 656870.659333 6868995.262775 18.000000
990000 656870.902037 6869038.820126 656870.751331 6869048.818990 656849.640730 6869048.500804 656849.791436 6869038.501940 656870.902037 6869038.820126 18.000000
990000 656871.176830 6869016.581406 656871.026124 6869026.580270 656849.275596 6869026.252440 656849.426302 6869016.253575 656871.176830 6869016.581406 18.000000
990000 656870.659333 6868995.262775 656870.508627 6869005.261640 656850.648073 6869004.962295 656850.798779 6868994.963431 656870.659333 6868995.262775 18.000000
995000 656870.902037 6869038.820126 656870.751331 6869048.818990 656849.640730 6869048.500804 656849.791436 6869038.501940 656870.902037 6869038.820126 18.000000
995000 656871.176830 6869016.581406 656871.026124 6869026.580270 656849.275596 6869026.252440 656849.426302 6869016.253575 656871.176830 6869016.581406 18.000000
995000 656870.659333 6868995.262775 656870.508627 6869005.261640 656850.648073 6869004.962295 656850.798779 6868994.963431 656870.659333 6868995.262775 18.000000
1000000 656870.902037 6869038.820126 656870.751331 6869048.818990 656849.640730 6869048.500804 656849.791436 6869038.501940 656870.902037 6869038.820126 18.000000
1000000 656871.176830 6869016.581406 656871.026124 6869026.580270 656849.275596 6869026.252440 656849.426302 6869016.253575 656871.176830 6869016.581406 18.000000
1000000 656870.659333 6868995.262775 656870.508627 6869005.261640 656850.648073 6869004.962295 656850.798779 6868994.963431 656870.659333 6868995.262775 18.000000
1005000 656870.902037 6869038.820126 656870.751331 6869048.818990 656849.640730 6869048.500804 656849.791436 6869038.501940 656870.902037 6869038.820126 18.000000
1005000 656871.176830 6869016.581406 656871.026124 6869026.580270 656849.275596 6869026.252440 656849.426302 6869016.253575 656871.176830 6869016.581406 18.000000
1005000 656870.659333 6868995.262775 656870.508627 6869005.261640 656850.648073 6869004.962295 656850.798779 6868994.963431 656870.659333 6868995.262775 18.000000
1010000 656870.902037 6869038.820126 656870.751331 6869048.818990 656849.640730 6869048.500804 656849.791436 6869038.501940 656870.902037 6869038.820126 18.000000
1010000 656871.176830 6869016.581406 656871.026124 6869026.580270 656849.275596 6869026.252440 656849.426302 6869016.253575 656871.176830 6869016.581406 18.000000
1010000 656870.659333 6868995.262775 656870.508627 6869005.261640 656850.648073 6869004.962295 656850.798779 6868994.963431 656870.659333 6868995.262775 18.000000
1015000 656870.902037 6869038.820126 656870.751331 6869048.818990 656849.640730 6869048.500804 656849.791436 6869038.501940 656870.902037 6869038.820126 18.000000
1015000 656871.176830 6869016.581406 656871.026124 6869026.580270 656849.275596 6869026.252440 656849.426302 6869016.253575 656871.176830 6869016.581406 18.000000
1015000 656870.659333 6868995.262775 656870.508627 6869005.261640 656850.648073 6869004.962295 656850.798779 6868994.963431 656870.659333 6868995.262775 18.000000
1020000 656870.902037 6869038.820126 656870.751331 6869048.818990 656849.640730 6869048.500804 656849.791436 6869038.501940 656870.902037 6869038.820126 18.000000
1020000 656871.176830 6869016.581406 656871.026124 6869026.580270 656849.275596 6869026.252440 656849.426302 6869016.253575 656871.176830 6869016.581406 18.000000
1020000 656870.659333 6868995.262775 656870.508627 6869005.261640 656850.648073 6869004.962295 656850.798779 6868994.963431 656870.659333 6868995.262775 18.000000
1025000 656870.902037 6869038.820126 656870.751331 6869048.818990 656849.640730 6869048.500804 656849.791436 6869038.501940 656870.902037 6869038.820126 18.000000
1025000 656871.176830 6869016.581406 656871.026124 6869026.580270 656849.275596 6869026.252440 656849.426302 6869016.253575 656871.176830 6869016.581406 18.000000
1025000 656870.659333 6868995.262775 656870.508627 6869005.261640 656850.648073 6869004.962295 656850.798779 6868994.963431 656870.659333 6868995.262775 18.000000
1030000 656870.902037 6869038.820126 656870.751331 6869048.818990 656849.640730 6869048.500804 656849.791436 6869038.501940 656870.902037 6869038.820126 18.000000
1030000 656871.176830 6869016.581406 656871.026124 6869026.580270 656849.275596 6869026.252440 656849.426302 6869016.253575 656871.176830 6869016.581406 18.000000
1030000 656870.659333 6868995.262775 656870.508627 6869005.261640 656850.648073 6869004.962295 656850.798779 6868994.963431 656870.659333 6868995.262775 18.000000
1035000 656870.902037 6869038.820126 656870.751331 6869048.818990 656849.640730 6869048.500804 656849.791436 6869038.501940 656870.902037 6869038.820126 18.000000
1035000 656871.176830 6869016.581406 656871.026124 6869026.580270 656849.275596 6869026.252440 656849.426302 6869016.253575 656871.176830 6869016.581406 18.000000
1035000 656871.794510 6868981.599380 656871.643804 6868991.598244 656851.115620 6868991.288837 656851.266326 6868981.289972 656871.794510 6868981.599380 18.000000
1040000 656870.902037 6869038.820126 656870.751331 6869048.818990 656849.640730 6869048.500804 656849.791436 6869038.501940 656870.902037 6869038.820126 18.000000
1040000 656871.176830 6869016.581406 656871.026124 6869026.580270 656849.275596 6869026.252440 656849.426302 6869016.253575 656871.176830 6869016.581406 18.000000
1040000 656871.794510 6868981.599380 656871.643804 6868991.598244 656851.115620 6868991.288837 656851.266326 6868981.289972 656871.794510 6868981.599380 18.000000
1045000 656870.902037 6869038.820126 656870.751331 6869048.818990 656849.640730 6869048.500804 656849.791436 6869038.501940 656870.902037 6869038.820126 18.000000
1045000 656871.176830 6869016.581406 656871.026124 6869026.580270 656849.275596 6869026.252440 656849.426302 6869016.253575 656871.176830 6869016.581406 18.000000
1045000 656871.269341 6868999.455335 656871.118635 6869009.454200 656850.881246 6869009.149175 656851.031952 6868999.150311 656871.269341 6868999.455335 18.000000
1050000 656870.902037 6869038.820126 656870.751331 6869048.818990 656849.640730 6869048.500804 656849.791436 6869038.501940 656870.902037 6869038.820126 18.000000
1050000 656871.176830 6869016.581406 656871.026124 6869026.580270 656849.275596 6869026.252440 656849.426302 6869016.253575 656871.176830 6869016.581406 18.000000
1050000 656872.152799 6868978.467216 656872.002093 6868988.466080 656851.105474 6868988.151120 656851.256180 6868978.152256 656872.152799 6868978.467216 18.000000
1055000 656870.902037 6869038.820126 656870.751331 6869048.818990 656849.640730 6869048.500804 656849.791436 6869038.501940 656870.902037 6869038.820126 18.000000
1055000 656871.176830 6869016.581406 656871.026124 6869026.580270 656849.275596 6869026.252440 656849.426302 6869016.253575 656871.176830 6869016.581406 18.000000
1055000 656871.558562 6868997.209521 656871.407856 6869007.208386 656849.472019 6869006.877762 656849.622725 6868996.878897 656871.558562 6868997.209521 18.000000
1060000 656870.902037 6869038.820126 656870.751331 6869048.818990 656849.640730 6869048.500804 656849.791436 6869038.501940 656870.902037 6869038.820126 18.000000
1060000 656871.176830 6869016.581406 656871.026124 6869026.580270 656849.275596 6869026.252440 656849.426302 6869016.253575 656871.176830 6869016.581406 18.000000
1060000 656871.558562 6868997.209521 656871.407856 6869007.208386 656849.472019 6869006.877762 656849.622725 6868996.878897 656871.558562 6868997.209521 18.000000
1065000 656870.902037 6869038.820126 656870.751331 6869048.818990 656849.640730 6869048.500804 656849.791436 6869038.501940 656870.902037 6869038.820126 18.000000
1065000 656871.176830 6869016.581406 656871.026124 6869026.580270 656849.275596 6869026.252440 656849.426302 6869016.253575 656871.176830 6869016.581406 18.000000
1065000 656871.558562 6868997.209521 656871.407856 6869007.208386 656849.472019 6869006.877762 656849.622725 6868996.878897 656871.558562 6868997.209521 18.000000
1070000 656870.902037 6869038.820126 656870.751331 6869048.818990 656849.640730 6869048.500804 656849.791436 6869038.501940 656870.902037 6869038.820126 18.000000
1070000 656871.176830 6869016.581406 656871.026124 6869026.580270 656849.275596 6869026.252440 656849.426302 6869016.253575 656871.176830 6869016.581406 18.000000
1070000 656871.558562 6868997.209521 656871.407856 6869007.208386 656849.472019 6869006.877762 656849.622725 6868996.878897 656871.558562 6868997.209521 18.000000
1075000 656870.902037 6869038.820126 656870.751331 6869048.818990 656849.640730 6869048.500804 656849.791436 6869038.501940 656870.902037 6869038.820126 18.000000
1075000 656871.176830 6869016.581406 656871.026124 6869026.580270 656849.275596 6869026.252440 656849.426302 6869016.253575 656871.176830 6869016.581406 18.000000
1075000 656871.558562 6868997.209521 656871.407856 6869007.208386 656849.472019 6869006.877762 656849.622725 6868996.878897 656871.558562 6868997.209521 18.000000
1077546 656870.902037 6869038.820126 656870.751331 6869048.818990 656849.640730 6869048.500804 656849.791436 6869038.501940 656870.902037 6869038.820126 18.000000
1077546 656871.176830 6869016.581406 656871.026124 6869026.580270 656849.275596 6869026.252440 656849.426302 6869016.253575 656871.176830 6869016.581406 18.000000
1077546 656871.954015 6868997.115291 656871.803309 6869007.114155 656849.098078 6869006.771935 656849.248784 6868996.773071 656871.954015 6868997.115291 18.000000
1077546 656871.896566 6868977.302087 656871.745860 6868987.300952 656849.673178 6868986.968265 656849.823884 6868976.969401 656871.896566 6868977.302087 18.000000
