5000 656861.047166 6868977.805691 656871.046031 6868977.956397 656870.390828 6869021.426988 656860.391964 6869021.276282 656861.047166 6868977.805691 18.000000
10000 656849.581038 6869000.344223 656854.580470 6869000.419576 656854.304957 6869018.698945 656849.305525 6869018.623592 656849.581038 6869000.344223 6.000000
20000 656857.161941 6869001.291076 656867.160806 6869001.441782 656866.543869 6869042.373547 656856.545005 6869042.222841 656857.161941 6869001.291076 18.000000
25000 656866.727933 6869022.200860 656871.727366 6869022.276213 656871.472470 6869039.187743 656866.473038 6869039.112390 656866.727933 6869022.200860 6.000000
30000 656857.216534 6868975.613911 656867.215398 6868975.764617 656866.555737 6869019.530981 656856.556873 6869019.380275 656857.216534 6868975.613911 18.000000
35000 656866.223424 6869018.975226 656871.222856 6869019.050579 656870.849086 6869043.849022 656865.849654 6869043.773669 656866.223424 6869018.975226 6.000000
35000 656856.779157 6868983.011930 656856.703804 6868988.011362 656849.426006 6868987.901669 656849.501359 6868982.902236 656856.779157 6868983.011930 6.000000
45000 656861.918833 6868978.410217 656871.917698 6868978.560923 656871.333350 6869017.330488 656861.334486 6869017.179782 656861.918833 6868978.410217 18.000000
50000 656860.984766 6869007.803880 656870.983630 6869007.954586 656870.448602 6869043.452015 656860.449738 6869043.301309 656860.984766 6869007.803880 18.000000
55000 656871.636782 6868981.632429 656871.486076 6868991.631293 656850.504747 6868991.315056 656850.655453 6868981.316191 656871.636782 6868981.632429 18.000000
55000 656859.894412 6869003.075080 656869.893276 6869003.225786 656869.311370 6869041.833375 656859.312506 6869041.682669 656859.894412 6869003.075080 18.000000
60000 656849.599931 6868988.102026 656859.598795 6868988.252732 656858.957420 6869030.805927 656848.958556 6869030.655221 656849.599931 6868988.102026 18.000000
65000 656857.696619 6869006.945353 656867.695483 6869007.096059 656867.046792 6869050.134662 656857.047928 6869049.983956 656857.696619 6869006.945353 18.000000
70000 656858.206938 6869011.025575 656868.205802 6869011.176281 656867.785312 6869039.074419 656857.786448 6869038.923713 656858.206938 6869011.025575 18.000000
70000 656872.021085 6868984.279161 656871.945732 6868989.278593 656865.977494 6868989.188638 656866.052847 6868984.189206 656872.021085 6868984.279161 6.000000
75000 656854.629506 6868984.997602 656864.628370 6868985.148308 656864.146616 6869017.111168 656854.147751 6869016.960462 656854.629506 6868984.997602 18.000000
80000 656865.350438 6869023.942148 656870.349870 6869024.017501 656870.010530 6869046.531605 656865.011098 6869046.456252 656865.350438 6869023.942148 6.000000
85000 656866.755797 6869027.070499 656871.755229 6869027.145852 656871.465231 6869046.386327 656866.465799 6869046.310974 656866.755797 6869027.070499 6.000000
85000 656852.611654 6868977.957998 656862.610518 6868978.108704 656861.983770 6869019.691427 656851.984906 6869019.540721 656852.611654 6868977.957998 18.000000
90000 656856.253801 6868976.693691 656866.252666 6868976.844397 656865.629228 6869018.207492 656855.630364 6869018.056786 656856.253801 6868976.693691 18.000000
95000 656851.803509 6868998.479908 656861.802373 6868998.630614 656861.131311 6869043.153406 656851.132447 6869043.002700 656851.803509 6868998.479908 18.000000
100000 656854.137496 6868989.450518 656864.136360 6868989.601224 656863.384544 6869039.481817 656853.385679 6869039.331111 656854.137496 6868989.450518 18.000000
105000 656851.009831 6868986.348119 656861.008696 6868986.498825 656860.323804 6869031.939215 656850.324939 6869031.788509 656851.009831 6868986.348119 18.000000
110000 656849.887521 6868982.556924 656859.886386 6868982.707630 656859.218535 6869027.017395 656849.219671 6869026.866689 656849.887521 6868982.556924 18.000000
115000 656849.338730 6868980.544570 656854.338162 6868980.619923 656854.209095 6868989.183131 656849.209662 6868989.107778 656849.338730 6868980.544570 6.000000
115000 656866.811368 6869009.998922 656866.736015 6869014.998354 656849.451613 6869014.737838 656849.526966 6869009.738406 656866.811368 6869009.998922 6.000000
115000 656869.809623 6868991.732740 656869.734270 6868996.732172 656855.787921 6868996.521968 656855.863274 6868991.522536 656869.809623 6868991.732740 6.000000
120000 656860.765942 6868988.640079 656870.764806 6868988.790785 656870.408628 6869012.422110 656860.409763 6869012.271404 656860.765942 6868988.640079 18.000000
125000 656849.513554 6868995.580753 656854.512986 6868995.656106 656854.136958 6869020.604402 656849.137526 6869020.529049 656849.513554 6868995.580753 6.000000
125000 656871.267226 6869040.658898 656871.116520 6869050.657762 656849.689257 6869050.334804 656849.839963 6869040.335940 656871.267226 6869040.658898 18.000000
130000 656866.650860 6869026.054141 656871.650292 6869026.129494 656871.549868 6869032.792328 656866.550435 6869032.716975 656866.650860 6869026.054141 6.000000
135000 656849.825742 6869021.592906 656854.825174 6869021.668259 656854.471550 6869045.130070 656849.472118 6869045.054717 656849.825742 6869021.592906 6.000000
140000 656869.747918 6869037.216288 656869.597212 6869047.215153 656849.173645 6869046.907322 656849.324351 6869036.908458 656869.747918 6869037.216288 18.000000
140000 656849.317751 6868990.812670 656854.317183 6868990.888023 656854.103609 6869005.057940 656849.104177 6869004.982587 656849.317751 6868990.812670 6.000000
145000 656849.100375 6869022.081634 656859.099239 6869022.232340 656858.722973 6869047.196365 656848.724109 6869047.045659 656849.100375 6869022.081634 18.000000
145000 656862.118228 6868979.095733 656872.117093 6868979.246439 656871.754096 6869003.330089 656861.755232 6869003.179383 656862.118228 6868979.095733 18.000000
150000 656860.996455 6869015.418286 656870.995319 6869015.568992 656870.512442 6869047.606325 656860.513578 6869047.455619 656860.996455 6869015.418286 18.000000
155000 656867.002968 6868988.504392 656872.002400 6868988.579745 656871.925558 6868993.678008 656866.926125 6868993.602655 656867.002968 6868988.504392 6.000000
155000 656871.522401 6869014.743785 656871.371695 6869024.742649 656849.045126 6869024.406136 656849.195833 6869014.407272 656871.522401 6869014.743785 18.000000
160000 656854.384691 6869008.678412 656864.383555 6869008.829118 656863.848112 6869044.354034 656853.849248 6869044.203328 656854.384691 6869008.678412 18.000000
160000 656871.930242 6868994.022921 656871.779536 6869004.021785 656849.209163 6869003.681597 656849.359869 6868993.682733 656871.930242 6868994.022921 18.000000
165000 656870.345194 6869028.538288 656870.194488 6869038.537152 656851.593281 6869038.256789 656851.743987 6869028.257925 656870.345194 6869028.538288 18.000000
165000 656849.963390 6868987.091638 656854.962822 6868987.166991 656854.657760 6869007.406907 656849.658327 6869007.331554 656849.963390 6868987.091638 6.000000
170000 656870.664759 6868988.596692 656870.514053 6868998.595556 656851.769535 6868998.313033 656851.920241 6868988.314169 656870.664759 6868988.596692 18.000000
175000 656855.740695 6868998.964129 656865.739559 6868999.114835 656864.994502 6869048.546943 656854.995638 6869048.396237 656855.740695 6868998.964129 18.000000
175000 656870.312303 6868976.175356 656870.236950 6868981.174788 656856.314443 6868980.964943 656856.389796 6868975.965511 656870.312303 6868976.175356 6.000000
175000 656849.706710 6869032.553247 656854.706142 6869032.628600 656854.563375 6869042.100793 656849.563942 6869042.025440 656849.706710 6869032.553247 6.000000
180000 656849.975323 6868983.234700 656854.974756 6868983.310053 656854.620514 6869006.812816 656849.621082 6869006.737463 656849.975323 6868983.234700 6.000000
180000 656849.329314 6869014.502081 656854.328746 6869014.577434 656854.135014 6869027.430940 656849.135582 6869027.355587 656849.329314 6869014.502081 6.000000
185000 656866.826708 6868987.411391 656871.826140 6868987.486744 656871.465424 6869011.419156 656866.465991 6869011.343803 656866.826708 6868987.411391 6.000000
185000 656865.289004 6869018.771664 656865.213651 6869023.771096 656853.227710 6869023.590440 656853.303064 6869018.591008 656865.289004 6869018.771664 6.000000
185000 656848.883479 6869041.325073 656853.882911 6869041.400426 656853.780884 6869048.169568 656848.781452 6869048.094215 656848.883479 6869041.325073 6.000000
190000 656855.360137 6869000.763781 656865.359001 6869000.914487 656864.965813 6869027.001292 656854.966948 6869026.850586 656855.360137 6869000.763781 18.000000
190000 656871.576631 6868976.434091 656871.501278 6868981.433523 656862.632583 6868981.299851 656862.707936 6868976.300419 656871.576631 6868976.434091 6.000000
190000 656857.995268 6869018.911722 656867.994132 6869019.062428 656867.560380 6869047.840511 656857.561515 6869047.689805 656857.995268 6869018.911722 18.000000
195000 656861.167504 6868978.001391 656871.166368 6868978.152097 656870.835491 6869000.104763 656860.836626 6868999.954057 656861.167504 6868978.001391 18.000000
200000 656860.240460 6868988.488773 656870.239324 6868988.639479 656869.524910 6869036.038595 656859.526046 6869035.887889 656860.240460 6868988.488773 18.000000
205000 656869.176818 6869005.040789 656869.026112 6869015.039653 656851.724545 6869014.778878 656851.875251 6869004.780014 656869.176818 6869005.040789 18.000000
205000 656857.164781 6868981.603714 656867.163645 6868981.754420 656866.994560 6868992.972664 656856.995696 6868992.821958 656857.164781 6868981.603714 18.000000
210000 656852.271433 6869001.238565 656862.270297 6869001.389271 656861.652021 6869042.409946 656851.653156 6869042.259240 656852.271433 6869001.238565 18.000000
215000 656857.980359 6869002.614089 656867.979223 6869002.764795 656867.352092 6869044.372950 656857.353227 6869044.222244 656857.980359 6869002.614089 18.000000
220000 656855.923001 6868980.725135 656865.921865 6868980.875841 656865.452619 6869012.008814 656855.453755 6869011.858108 656855.923001 6868980.725135 18.000000
225000 656850.157524 6868983.890938 656860.156388 6868984.041645 656859.486362 6869028.495762 656849.487497 6869028.345056 656850.157524 6868983.890938 18.000000
230000 656852.512732 6868982.829540 656862.511596 6868982.980246 656861.777386 6869031.692781 656851.778521 6869031.542075 656852.512732 6868982.829540 18.000000
235000 656861.763033 6868982.291437 656871.761897 6868982.442143 656871.258223 6869015.859321 656861.259358 6869015.708615 656861.763033 6868982.291437 18.000000
240000 656854.731125 6869013.074176 656864.729989 6869013.224882 656864.340495 6869039.066620 656854.341630 6869038.915914 656854.731125 6869013.074176 18.000000
240000 656872.083501 6868985.882642 656872.008148 6868990.882074 656861.204343 6868990.719235 656861.279696 6868985.719803 656872.083501 6868985.882642 6.000000
250000 656859.329215 6869000.863336 656869.328079 6869001.014042 656868.628993 6869047.396139 656858.630129 6869047.245433 656859.329215 6869000.863336 18.000000
250000 656860.077187 6868987.249462 656870.076051 6868987.400168 656869.539127 6869023.023359 656859.540262 6869022.872653 656860.077187 6868987.249462 18.000000
255000 656851.324163 6868979.188874 656861.323027 6868979.339580 656860.587571 6869028.134754 656850.588707 6869027.984048 656851.324163 6868979.188874 18.000000
260000 656849.474020 6868984.531361 656854.473452 6868984.606714 656854.317044 6868994.983895 656849.317612 6868994.908542 656849.474020 6868984.531361 6.000000
260000 656860.984874 6869013.531893 656870.983739 6869013.682599 656870.626626 6869037.375884 656860.627762 6869037.225178 656860.984874 6869013.531893 18.000000
265000 656853.398153 6868979.675678 656863.397017 6868979.826384 656862.785673 6869020.387104 656852.786809 6869020.236398 656853.398153 6868979.675678 18.000000
265000 656871.421788 6869040.755121 656871.346435 6869045.754553 656855.934609 6869045.522261 656856.009962 6869040.522829 656871.421788 6869040.755121 6.000000
270000 656855.391591 6869001.452837 656865.390456 6869001.603543 656864.710665 6869046.705465 656854.711801 6869046.554759 656855.391591 6869001.452837 18.000000
275000 656858.679223 6868980.956140 656868.678088 6868981.106846 656868.053929 6869022.517739 656858.055065 6869022.367032 656858.679223 6868980.956140 18.000000
275000 656849.003525 6869040.564824 656854.002957 6869040.640177 656853.903368 6869047.247636 656848.903935 6869047.172283 656849.003525 6869040.564824 6.000000
280000 656856.463785 6868995.231916 656866.462650 6868995.382622 656865.773615 6869041.097854 656855.774751 6869040.947148 656856.463785 6868995.231916 18.000000
285000 656866.740651 6869027.808730 656871.740084 6869027.884084 656871.430018 6869048.455916 656866.430586 6869048.380563 656866.740651 6869027.808730 6.000000
285000 656869.927401 6868986.355571 656869.776695 6868996.354435 656851.853611 6868996.084293 656852.004317 6868986.085428 656869.927401 6868986.355571 18.000000
290000 656869.453871 6869030.394105 656869.303165 6869040.392970 656848.855634 6869040.084778 656849.006340 6869030.085914 656869.453871 6869030.394105 18.000000
290000 656859.222467 6868983.327656 656869.221331 6868983.478362 656868.665999 6869020.322884 656858.667134 6869020.172178 656859.222467 6868983.327656 18.000000
295000 656866.859129 6869022.864298 656871.858561 6869022.939651 656871.649982 6869036.778176 656866.650550 6869036.702823 656866.859129 6869022.864298 6.000000
295000 656849.581205 6869001.002427 656854.580637 6869001.077780 656854.268755 6869021.770177 656849.269323 6869021.694824 656849.581205 6869001.002427 6.000000
300000 656854.965666 6869042.483600 656854.890313 6869047.483032 656849.213809 6869047.397474 656849.289162 6869042.398042 656854.965666 6869042.483600 6.000000
300000 656852.102245 6868983.418533 656862.101109 6868983.569239 656861.491751 6869023.998192 656851.492887 6869023.847486 656852.102245 6868983.418533 18.000000
305000 656870.363237 6869024.773790 656870.212531 6869034.772654 656849.538048 6869034.461042 656849.688754 6869024.462177 656870.363237 6869024.773790 18.000000
305000 656872.183429 6868980.582644 656872.108076 6868985.582076 656862.315910 6868985.434485 656862.391263 6868980.435053 656872.183429 6868980.582644 6.000000
305000 656849.813562 6868977.569325 656854.812994 6868977.644678 656854.477790 6868999.884424 656849.478358 6868999.809071 656849.813562 6868977.569325 6.000000
310000 656851.828037 6868985.745219 656861.826901 6868985.895925 656861.126613 6869032.357794 656851.127749 6869032.207088 656851.828037 6868985.745219 18.000000
315000 656861.033045 6869007.913945 656871.031910 6869008.064651 656870.520211 6869042.014194 656860.521347 6869041.863488 656861.033045 6869007.913945 18.000000
320000 656871.848004 6868987.149327 656871.697298 6868997.148191 656850.768632 6868996.832748 656850.919338 6868986.833883 656871.848004 6868987.149327 18.000000
320000 656871.543335 6869005.075816 656871.392629 6869015.074681 656851.471194 6869014.774418 656851.621900 6869004.775554 656871.543335 6869005.075816 18.000000
320000 656866.500275 6869020.952933 656871.499707 6869021.028286 656871.274645 6869035.960393 656866.275213 6869035.885040 656866.500275 6869020.952933 6.000000
325000 656850.475540 6868989.642359 656860.474404 6868989.793065 656859.839253 6869031.933263 656849.840389 6869031.782557 656850.475540 6868989.642359 18.000000
330000 656870.435898 6869034.687777 656870.285191 6869044.686641 656850.252052 6869044.384695 656850.402758 6869034.385831 656870.435898 6869034.687777 18.000000
330000 656861.360545 6868991.249119 656871.359409 6868991.399825 656870.844644 6869025.552832 656860.845780 6869025.402126 656861.360545 6868991.249119 18.000000
335000 656871.032921 6869030.770357 656870.882215 6869040.769222 656850.062443 6869040.455419 656850.213149 6869030.456555 656871.032921 6869030.770357 18.000000
335000 656853.316667 6868983.931150 656863.315532 6868984.081856 656862.860700 6869014.258446 656852.861836 6869014.107740 656853.316667 6868983.931150 18.000000
340000 656850.345614 6868984.476843 656860.344478 6868984.627549 656859.699021 6869027.451558 656849.700157 6869027.300852 656850.345614 6868984.476843 18.000000
340000 656871.642346 6869037.711204 656871.491640 6869047.710068 656849.229768 6869047.374530 656849.380475 6869037.375666 656871.642346 6869037.711204 18.000000
345000 656852.887179 6868992.626484 656862.886043 6868992.777190 656862.377755 6869026.500494 656852.378891 6869026.349788 656852.887179 6868992.626484 18.000000
350000 656857.232058 6868983.171275 656867.230923 6868983.321981 656866.503129 6869031.608737 656856.504265 6869031.458031 656857.232058 6868983.171275 18.000000
355000 656870.179116 6869034.911516 656870.028410 6869044.910380 656850.419366 6869044.614826 656850.570073 6869034.615962 656870.179116 6869034.911516 18.000000
355000 656850.108416 6868983.705030 656860.107280 6868983.855736 656859.430835 6869028.735673 656849.431971 6869028.584967 656850.108416 6868983.705030 18.000000
360000 656857.392268 6868995.345271 656867.391132 6868995.495977 656866.663564 6869043.767805 656856.664700 6869043.617099 656857.392268 6868995.345271 18.000000
365000 656858.080716 6869004.369437 656868.079580 6869004.520143 656867.433000 6869047.418661 656857.434136 6869047.267955 656858.080716 6869004.369437 18.000000
370000 656858.544892 6869010.038284 656868.543756 6869010.188990 656868.000195 6869046.252502 656858.001331 6869046.101796 656858.544892 6869010.038284 18.000000
370000 656863.597727 6868983.977107 656868.597159 6868984.052460 656868.485259 6868991.476661 656863.485827 6868991.401308 656863.597727 6868983.977107 6.000000
375000 656852.201268 6868986.174311 656862.200132 6868986.325017 656861.501530 6869032.675011 656851.502666 6869032.524305 656852.201268 6868986.174311 18.000000
380000 656850.097642 6868986.938583 656860.096506 6868987.089289 656859.400912 6869033.239728 656849.402048 6869033.089022 656850.097642 6868986.938583 18.000000
385000 656858.276570 6868993.417140 656868.275435 6868993.567846 656867.525953 6869043.293535 656857.527089 6869043.142829 656858.276570 6868993.417140 18.000000
385000 656871.419007 6868976.994944 656871.268301 6868986.993809 656849.250827 6868986.661954 656849.401533 6868976.663090 656871.419007 6868976.994944 18.000000
390000 656849.475250 6868991.851772 656859.474114 6868992.002478 656858.833247 6869034.521966 656848.834382 6869034.371260 656849.475250 6868991.851772 18.000000
395000 656870.438746 6868979.855608 656870.288040 6868989.854472 656850.431969 6868989.555195 656850.582675 6868979.556331 656870.438746 6868979.855608 18.000000
395000 656858.875319 6869000.493695 656868.874183 6869000.644401 656868.137901 6869049.494377 656858.139036 6869049.343671 656858.875319 6869000.493695 18.000000
400000 656862.146486 6868991.038456 656872.145350 6868991.189162 656871.494256 6869034.387174 656861.495391 6869034.236468 656862.146486 6868991.038456 18.000000
405000 656849.311790 6869018.305902 656854.311222 6869018.381255 656854.096082 6869032.655102 656849.096650 6869032.579749 656849.311790 6869018.305902 6.000000
405000 656865.411406 6868996.176447 656870.410838 6868996.251800 656870.268502 6869005.695337 656865.269070 6869005.619984 656865.411406 6868996.176447 6.000000
410000 656867.191627 6868979.091515 656872.191059 6868979.166868 656871.929546 6868996.517433 656866.930113 6868996.442080 656867.191627 6868979.091515 6.000000
410000 656870.750912 6869034.160482 656870.600206 6869044.159346 656851.107478 6869043.865546 656851.258184 6869033.866681 656870.750912 6869034.160482 18.000000
415000 656859.371950 6868997.778813 656869.370814 6868997.929519 656868.654166 6869045.476785 656858.655302 6869045.326079 656859.371950 6868997.778813 18.000000
420000 656861.941845 6868996.873982 656871.940709 6868997.024688 656871.411160 6869032.158555 656861.412296 6869032.007849 656861.941845 6868996.873982 18.000000
425000 656853.498384 6868981.861219 656863.497249 6868982.011925 656862.819471 6869026.980306 656852.820607 6869026.829600 656853.498384 6868981.861219 18.000000
430000 656853.086989 6869008.316822 656863.085853 6869008.467528 656862.516975 6869046.210805 656852.518110 6869046.060099 656853.086989 6869008.316822 18.000000
430000 656871.339291 6868987.746376 656871.188585 6868997.745241 656849.789631 6868997.422709 656849.940337 6868987.423844 656871.339291 6868987.746376 18.000000
435000 656871.473540 6869034.283709 656871.322834 6869044.282573 656849.891389 6869043.959552 656850.042095 6869033.960688 656871.473540 6869034.283709 18.000000
435000 656857.298953 6868987.431238 656867.297817 6868987.581944 656866.666709 6869029.453976 656856.667844 6869029.303270 656857.298953 6868987.431238 18.000000
440000 656871.473540 6869034.283709 656871.322834 6869044.282573 656849.891389 6869043.959552 656850.042095 6869033.960688 656871.473540 6869034.283709 18.000000
440000 656857.298953 6868987.431238 656867.297817 6868987.581944 656866.666709 6869029.453976 656856.667844 6869029.303270 656857.298953 6868987.431238 18.000000
445000 656870.230671 6868987.375707 656870.079965 6868997.374571 656850.139153 6868997.074017 656850.289859 6868987.075152 656870.230671 6868987.375707 18.000000
445000 656849.051192 6869020.581303 656854.050624 6869020.656656 656853.874358 6869032.351398 656848.874925 6869032.276045 656849.051192 6869020.581303 6.000000
450000 656849.530811 6869020.494449 656854.530243 6869020.569802 656854.216012 6869041.418056 656849.216580 6869041.342703 656849.530811 6869020.494449 6.000000
450000 656869.524552 6868981.235751 656869.449199 6868986.235183 656856.780337 6868986.044234 656856.855690 6868981.044801 656869.524552 6868981.235751 6.000000
455000 656861.017477 6868978.118053 656871.016341 6868978.268759 656870.366366 6869021.392552 656860.367502 6869021.241845 656861.017477 6868978.118053 18.000000
460000 656855.333937 6868981.420469 656865.332802 6868981.571175 656864.583987 6869031.252604 656854.585123 6869031.101898 656855.333937 6868981.420469 18.000000
465000 656857.525956 6868999.768545 656867.524820 6868999.919251 656866.822796 6869046.496301 656856.823931 6869046.345595 656857.525956 6868999.768545 18.000000
470000 656870.411427 6868990.224455 656870.260721 6869000.223320 656850.360047 6868999.923370 656850.510753 6868989.924506 656870.411427 6868990.224455 18.000000
470000 656861.864948 6869016.465391 656871.863812 6869016.616097 656871.436322 6869044.978698 656861.437458 6869044.827992 656861.864948 6869016.465391 18.000000
475000 656871.412114 6868979.600215 656871.261408 6868989.599079 656850.196208 6868989.281578 656850.346914 6868979.282713 656871.412114 6868979.600215 18.000000
475000 656849.124999 6869017.309622 656854.124432 6869017.384975 656853.887494 6869033.105049 656848.888061 6869033.029696 656849.124999 6869017.309622 6.000000
480000 656853.093629 6869000.038985 656863.092493 6869000.189692 656862.574017 6869034.588921 656852.575153 6869034.438215 656853.093629 6869000.038985 18.000000
485000 656853.806279 6868983.305815 656863.805143 6868983.456521 656863.109592 6869029.604161 656853.110727 6869029.453454 656853.806279 6868983.305815 18.000000
490000 656858.900683 6868998.862754 656868.899548 6868999.013460 656868.176351 6869046.995225 656858.177487 6869046.844519 656858.900683 6868998.862754 18.000000
495000 656851.552431 6868997.662605 656861.551295 6868997.813311 656860.962866 6869036.853662 656850.964002 6869036.702956 656851.552431 6868997.662605 18.000000
500000 656857.713679 6868999.925944 656867.712543 6869000.076650 656867.015729 6869046.308001 656857.016865 6869046.157295 656857.713679 6868999.925944 18.000000
505000 656849.771152 6868991.542200 656854.770584 6868991.617553 656854.500213 6869009.555807 656849.500781 6869009.480454 656849.771152 6868991.542200 6.000000
505000 656871.941794 6869006.521501 656871.866441 6869011.520933 656864.803566 6869011.414479 656864.878919 6869006.415047 656871.941794 6869006.521501 6.000000
505000 656852.171926 6869029.169998 656857.171358 6869029.245351 656857.013854 6869039.695251 656852.014421 6869039.619898 656852.171926 6869029.169998 6.000000
510000 656856.440141 6868980.023511 656866.439005 6868980.174217 656865.758402 6869025.330077 656855.759538 6869025.179371 656856.440141 6868980.023511 18.000000
515000 656851.179728 6868996.383856 656861.178592 6868996.534562 656860.441235 6869045.455875 656850.442370 6869045.305168 656851.179728 6868996.383856 18.000000
520000 656849.267171 6869017.489834 656854.266603 6869017.565187 656853.904520 6869041.588254 656848.905088 6869041.512901 656849.267171 6869017.489834 6.000000
520000 656866.786914 6869032.912969 656871.786346 6869032.988322 656871.620691 6869043.978977 656866.621259 6869043.903624 656866.786914 6869032.912969 6.000000
525000 656849.255584 6868999.360904 656854.255016 6868999.436257 656853.963389 6869018.784785 656848.963957 6869018.709432 656849.255584 6868999.360904 6.000000
525000 656859.871920 6869026.533703 656859.796567 6869031.533135 656849.095854 6869031.371850 656849.171207 6869026.372418 656859.871920 6869026.533703 6.000000
530000 656850.570617 6868999.171494 656860.569481 6868999.322200 656859.874666 6869045.420954 656849.875801 6869045.270248 656850.570617 6868999.171494 18.000000
535000 656862.072719 6869001.855305 656872.071584 6869002.006011 656871.347139 6869050.070557 656861.348275 6869049.919851 656862.072719 6869001.855305 18.000000
540000 656871.744192 6869033.897945 656871.593486 6869043.896809 656849.200809 6869043.559299 656849.351515 6869033.560435 656871.744192 6869033.897945 18.000000
540000 656870.777164 6868996.405195 656870.626458 6869006.404059 656849.475551 6869006.085266 656849.626257 6868996.086402 656870.777164 6868996.405195 18.000000
545000 656871.744192 6869033.897945 656871.593486 6869043.896809 656849.200809 6869043.559299 656849.351515 6869033.560435 656871.744192 6869033.897945 18.000000
545000 656857.160731 6868988.238478 656867.159595 6868988.389184 656866.648045 6869022.328889 656856.649181 6869022.178183 656857.160731 6868988.238478 18.000000
550000 656866.896649 6869020.045694 656871.896082 6869020.121047 656871.527899 6869044.548757 656866.528467 6869044.473404 656866.896649 6869020.045694 6.000000
550000 656849.178502 6869023.165218 656854.177934 6869023.240571 656854.006540 6869034.612024 656849.007108 6869034.536671 656849.178502 6869023.165218 6.000000
550000 656858.608263 6868982.272371 656868.607127 6868982.423078 656868.351960 6868999.352642 656858.353095 6868999.201936 656858.608263 6868982.272371 18.000000
555000 656849.616697 6868989.328954 656854.616129 6868989.404307 656854.294818 6869010.722319 656849.295385 6869010.646966 656849.616697 6868989.328954 6.000000
555000 656871.638758 6869028.479008 656871.563405 6869033.478440 656856.867515 6869033.256939 656856.942868 6869028.257507 656871.638758 6869028.479008 6.000000
560000 656859.819394 6869011.052737 656869.818259 6869011.203444 656869.221926 6869050.768228 656859.223061 6869050.617522 656859.819394 6869011.052737 18.000000
565000 656858.303009 6869004.897400 656858.227656 6869009.896832 656849.023771 6869009.758108 656849.099124 6869004.758676 656858.303009 6869004.897400 6.000000
565000 656849.315583 6869027.852849 656854.315015 6869027.928202 656854.005598 6869048.457013 656849.006166 6869048.381660 656849.315583 6869027.852849 6.000000
570000 656849.382515 6868994.974941 656854.381948 6868995.050294 656854.147154 6869010.628118 656849.147721 6869010.552765 656849.382515 6868994.974941 6.000000
570000 656867.104486 6868997.911981 656872.103918 6868997.987334 656871.930484 6869009.494128 656866.931052 6869009.418774 656867.104486 6868997.911981 6.000000
575000 656849.297560 6869012.798022 656854.296992 6869012.873375 656853.990342 6869033.218607 656848.990910 6869033.143254 656849.297560 6869012.798022 6.000000
575000 656862.400726 6868982.989656 656862.325373 6868987.989088 656849.381275 6868987.793990 656849.456628 6868982.794558 656862.400726 6868982.989656 6.000000
575000 656867.131662 6868995.188500 656872.131094 6868995.263853 656871.914011 6869009.666638 656866.914578 6869009.591285 656867.131662 6868995.188500 6.000000
575000 656866.488112 6869018.675198 656871.487544 6869018.750551 656871.161824 6869040.361029 656866.162392 6869040.285676 656866.488112 6869018.675198 6.000000
580000 656871.740091 6868997.858778 656871.589385 6869007.857642 656850.490284 6869007.539630 656850.640990 6868997.540766 656871.740091 6868997.858778 18.000000
580000 656866.779589 6869033.204086 656871.779022 6869033.279439 656871.592173 6869045.676280 656866.592740 6869045.600927 656866.779589 6869033.204086 6.000000
585000 656871.740091 6868997.858778 656871.589385 6869007.857642 656850.490284 6869007.539630 656850.640990 6868997.540766 656871.740091 6868997.858778 18.000000
585000 656871.814800 6869014.531448 656871.664094 6869024.530312 656849.375738 6869024.194375 656849.526444 6869014.195511 656871.814800 6869014.531448 18.000000
590000 656849.426294 6868995.720742 656854.425726 6868995.796095 656854.114293 6869016.458666 656849.114861 6869016.383313 656849.426294 6868995.720742 6.000000
590000 656871.909058 6868982.634903 656871.833705 6868987.634335 656856.254274 6868987.399517 656856.329627 6868982.400085 656871.909058 6868982.634903 6.000000
595000 656869.234571 6869027.875501 656869.083865 6869037.874366 656849.811879 6869037.583892 656849.962585 6869027.585028 656869.234571 6869027.875501 18.000000
595000 656870.872335 6869006.418833 656870.721629 6869016.417697 656850.101430 6869016.106903 656850.252136 6869006.108039 656870.872335 6869006.418833 18.000000
600000 656861.520795 6868984.525526 656871.519659 6868984.676232 656870.827653 6869030.588620 656860.828789 6869030.437914 656861.520795 6868984.525526 18.000000
605000 656871.485531 6869033.950530 656871.334825 6869043.949394 656850.008938 6869043.627963 656850.159644 6869033.629099 656871.485531 6869033.950530 18.000000
605000 656872.052924 6868999.454528 656871.977571 6869004.453960 656849.559954 6869004.116075 656849.635307 6868999.116642 656872.052924 6868999.454528 6.000000
610000 656850.663206 6868980.321215 656860.662071 6868980.471921 656859.979604 6869025.751373 656849.980740 6869025.600667 656850.663206 6868980.321215 18.000000
615000 656857.328285 6869013.258311 656867.327149 6869013.409017 656866.919977 6869040.423591 656856.921112 6869040.272885 656857.328285 6869013.258311 18.000000
615000 656872.062107 6868986.324772 656871.986754 6868991.324205 656858.725396 6868991.124325 656858.800749 6868986.124893 656872.062107 6868986.324772 6.000000
620000 656849.348387 6869006.951981 656854.347819 6869007.027334 656854.025456 6869028.415093 656849.026024 6869028.339740 656849.348387 6869006.951981 6.000000
620000 656871.793605 6868994.868231 656871.718252 6868999.867663 656855.811394 6868999.627910 656855.886747 6868994.628477 656871.793605 6868994.868231 6.000000
620000 656866.991530 6869012.091765 656871.990962 6869012.167118 656871.822689 6869023.331487 656866.823257 6869023.256134 656866.991530 6869012.091765 6.000000
625000 656860.863711 6868982.499306 656870.862575 6868982.650012 656870.135562 6869030.884986 656860.136698 6869030.734280 656860.863711 6868982.499306 18.000000
630000 656871.726557 6868995.813490 656871.575850 6869005.812354 656849.784411 6869005.483907 656849.935117 6868995.485042 656871.726557 6868995.813490 18.000000
635000 656858.366770 6869041.406873 656858.291417 6869046.406305 656848.951301 6869046.265528 656849.026654 6869041.266096 656858.366770 6869041.406873 6.000000
635000 656864.971425 6869025.980374 656864.896072 6869030.979806 656848.925530 6869030.739093 656849.000883 6869025.739661 656864.971425 6869025.980374 6.000000
635000 656867.245791 6868978.404105 656872.245223 6868978.479458 656872.051623 6868991.324225 656867.052191 6868991.248872 656867.245791 6868978.404105 6.000000
635000 656849.699942 6868982.219870 656854.699374 6868982.295223 656854.423504 6869000.598335 656849.424071 6869000.522982 656849.699942 6868982.219870 6.000000
640000 656871.280122 6869035.175289 656871.129416 6869045.174153 656849.932813 6869044.854671 656850.083519 6869034.855807 656871.280122 6869035.175289 18.000000
640000 656871.460985 6869006.311785 656871.310279 6869016.310649 656849.119563 6869015.976183 656849.270269 6869005.977319 656871.460985 6869006.311785 18.000000
645000 656871.460985 6869006.311785 656871.310279 6869016.310649 656849.119563 6869015.976183 656849.270269 6869005.977319 656871.460985 6869006.311785 18.000000
645000 656871.375281 6869022.580638 656871.224574 6869032.579502 656849.157741 6869032.246904 656849.308447 6869022.248039 656871.375281 6869022.580638 18.000000
650000 656871.460985 6869006.311785 656871.310279 6869016.310649 656849.119563 6869015.976183 656849.270269 6869005.977319 656871.460985 6869006.311785 18.000000
650000 656871.375281 6869022.580638 656871.224574 6869032.579502 656849.157741 6869032.246904 656849.308447 6869022.248039 656871.375281 6869022.580638 18.000000
650000 656872.216187 6868984.569438 656872.065481 6868994.568302 656849.547459 6868994.228904 656849.698165 6868984.230039 656872.216187 6868984.569438 18.000000
655000 656871.460985 6869006.311785 656871.310279 6869016.310649 656849.119563 6869015.976183 656849.270269 6869005.977319 656871.460985 6869006.311785 18.000000
655000 656871.375281 6869022.580638 656871.224574 6869032.579502 656849.157741 6869032.246904 656849.308447 6869022.248039 656871.375281 6869022.580638 18.000000
655000 656872.216187 6868984.569438 656872.065481 6868994.568302 656849.547459 6868994.228904 656849.698165 6868984.230039 656872.216187 6868984.569438 18.000000
660000 656871.460985 6869006.311785 656871.310279 6869016.310649 656849.119563 6869015.976183 656849.270269 6869005.977319 656871.460985 6869006.311785 18.000000
660000 656871.375281 6869022.580638 656871.224574 6869032.579502 656849.157741 6869032.246904 656849.308447 6869022.248039 656871.375281 6869022.580638 18.000000
660000 656872.216187 6868984.569438 656872.065481 6868994.568302 656849.547459 6868994.228904 656849.698165 6868984.230039 656872.216187 6868984.569438 18.000000
665000 656871.375281 6869022.580638 656871.224574 6869032.579502 656849.157741 6869032.246904 656849.308447 6869022.248039 656871.375281 6869022.580638 18.000000
665000 656872.216187 6868984.569438 656872.065481 6868994.568302 656849.547459 6868994.228904 656849.698165 6868984.230039 656872.216187 6868984.569438 18.000000
665000 656871.952455 6869004.181092 656871.801749 6869014.179957 656849.676060 6869013.846471 656849.826766 6869003.847607 656871.952455 6869004.181092 18.000000
668101 656871.375281 6869022.580638 656871.224574 6869032.579502 656849.157741 6869032.246904 656849.308447 6869022.248039 656871.375281 6869022.580638 18.000000
668101 656872.216187 6868984.569438 656872.065481 6868994.568302 656849.547459 6868994.228904 656849.698165 6868984.230039 656872.216187 6868984.569438 18.000000
668101 656871.952455 6869004.181092 656871.801749 6869014.179957 656849.676060 6869013.846471 656849.826766 6869003.847607 656871.952455 6869004.181092 18.000000
668101 656871.284303 6869039.922665 656871.133597 6869049.921529 656849.375266 6869049.593581 656849.525972 6869039.594717 656871.284303 6869039.922665 18.000000
