5000 656861.094172 6869025.904253 656871.093036 6869026.054959 656870.776751 6869047.039496 656860.777886 6869046.888790 656861.094172 6869025.904253 18.000000
10000 656851.363275 6869040.322164 656856.362707 6869040.397517 656856.268266 6869046.663369 656851.268834 6869046.588016 656851.363275 6869040.322164 6.000000
15000 656855.971717 6869011.195998 656865.970582 6869011.346704 656865.457543 6869045.385166 656855.458679 6869045.234460 656855.971717 6869011.195998 18.000000
20000 656859.143859 6869018.987394 656869.142724 6869019.138100 656868.675893 6869050.110794 656858.677029 6869049.960088 656859.143859 6869018.987394 18.000000
25000 656856.715412 6868982.348150 656866.714277 6868982.498856 656866.254198 6869013.023603 656856.255334 6869012.872897 656856.715412 6868982.348150 18.000000
25000 656871.519639 6869022.073752 656871.368933 6869032.072616 656850.767518 6869031.762105 656850.918224 6869021.763240 656871.519639 6869022.073752 18.000000
30000 656856.486851 6868991.315754 656866.485715 6868991.466460 656865.976446 6869025.254846 656855.977581 6869025.104140 656856.486851 6868991.315754 18.000000
30000 656849.219275 6869013.771064 656859.218140 6869013.921770 656858.788657 6869042.416598 656848.789792 6869042.265892 656849.219275 6869013.771064 18.000000
35000 656857.934166 6868983.445601 656867.933031 6868983.596307 656867.247530 6869029.077074 656857.248666 6869028.926367 656857.934166 6868983.445601 18.000000
35000 656871.853521 6869033.179998 656871.702815 6869043.178863 656849.103613 6869042.838240 656849.254319 6869032.839376 656871.853521 6869033.179998 18.000000
40000 656859.402885 6868990.087594 656869.401749 6868990.238300 656868.675657 6869038.412204 656858.676793 6869038.261498 656859.402885 6868990.087594 18.000000
45000 656856.529475 6868986.259445 656866.528339 6868986.410151 656866.158210 6869010.967040 656856.159345 6869010.816334 656856.529475 6868986.259445 18.000000
50000 656853.518208 6869006.174140 656863.517073 6869006.324846 656863.096348 6869034.238556 656853.097484 6869034.087850 656853.518208 6869006.174140 18.000000
55000 656871.541392 6869036.687705 656871.466039 6869041.687137 656854.806357 6869041.436037 656854.881710 6869036.436605 656871.541392 6869036.687705 6.000000
55000 656851.363169 6868985.709522 656861.362033 6868985.860228 656860.930463 6869014.493487 656850.931599 6869014.342781 656851.363169 6868985.709522 18.000000
55000 656860.194380 6869040.442766 656860.119027 6869045.442198 656848.854338 6869045.272413 656848.929691 6869040.272981 656860.194380 6869040.442766 6.000000
60000 656861.974202 6868993.823876 656871.973067 6868993.974582 656871.285571 6869039.587734 656861.286706 6869039.437028 656861.974202 6868993.823876 18.000000
60000 656865.983163 6868980.636949 656865.832457 6868990.635814 656853.859284 6868990.455350 656854.009991 6868980.456486 656865.983163 6868980.636949 18.000000
65000 656860.389933 6869000.962796 656870.388798 6869001.113502 656869.781986 6869041.373526 656859.783121 6869041.222820 656860.389933 6869000.962796 18.000000
70000 656849.499572 6868980.815915 656854.499004 6868980.891268 656854.241521 6868997.974479 656849.242088 6868997.899125 656849.499572 6868980.815915 6.000000
70000 656866.902866 6869025.260092 656871.902298 6869025.335445 656871.587585 6869046.215691 656866.588152 6869046.140338 656866.902866 6869025.260092 6.000000
70000 656869.572034 6869010.699275 656869.496681 6869015.698707 656856.566223 6869015.503815 656856.641576 6869010.504383 656869.572034 6869010.699275 6.000000
75000 656861.969622 6868980.644439 656871.968486 6868980.795145 656871.440165 6869015.847556 656861.441301 6869015.696850 656861.969622 6868980.644439 18.000000
75000 656859.159950 6868997.351087 656869.158815 6868997.501793 656868.801012 6869021.240831 656858.802148 6869021.090125 656859.159950 6868997.351087 18.000000
80000 656852.526741 6869004.712183 656862.525605 6869004.862889 656861.986610 6869040.623518 656851.987745 6869040.472812 656852.526741 6869004.712183 18.000000
80000 656866.146901 6869022.220245 656871.146333 6869022.295598 656870.779838 6869046.611380 656865.780406 6869046.536027 656866.146901 6869022.220245 6.000000
85000 656859.708747 6868989.460926 656869.707611 6868989.611632 656869.274250 6869018.363760 656859.275386 6869018.213054 656859.708747 6868989.460926 18.000000
85000 656861.751898 6869029.242977 656871.750763 6869029.393683 656871.418830 6869051.416329 656861.419966 6869051.265623 656861.751898 6869029.242977 18.000000
90000 656852.616452 6869005.880227 656862.615317 6869006.030933 656862.209518 6869032.954357 656852.210654 6869032.803651 656852.616452 6869005.880227 18.000000
95000 656869.616431 6869024.912530 656869.465725 6869034.911394 656849.145023 6869034.605114 656849.295729 6869024.606250 656869.616431 6869024.912530 18.000000
95000 656861.961796 6868983.427094 656871.960660 6868983.577800 656871.513742 6869013.229410 656861.514877 6869013.078704 656861.961796 6868983.427094 18.000000
100000 656859.478045 6869003.233227 656869.476909 6869003.383933 656868.982898 6869036.159945 656858.984034 6869036.009239 656859.478045 6869003.233227 18.000000
105000 656866.634014 6869014.034146 656871.633446 6869014.109499 656871.375871 6869031.198781 656866.376439 6869031.123428 656866.634014 6869014.034146 6.000000
115000 656859.561961 6868979.885070 656869.560826 6868980.035776 656868.958958 6869019.967759 656858.960094 6869019.817053 656859.561961 6868979.885070 18.000000
115000 656853.302746 6869011.090781 656863.301611 6869011.241487 656862.821909 6869043.068151 656852.823045 6869042.917445 656853.302746 6869011.090781 18.000000
120000 656859.559233 6869022.353704 656869.558097 6869022.504410 656869.174123 6869047.979866 656859.175259 6869047.829160 656859.559233 6869022.353704 18.000000
120000 656870.827894 6868976.847082 656870.752541 6868981.846514 656853.674047 6868981.589102 656853.749400 6868976.589670 656870.827894 6868976.847082 6.000000
125000 656870.468845 6869035.315875 656870.318139 6869045.314739 656849.470369 6869045.000515 656849.621075 6869035.001651 656870.468845 6869035.315875 18.000000
125000 656860.352680 6868985.450518 656870.351544 6868985.601224 656869.771873 6869024.060573 656859.773008 6869023.909867 656860.352680 6868985.450518 18.000000
130000 656857.159087 6868977.692376 656867.157951 6868977.843082 656866.443336 6869025.255515 656856.444471 6869025.104809 656857.159087 6868977.692376 18.000000
140000 656854.424904 6868999.250896 656864.423768 6868999.401602 656863.865910 6869036.413652 656853.867046 6869036.262946 656854.424904 6868999.250896 18.000000
145000 656857.412128 6868993.118585 656867.410993 6868993.269291 656866.818100 6869032.605812 656856.819236 6869032.455106 656857.412128 6868993.118585 18.000000
150000 656859.110489 6869032.909943 656859.035136 6869037.909375 656848.909479 6869037.756758 656848.984832 6869032.757326 656859.110489 6869032.909943 6.000000
150000 656866.822643 6869030.221981 656871.822075 6869030.297334 656871.570951 6869046.958578 656866.571519 6869046.883225 656866.822643 6869030.221981 6.000000
150000 656856.992257 6868982.572085 656866.991122 6868982.722791 656866.568834 6869010.740217 656856.569970 6869010.589511 656856.992257 6868982.572085 18.000000
155000 656852.489924 6868985.317373 656862.488788 6868985.468079 656861.855805 6869027.464488 656851.856941 6869027.313782 656852.489924 6868985.317373 18.000000
165000 656866.404269 6868989.820999 656871.403701 6868989.896352 656871.084229 6869011.092271 656866.084797 6869011.016918 656866.404269 6868989.820999 6.000000
165000 656858.347244 6868991.398842 656858.271891 6868996.398274 656851.053497 6868996.289476 656851.128850 6868991.290044 656858.347244 6868991.398842 6.000000
165000 656860.636302 6869023.082059 656865.635734 6869023.157412 656865.504394 6869031.871353 656860.504962 6869031.796000 656860.636302 6869023.082059 6.000000
170000 656854.530404 6868983.056451 656864.529268 6868983.207157 656863.937480 6869022.470419 656853.938615 6869022.319713 656854.530404 6868983.056451 18.000000
175000 656872.125800 6868995.680001 656871.975094 6869005.678865 656852.139177 6869005.379892 656852.289883 6868995.381027 656872.125800 6868995.680001 18.000000
175000 656849.207333 6869025.036224 656854.206765 6869025.111577 656854.025840 6869037.115323 656849.026408 6869037.039970 656849.207333 6869025.036224 6.000000
175000 656871.761482 6869037.279646 656871.686129 6869042.279078 656855.794680 6869042.039557 656855.870033 6869037.040125 656871.761482 6869037.279646 6.000000
180000 656849.386952 6869025.497784 656859.385816 6869025.648490 656859.084103 6869045.666176 656849.085239 6869045.515470 656849.386952 6869025.497784 18.000000
180000 656855.475690 6868988.819206 656860.475122 6868988.894559 656860.330938 6868998.460698 656855.331506 6868998.385345 656855.475690 6868988.819206 6.000000
180000 656865.963673 6869019.655454 656870.963105 6869019.730807 656870.610391 6869043.132229 656865.610959 6869043.056876 656865.963673 6869019.655454 6.000000
185000 656854.863014 6868987.095826 656864.861878 6868987.246532 656864.281111 6869025.778601 656854.282247 6869025.627895 656854.863014 6868987.095826 18.000000
190000 656872.118934 6868977.826787 656871.968228 6868987.825651 656850.614930 6868987.503807 656850.765636 6868977.504943 656872.118934 6868977.826787 18.000000
190000 656859.490831 6868993.506368 656869.489695 6868993.657074 656868.751923 6869042.605859 656858.753059 6869042.455153 656859.490831 6868993.506368 18.000000
195000 656852.391844 6869019.531617 656862.390708 6869019.682323 656861.962324 6869048.104246 656851.963460 6869047.953540 656852.391844 6869019.531617 18.000000
195000 656858.616022 6868986.116199 656868.614886 6868986.266905 656868.137307 6869017.952739 656858.138443 6869017.802033 656858.616022 6868986.116199 18.000000
200000 656857.955711 6868984.098031 656867.954575 6868984.248737 656867.335555 6869025.318763 656857.336690 6869025.168057 656857.955711 6868984.098031 18.000000
205000 656854.529279 6868980.366438 656864.528143 6868980.517144 656864.048045 6869012.370077 656854.049181 6869012.219371 656854.529279 6868980.366438 18.000000
210000 656871.561879 6868979.366722 656871.411173 6868989.365586 656849.916199 6868989.041607 656850.066905 6868979.042743 656871.561879 6868979.366722 18.000000
210000 656849.906981 6869002.709999 656859.905846 6869002.860705 656859.265944 6869045.316100 656849.267080 6869045.165394 656849.906981 6869002.709999 18.000000
215000 656871.561879 6868979.366722 656871.411173 6868989.365586 656849.916199 6868989.041607 656850.066905 6868979.042743 656871.561879 6868979.366722 18.000000
220000 656857.763046 6868986.593360 656867.761911 6868986.744067 656867.299360 6869017.432827 656857.300496 6869017.282121 656857.763046 6868986.593360 18.000000
220000 656849.522869 6868999.116809 656859.521733 6868999.267515 656858.843420 6869044.271444 656848.844556 6869044.120738 656849.522869 6868999.116809 18.000000
225000 656859.143560 6869001.302196 656869.142424 6869001.452902 656868.564203 6869039.816045 656858.565338 6869039.665339 656859.143560 6869001.302196 18.000000
230000 656849.663605 6868979.501502 656854.663038 6868979.576855 656854.443216 6868994.161342 656849.443783 6868994.085988 656849.663605 6868979.501502 6.000000
230000 656867.094098 6868997.307273 656872.093530 6868997.382626 656871.782639 6869018.009290 656866.783207 6869017.933937 656867.094098 6868997.307273 6.000000
230000 656849.798255 6869003.120212 656854.797687 6869003.195565 656854.463567 6869025.363394 656849.464135 6869025.288041 656849.798255 6869003.120212 6.000000
235000 656852.739908 6868976.161699 656862.738772 6868976.312405 656862.074013 6869020.417045 656852.075149 6869020.266339 656852.739908 6868976.161699 18.000000
240000 656871.613026 6868978.217010 656871.462320 6868988.215874 656850.879571 6868987.905644 656851.030277 6868977.906780 656871.613026 6868978.217010 18.000000
240000 656855.890495 6868998.238102 656865.889360 6868998.388808 656865.228446 6869042.238306 656855.229582 6869042.087600 656855.890495 6868998.238102 18.000000
245000 656854.255372 6868980.868698 656864.254237 6868981.019404 656863.839183 6869008.556893 656853.840319 6869008.406187 656854.255372 6868980.868698 18.000000
250000 656871.398172 6869038.828194 656871.247466 6869048.827058 656849.387302 6869048.497575 656849.538008 6869038.498711 656871.398172 6869038.828194 18.000000
250000 656859.346570 6868988.485941 656869.345434 6868988.636647 656868.718684 6869030.219497 656858.719820 6869030.068791 656859.346570 6868988.485941 18.000000
255000 656870.822319 6868988.886902 656870.671613 6868998.885766 656849.238817 6868998.562724 656849.389524 6868988.563860 656870.822319 6868988.886902 18.000000
255000 656849.592542 6869012.235771 656859.591406 6869012.386478 656859.076875 6869046.523959 656849.078011 6869046.373253 656849.592542 6869012.235771 18.000000
260000 656858.590236 6868981.811066 656858.514883 6868986.810498 656849.369099 6868986.672650 656849.444452 6868981.673217 656858.590236 6868981.811066 6.000000
260000 656856.325015 6869005.038211 656866.323880 6869005.188917 656865.623531 6869051.654830 656855.624666 6869051.504124 656856.325015 6869005.038211 18.000000
265000 656850.102013 6869006.822922 656860.100877 6869006.973628 656859.599207 6869040.257849 656849.600342 6869040.107143 656850.102013 6869006.822922 18.000000
265000 656871.152577 6868979.439593 656871.001871 6868989.438458 656850.875897 6868989.135113 656851.026603 6868979.136248 656871.152577 6868979.439593 18.000000
270000 656850.596358 6868978.943632 656860.595223 6868979.094338 656859.847907 6869028.676294 656849.849043 6869028.525588 656850.596358 6868978.943632 18.000000
275000 656861.448306 6868998.127307 656871.447170 6868998.278013 656870.707671 6869047.341388 656860.708807 6869047.190682 656861.448306 6868998.127307 18.000000
280000 656849.537339 6869024.727819 656854.536771 6869024.803172 656854.292653 6869040.999616 656849.293221 6869040.924263 656849.537339 6869024.727819 6.000000
280000 656871.716720 6869035.468747 656871.641367 6869040.468180 656863.031711 6869040.338412 656863.107065 6869035.338980 656871.716720 6869035.468747 6.000000
280000 656866.399862 6868991.089340 656871.399294 6868991.164693 656871.083162 6869012.139080 656866.083729 6869012.063727 656866.399862 6868991.089340 6.000000
285000 656866.731099 6869015.964660 656871.730532 6869016.040013 656871.363203 6869040.411110 656866.363771 6869040.335757 656866.731099 6869015.964660 6.000000
285000 656854.359013 6869030.918864 656854.283660 6869035.918296 656849.024808 6869035.839033 656849.100161 6869030.839601 656854.359013 6869030.918864 6.000000
285000 656861.213468 6868993.057121 656861.138115 6868998.056553 656849.586711 6868997.882446 656849.662064 6868992.883014 656861.213468 6868993.057121 6.000000
285000 656859.267569 6869003.930741 656859.192216 6869008.930173 656849.272969 6869008.780667 656849.348323 6869003.781235 656859.267569 6869003.930741 6.000000
290000 656852.878911 6868985.213499 656862.877775 6868985.364205 656862.311731 6869022.919408 656852.312867 6869022.768702 656852.878911 6868985.213499 18.000000
290000 656869.814454 6869033.993788 656869.663748 6869043.992653 656848.759165 6869043.677572 656848.909871 6869033.678708 656869.814454 6869033.993788 18.000000
295000 656855.207001 6868992.316496 656865.205866 6868992.467202 656864.737975 6869023.510277 656854.739110 6869023.359571 656855.207001 6868992.316496 18.000000
300000 656857.559962 6868980.469206 656867.558826 6868980.619912 656866.860400 6869026.958202 656856.861536 6869026.807496 656857.559962 6868980.469206 18.000000
305000 656859.699564 6869003.386514 656869.698429 6869003.537220 656869.019258 6869048.598040 656859.020393 6869048.447334 656859.699564 6869003.386514 18.000000
305000 656872.030534 6868983.236052 656871.879828 6868993.234916 656851.313646 6868992.924936 656851.464352 6868982.926072 656872.030534 6868983.236052 18.000000
310000 656861.378120 6868986.842415 656871.376985 6868986.993121 656870.702621 6869031.734982 656860.703757 6869031.584276 656861.378120 6868986.842415 18.000000
315000 656871.135505 6869026.451469 656870.984799 6869036.450333 656850.420683 6869036.140384 656850.571389 6869026.141520 656871.135505 6869026.451469 18.000000
315000 656856.111397 6868984.246801 656866.110262 6868984.397507 656865.646793 6869015.147184 656855.647929 6869014.996478 656856.111397 6868984.246801 18.000000
320000 656859.522414 6868986.790145 656869.521278 6868986.940851 656868.887275 6869029.004963 656858.888410 6869028.854257 656859.522414 6868986.790145 18.000000
330000 656871.571705 6869034.799439 656871.496351 6869039.798871 656860.799851 6869039.637650 656860.875204 6869034.638217 656871.571705 6869034.799439 6.000000
330000 656854.810418 6868987.807292 656859.809850 6868987.882645 656859.492865 6869008.913638 656854.493432 6869008.838285 656854.810418 6868987.807292 6.000000
330000 656871.101533 6868988.332821 656871.026180 6868993.332253 656855.305310 6868993.095303 656855.380663 6868988.095871 656871.101533 6868988.332821 6.000000
335000 656866.623096 6868980.874513 656871.622528 6868980.949866 656871.316084 6869001.281422 656866.316652 6869001.206069 656866.623096 6868980.874513 6.000000
335000 656849.371835 6869008.844482 656854.371267 6869008.919835 656854.209299 6869019.665947 656849.209866 6869019.590594 656849.371835 6869008.844482 6.000000
335000 656864.693202 6869024.520092 656869.692634 6869024.595445 656869.316906 6869049.523758 656864.317474 6869049.448405 656864.693202 6869024.520092 6.000000
340000 656851.920354 6868978.254238 656861.919219 6868978.404944 656861.267578 6869021.639222 656851.268713 6869021.488516 656851.920354 6868978.254238 18.000000
340000 656871.288667 6869031.373646 656871.137961 6869041.372511 656850.107169 6869041.055528 656850.257875 6869031.056664 656871.288667 6869031.373646 18.000000
345000 656852.181155 6868988.481904 656862.180019 6868988.632611 656861.530779 6869031.707590 656851.531915 6869031.556883 656852.181155 6868988.481904 18.000000
350000 656872.003566 6868995.185836 656871.928213 6869000.185268 656862.193696 6869000.038547 656862.269049 6868995.039114 656872.003566 6868995.185836 6.000000
350000 656849.335271 6869021.693481 656854.334703 6869021.768834 656854.041790 6869041.202682 656849.042358 6869041.127329 656849.335271 6869021.693481 6.000000
350000 656868.531533 6869008.041700 656868.456180 6869013.041132 656851.277788 6869012.782214 656851.353141 6869007.782782 656868.531533 6869008.041700 6.000000
350000 656871.124238 6868976.204828 656871.048885 6868981.204261 656853.952597 6868980.946580 656854.027950 6868975.947148 656871.124238 6868976.204828 6.000000
355000 656870.442058 6869036.016740 656870.291351 6869046.015604 656848.978453 6869045.694370 656849.129159 6869035.695505 656870.442058 6869036.016740 18.000000
355000 656869.897833 6868990.473370 656869.747127 6869000.472234 656849.629463 6869000.169014 656849.780169 6868990.170150 656869.897833 6868990.473370 18.000000
360000 656856.449560 6868982.247707 656866.448424 6868982.398413 656865.810986 6869024.690385 656855.812122 6869024.539679 656856.449560 6868982.247707 18.000000
360000 656871.225585 6869032.295461 656871.074879 6869042.294325 656850.190290 6869041.979546 656850.340996 6869031.980681 656871.225585 6869032.295461 18.000000
365000 656853.391346 6869009.535312 656863.390210 6869009.686018 656862.800647 6869048.801643 656852.801783 6869048.650937 656853.391346 6869009.535312 18.000000
370000 656857.610715 6868999.228390 656867.609580 6868999.379096 656867.042367 6869037.011861 656857.043502 6869036.861155 656857.610715 6868999.228390 18.000000
375000 656849.823317 6868980.605562 656854.822750 6868980.680915 656854.568184 6868997.570505 656849.568752 6868997.495152 656849.823317 6868980.605562 6.000000
375000 656854.681201 6869018.596131 656864.680065 6869018.746837 656864.280166 6869045.278888 656854.281302 6869045.128182 656854.681201 6869018.596131 18.000000
375000 656867.060575 6868984.196900 656872.060007 6868984.272253 656871.864513 6868997.242678 656866.865081 6868997.167325 656867.060575 6868984.196900 6.000000
380000 656871.929389 6869016.796939 656871.854036 6869021.796371 656854.947340 6869021.541548 656855.022693 6869016.542116 656871.929389 6869016.796939 6.000000
380000 656871.704750 6868991.464240 656871.629397 6868996.463672 656860.277788 6868996.292577 656860.353141 6868991.293145 656871.704750 6868991.464240 6.000000
385000 656849.597621 6868994.551316 656854.597053 6868994.626669 656854.433093 6869005.504902 656849.433661 6869005.429549 656849.597621 6868994.551316 6.000000
385000 656866.480075 6868983.593581 656871.479507 6868983.668934 656871.176260 6869003.788410 656866.176828 6869003.713056 656866.480075 6868983.593581 6.000000
390000 656852.397624 6869009.830779 656862.396488 6869009.981485 656861.788053 6869050.349243 656851.789188 6869050.198537 656852.397624 6869009.830779 18.000000
395000 656860.360758 6868984.424350 656870.359622 6868984.575056 656869.625355 6869033.291315 656859.626491 6869033.140608 656860.360758 6868984.424350 18.000000
400000 656850.323611 6868977.875538 656860.322475 6868978.026244 656859.716562 6869018.226624 656849.717698 6869018.075918 656850.323611 6868977.875538 18.000000
400000 656870.059101 6869029.626976 656869.908395 6869039.625840 656850.217616 6869039.329054 656850.368322 6869029.330190 656870.059101 6869029.626976 18.000000
405000 656861.940244 6869000.063317 656871.939108 6869000.214023 656871.319308 6869041.335806 656861.320443 6869041.185100 656861.940244 6869000.063317 18.000000
410000 656855.830608 6869004.644808 656865.829472 6869004.795514 656865.137254 6869050.721989 656855.138389 6869050.571283 656855.830608 6869004.644808 18.000000
415000 656869.926245 6868987.889598 656869.775539 6868997.888462 656849.864044 6868997.588350 656850.014751 6868987.589486 656869.926245 6868987.889598 18.000000
415000 656858.508103 6869009.741943 656868.506967 6869009.892649 656868.201271 6869030.174567 656858.202407 6869030.023861 656858.508103 6869009.741943 18.000000
420000 656869.887073 6869033.669338 656869.736367 6869043.668202 656848.875018 6869043.353773 656849.025724 6869033.354909 656869.887073 6869033.669338 18.000000
420000 656858.865905 6868986.258233 656868.864769 6868986.408939 656868.267276 6869026.050725 656858.268411 6869025.900019 656858.865905 6868986.258233 18.000000
425000 656859.491529 6868976.604755 656869.490393 6868976.755461 656868.921205 6869014.519264 656858.922341 6869014.368558 656859.491529 6868976.604755 18.000000
430000 656850.314480 6868998.661094 656860.313344 6868998.811800 656859.721306 6869038.091658 656849.722442 6869037.940952 656850.314480 6868998.661094 18.000000
435000 656872.169180 6868978.966565 656872.018474 6868988.965429 656849.674836 6868988.628659 656849.825542 6868978.629794 656872.169180 6868978.966565 18.000000
435000 656849.277796 6869006.465142 656859.276660 6869006.615848 656858.840511 6869035.552933 656848.841647 6869035.402227 656849.277796 6869006.465142 18.000000
440000 656872.169180 6868978.966565 656872.018474 6868988.965429 656849.674836 6868988.628659 656849.825542 6868978.629794 656872.169180 6868978.966565 18.000000
440000 656870.758934 6869014.394247 656870.608228 6869024.393112 656849.147659 6869024.069651 656849.298365 6869014.070787 656870.758934 6869014.394247 18.000000
445000 656872.169180 6868978.966565 656872.018474 6868988.965429 656849.674836 6868988.628659 656849.825542 6868978.629794 656872.169180 6868978.966565 18.000000
445000 656854.564663 6868993.163340 656864.563527 6868993.314046 656863.911666 6869036.562927 656853.912802 6869036.412220 656854.564663 6868993.163340 18.000000
450000 656859.504113 6869003.298533 656869.502977 6869003.449240 656869.042959 6869033.969994 656859.044094 6869033.819288 656859.504113 6869003.298533 18.000000
455000 656851.026675 6869003.479231 656861.025539 6869003.629937 656860.352237 6869048.301393 656850.353372 6869048.150687 656851.026675 6869003.479231 18.000000
460000 656857.075660 6868999.919728 656867.074524 6869000.070434 656866.345734 6869048.423366 656856.346869 6869048.272660 656857.075660 6868999.919728 18.000000
465000 656849.288082 6869019.270040 656854.287514 6869019.345393 656853.970622 6869040.370172 656848.971190 6869040.294819 656849.288082 6869019.270040 6.000000
465000 656849.451273 6868984.877675 656854.450705 6868984.953028 656854.118197 6869007.013925 656849.118764 6869006.938572 656849.451273 6868984.877675 6.000000
465000 656872.014105 6868999.499132 656871.938752 6869004.498564 656862.446245 6869004.355490 656862.521598 6868999.356058 656872.014105 6868999.499132 6.000000
470000 656866.902858 6869020.890650 656871.902291 6869020.966003 656871.543559 6869044.766716 656866.544127 6869044.691363 656866.902858 6869020.890650 6.000000
470000 656866.605321 6868991.349980 656871.604753 6868991.425333 656871.262115 6869014.158251 656866.262683 6869014.082898 656866.605321 6868991.349980 6.000000
470000 656849.382996 6868996.406398 656854.382428 6868996.481751 656854.072562 6869017.040364 656849.073130 6869016.965011 656849.382996 6868996.406398 6.000000
475000 656854.071197 6868978.354797 656864.070061 6868978.505503 656863.540024 6869013.671782 656853.541160 6869013.521076 656854.071197 6868978.354797 18.000000
480000 656850.884550 6868981.707273 656860.883414 6868981.857979 656860.244694 6869024.235023 656850.245830 6869024.084317 656850.884550 6868981.707273 18.000000
485000 656858.483261 6868978.141460 656868.482125 6868978.292166 656867.813537 6869022.650867 656857.814673 6869022.500160 656858.483261 6868978.141460 18.000000
490000 656853.971757 6868987.067079 656863.970621 6868987.217785 656863.218502 6869037.118453 656853.219638 6869036.967747 656853.971757 6868987.067079 18.000000
495000 656869.565341 6869038.586804 656869.414635 6869048.585668 656849.347532 6869048.283210 656849.498238 6869038.284346 656869.565341 6869038.586804 18.000000
495000 656871.721790 6869005.812537 656871.646437 6869010.811969 656859.661125 6869010.631322 656859.736478 6869005.631890 656871.721790 6869005.812537 6.000000
500000 656849.568815 6869002.707677 656854.568247 6869002.783030 656854.269052 6869022.633678 656849.269620 6869022.558325 656849.568815 6869002.707677 6.000000
505000 656850.131122 6868978.808478 656860.129986 6868978.959184 656859.385090 6869028.380643 656849.386226 6869028.229937 656850.131122 6868978.808478 18.000000
510000 656859.738773 6869040.126241 656859.663420 6869045.125673 656848.787780 6869044.961752 656848.863133 6869039.962320 656859.738773 6869040.126241 6.000000
510000 656866.897017 6868999.818484 656871.896450 6868999.893837 656871.555805 6869022.494521 656866.556373 6869022.419168 656866.897017 6868999.818484 6.000000
510000 656849.600458 6868999.936832 656854.599890 6869000.012185 656854.270525 6869021.864508 656849.271093 6869021.789155 656849.600458 6868999.936832 6.000000
515000 656849.286936 6868999.386634 656854.286369 6868999.461987 656853.951862 6869021.655403 656848.952430 6869021.580050 656849.286936 6868999.386634 6.000000
515000 656866.411142 6869030.304953 656866.335789 6869035.304385 656849.389070 6869035.048959 656849.464424 6869030.049527 656866.411142 6869030.304953 6.000000
520000 656856.147374 6868980.014927 656866.146238 6868980.165633 656865.400132 6869029.667388 656855.401268 6869029.516682 656856.147374 6868980.014927 18.000000
525000 656866.678178 6869020.322914 656871.677610 6869020.398267 656871.415886 6869037.762871 656866.416453 6869037.687518 656866.678178 6869020.322914 6.000000
525000 656854.713264 6869032.167123 656854.637911 6869037.166555 656848.843813 6869037.079225 656848.919166 6869032.079792 656854.713264 6869032.167123 6.000000
525000 656870.203283 6868989.060686 656870.052577 6868999.059550 656850.818380 6868998.769646 656850.969086 6868988.770782 656870.203283 6868989.060686 18.000000
530000 656872.084669 6868984.884797 656871.933963 6868994.883661 656849.814575 6868994.550271 656849.965281 6868984.551406 656872.084669 6868984.884797 18.000000
530000 656871.237549 6869026.618547 656871.086843 6869036.617411 656849.035608 6869036.285048 656849.186314 6869026.286184 656871.237549 6869026.618547 18.000000
535000 656872.084669 6868984.884797 656871.933963 6868994.883661 656849.814575 6868994.550271 656849.965281 6868984.551406 656872.084669 6868984.884797 18.000000
535000 656860.917414 6868998.812096 656870.916278 6868998.962802 656870.272141 6869041.699216 656860.273277 6869041.548510 656860.917414 6868998.812096 18.000000
540000 656871.804844 6869039.319664 656871.654138 6869049.318529 656849.471540 6869048.984186 656849.622246 6869038.985321 656871.804844 6869039.319664 18.000000
540000 656871.242442 6869023.474783 656871.091736 6869033.473648 656849.544341 6869033.148878 656849.695047 6869023.150014 656871.242442 6869023.474783 18.000000
545000 656858.794806 6869002.446253 656868.793670 6869002.596959 656868.200055 6869041.981415 656858.201191 6869041.830709 656858.794806 6869002.446253 18.000000
550000 656861.501674 6868997.229483 656871.500539 6868997.380189 656870.779324 6869045.230445 656860.780460 6869045.079739 656861.501674 6868997.229483 18.000000
555000 656854.902566 6868992.238913 656864.901431 6868992.389619 656864.168416 6869041.022798 656854.169552 6869040.872092 656854.902566 6868992.238913 18.000000
560000 656870.663176 6869026.253645 656870.512470 6869036.252510 656850.370165 6869035.948918 656850.520871 6869025.950054 656870.663176 6869026.253645 18.000000
560000 656849.988165 6868978.060908 656859.987029 6868978.211614 656859.425342 6869015.477750 656849.426478 6869015.327044 656849.988165 6868978.060908 18.000000
565000 656870.663176 6869026.253645 656870.512470 6869036.252510 656850.370165 6869035.948918 656850.520871 6869025.950054 656870.663176 6869026.253645 18.000000
565000 656870.418237 6869008.401034 656870.267531 6869018.399898 656850.586670 6869018.103262 656850.737376 6869008.104398 656870.418237 6869008.401034 18.000000
565000 656871.100698 6868984.180260 656870.949992 6868994.179125 656850.310388 6868993.868038 656850.461094 6868983.869174 656871.100698 6868984.180260 18.000000
570000 656870.663176 6869026.253645 656870.512470 6869036.252510 656850.370165 6869035.948918 656850.520871 6869025.950054 656870.663176 6869026.253645 18.000000
570000 656870.418237 6869008.401034 656870.267531 6869018.399898 656850.586670 6869018.103262 656850.737376 6869008.104398 656870.418237 6869008.401034 18.000000
570000 656871.100698 6868984.180260 656870.949992 6868994.179125 656850.310388 6868993.868038 656850.461094 6868983.869174 656871.100698 6868984.180260 18.000000
575000 656870.663176 6869026.253645 656870.512470 6869036.252510 656850.370165 6869035.948918 656850.520871 6869025.950054 656870.663176 6869026.253645 18.000000
575000 656870.418237 6869008.401034 656870.267531 6869018.399898 656850.586670 6869018.103262 656850.737376 6869008.104398 656870.418237 6869008.401034 18.000000
575000 656871.100698 6868984.180260 656870.949992 6868994.179125 656850.310388 6868993.868038 656850.461094 6868983.869174 656871.100698 6868984.180260 18.000000
580000 656871.100698 6868984.180260 656870.949992 6868994.179125 656850.310388 6868993.868038 656850.461094 6868983.869174 656871.100698 6868984.180260 18.000000
580000 656871.093107 6869006.815108 656870.942401 6869016.813972 656849.913686 6869016.497021 656850.064392 6869006.498156 656871.093107 6869006.815108 18.000000
580000 656870.954358 6869036.881844 656870.803652 6869046.880708 656850.693436 6869046.577600 656850.844143 6869036.578736 656870.954358 6869036.881844 18.000000
585000 656860.623064 6868980.434902 656870.621928 6868980.585609 656869.874999 6869030.141942 656859.876135 6869029.991235 656860.623064 6868980.434902 18.000000
590000 656860.648393 6868987.032101 656870.647257 6868987.182807 656869.941998 6869033.974485 656859.943134 6869033.823779 656860.648393 6868987.032101 18.000000
595000 656849.609052 6868992.385793 656854.608484 6868992.461146 656854.337803 6869010.419942 656849.338371 6869010.344589 656849.609052 6868992.385793 6.000000
595000 656867.072544 6868984.127449 656872.071976 6868984.202802 656871.969847 6868990.978762 656866.970414 6868990.903409 656867.072544 6868984.127449 6.000000
600000 656859.547195 6868987.720972 656869.546060 6868987.871679 656868.793243 6869037.818655 656858.794378 6869037.667949 656859.547195 6868987.720972 18.000000
605000 656854.715097 6869011.562395 656864.713961 6869011.713102 656864.286647 6869040.064012 656854.287783 6869039.913306 656854.715097 6869011.562395 18.000000
605000 656849.477835 6868978.221613 656854.477267 6868978.296966 656854.400806 6868983.369964 656849.401373 6868983.294611 656849.477835 6868978.221613 6.000000
610000 656871.618114 6869034.662271 656871.467408 6869044.661136 656849.518898 6869044.330321 656849.669604 6869034.331456 656871.618114 6869034.662271 18.000000
610000 656849.736519 6868993.155107 656859.735383 6868993.305813 656859.284372 6869023.228992 656849.285507 6869023.078286 656849.736519 6868993.155107 18.000000
615000 656871.204733 6868984.673620 656871.054027 6868994.672485 656849.644197 6868994.349789 656849.794903 6868984.350925 656871.204733 6868984.673620 18.000000
615000 656852.472235 6868998.576666 656862.471100 6868998.727372 656861.867400 6869038.780935 656851.868535 6869038.630229 656852.472235 6868998.576666 18.000000
620000 656859.564452 6868981.231305 656869.563317 6868981.382011 656868.841435 6869029.276561 656858.842570 6869029.125854 656859.564452 6868981.231305 18.000000
625000 656854.235053 6869004.670478 656864.233918 6869004.821184 656863.597454 6869047.048528 656853.598589 6869046.897822 656854.235053 6869004.670478 18.000000
630000 656854.235053 6869004.670478 656864.233918 6869004.821184 656863.597454 6869047.048528 656853.598589 6869046.897822 656854.235053 6869004.670478 18.000000
630000 656870.008475 6868984.982348 656869.857769 6868994.981212 656849.947623 6868994.681120 656850.098330 6868984.682256 656870.008475 6868984.982348 18.000000
635000 656871.404856 6869037.859949 656871.254150 6869047.858813 656849.641726 6869047.533064 656849.792432 6869037.534199 656871.404856 6869037.859949 18.000000
635000 656849.382733 6868999.577725 656854.382165 6868999.653078 656854.082368 6869019.543634 656849.082936 6869019.468281 656849.382733 6868999.577725 6.000000
640000 656871.009210 6869000.780073 656870.858504 6869010.778938 656849.435775 6869010.456047 656849.586481 6869000.457183 656871.009210 6869000.780073 18.000000
640000 656871.508654 6869023.926093 656871.357948 6869033.924957 656849.165550 6869033.590466 656849.316256 6869023.591602 656871.508654 6869023.926093 18.000000
645000 656871.508654 6869023.926093 656871.357948 6869033.924957 656849.165550 6869033.590466 656849.316256 6869023.591602 656871.508654 6869023.926093 18.000000
645000 656871.643894 6868991.648877 656871.493188 6869001.647741 656850.493300 6869001.331224 656850.644006 6868991.332360 656871.643894 6868991.648877 18.000000
650000 656871.643894 6868991.648877 656871.493188 6869001.647741 656850.493300 6869001.331224 656850.644006 6868991.332360 656871.643894 6868991.648877 18.000000
650000 656870.052250 6869029.967990 656869.901543 6869039.966854 656849.668600 6869039.661897 656849.819306 6869029.663032 656870.052250 6869029.967990 18.000000
655000 656870.395388 6869031.688907 656870.244682 6869041.687771 656850.642102 6869041.392315 656850.792808 6869031.393451 656870.395388 6869031.688907 18.000000
655000 656861.885109 6868977.103908 656871.883974 6868977.254614 656871.247100 6869019.509165 656861.248235 6869019.358458 656861.885109 6868977.103908 18.000000
660000 656871.638948 6868981.188300 656871.488242 6868991.187164 656850.330441 6868990.868267 656850.481147 6868980.869403 656871.638948 6868981.188300 18.000000
660000 656859.907504 6868998.568523 656869.906369 6868998.719229 656869.209022 6869044.985913 656859.210158 6869044.835207 656859.907504 6868998.568523 18.000000
665000 656853.872915 6868989.053740 656863.871779 6868989.204446 656863.195298 6869034.086827 656853.196433 6869033.936121 656853.872915 6868989.053740 18.000000
670000 656858.200778 6868997.391028 656868.199643 6868997.541734 656867.555151 6869040.301665 656857.556287 6869040.150959 656858.200778 6868997.391028 18.000000
675000 656871.083901 6869033.255098 656870.933195 6869043.253962 656850.643085 6869042.948143 656850.793791 6869032.949279 656871.083901 6869033.255098 18.000000
675000 656856.255917 6868977.335418 656866.254781 6868977.486124 656865.531500 6869025.473500 656855.532636 6869025.322794 656856.255917 6868977.335418 18.000000
680000 656871.083901 6869033.255098 656870.933195 6869043.253962 656850.643085 6869042.948143 656850.793791 6869032.949279 656871.083901 6869033.255098 18.000000
680000 656856.255917 6868977.335418 656866.254781 6868977.486124 656865.531500 6869025.473500 656855.532636 6869025.322794 656856.255917 6868977.335418 18.000000
685000 656859.344244 6868989.170998 656869.343109 6868989.321704 656868.613006 6869037.761677 656858.614142 6869037.610971 656859.344244 6868989.170998 18.000000
690000 656872.022272 6869005.423598 656871.946919 6869010.423031 656857.920117 6869010.211614 656857.995470 6869005.212182 656872.022272 6869005.423598 6.000000
690000 656868.388043 6869028.683781 656868.237337 6869038.682645 656849.995492 6869038.407699 656850.146198 6869028.408834 656868.388043 6869028.683781 18.000000
695000 656872.074911 6869001.023951 656871.924205 6869011.022815 656850.130032 6869010.694327 656850.280738 6869000.695462 656872.074911 6869001.023951 18.000000
700000 656872.107237 6868987.203329 656871.956531 6868997.202194 656849.289410 6868996.860548 656849.440116 6868986.861683 656872.107237 6868987.203329 18.000000
700000 656856.450357 6868998.846299 656866.449221 6868998.997005 656865.947292 6869032.298400 656855.948427 6869032.147694 656856.450357 6868998.846299 18.000000
705000 656872.107237 6868987.203329 656871.956531 6868997.202194 656849.289410 6868996.860548 656849.440116 6868986.861683 656872.107237 6868987.203329 18.000000
705000 656851.917604 6869006.675557 656861.916469 6869006.826263 656861.363001 6869043.547107 656851.364136 6869043.396401 656851.917604 6869006.675557 18.000000
710000 656851.917604 6869006.675557 656861.916469 6869006.826263 656861.363001 6869043.547107 656851.364136 6869043.396401 656851.917604 6869006.675557 18.000000
710000 656871.358135 6868987.074119 656871.207429 6868997.072983 656850.155716 6868996.755685 656850.306422 6868986.756821 656871.358135 6868987.074119 18.000000
715000 656870.957909 6869037.905089 656870.807203 6869047.903954 656848.880206 6869047.573463 656849.030912 6869037.574599 656870.957909 6869037.905089 18.000000
715000 656854.829290 6868988.462652 656864.828154 6868988.613358 656864.351979 6869020.206063 656854.353115 6869020.055357 656854.829290 6868988.462652 18.000000
720000 656870.957909 6869037.905089 656870.807203 6869047.903954 656848.880206 6869047.573463 656849.030912 6869037.574599 656870.957909 6869037.905089 18.000000
720000 656870.581109 6869003.696081 656870.430403 6869013.694946 656850.232796 6869013.390521 656850.383502 6869003.391657 656870.581109 6869003.696081 18.000000
725000 656870.957909 6869037.905089 656870.807203 6869047.903954 656848.880206 6869047.573463 656849.030912 6869037.574599 656870.957909 6869037.905089 18.000000
725000 656870.581109 6869003.696081 656870.430403 6869013.694946 656850.232796 6869013.390521 656850.383502 6869003.391657 656870.581109 6869003.696081 18.000000
725000 656870.947378 6868982.524329 656870.796672 6868992.523194 656849.814861 6868992.206949 656849.965567 6868982.208085 656870.947378 6868982.524329 18.000000
730000 656870.581109 6869003.696081 656870.430403 6869013.694946 656850.232796 6869013.390521 656850.383502 6869003.391657 656870.581109 6869003.696081 18.000000
730000 656870.947378 6868982.524329 656870.796672 6868992.523194 656849.814861 6868992.206949 656849.965567 6868982.208085 656870.947378 6868982.524329 18.000000
730000 656871.242358 6869031.678803 656871.091652 6869041.677667 656849.675871 6869041.354882 656849.826577 6869031.356017 656871.242358 6869031.678803 18.000000
735000 656870.581109 6869003.696081 656870.430403 6869013.694946 656850.232796 6869013.390521 656850.383502 6869003.391657 656870.581109 6869003.696081 18.000000
735000 656870.947378 6868982.524329 656870.796672 6868992.523194 656849.814861 6868992.206949 656849.965567 6868982.208085 656870.947378 6868982.524329 18.000000
735000 656871.242358 6869031.678803 656871.091652 6869041.677667 656849.675871 6869041.354882 656849.826577 6869031.356017 656871.242358 6869031.678803 18.000000
740000 656870.581109 6869003.696081 656870.430403 6869013.694946 656850.232796 6869013.390521 656850.383502 6869003.391657 656870.581109 6869003.696081 18.000000
740000 656870.947378 6868982.524329 656870.796672 6868992.523194 656849.814861 6868992.206949 656849.965567 6868982.208085 656870.947378 6868982.524329 18.000000
740000 656871.242358 6869031.678803 656871.091652 6869041.677667 656849.675871 6869041.354882 656849.826577 6869031.356017 656871.242358 6869031.678803 18.000000
745000 656870.581109 6869003.696081 656870.430403 6869013.694946 656850.232796 6869013.390521 656850.383502 6869003.391657 656870.581109 6869003.696081 18.000000
745000 656870.947378 6868982.524329 656870.796672 6868992.523194 656849.814861 6868992.206949 656849.965567 6868982.208085 656870.947378 6868982.524329 18.000000
745000 656871.242358 6869031.678803 656871.091652 6869041.677667 656849.675871 6869041.354882 656849.826577 6869031.356017 656871.242358 6869031.678803 18.000000
750000 656870.581109 6869003.696081 656870.430403 6869013.694946 656850.232796 6869013.390521 656850.383502 6869003.391657 656870.581109 6869003.696081 18.000000
750000 656870.947378 6868982.524329 656870.796672 6868992.523194 656849.814861 6868992.206949 656849.965567 6868982.208085 656870.947378 6868982.524329 18.000000
750000 656871.242358 6869031.678803 656871.091652 6869041.677667 656849.675871 6869041.354882 656849.826577 6869031.356017 656871.242358 6869031.678803 18.000000
755000 656870.947378 6868982.524329 656870.796672 6868992.523194 656849.814861 6868992.206949 656849.965567 6868982.208085 656870.947378 6868982.524329 18.000000
755000 656871.633388 6869036.252172 656871.482682 6869046.251036 656848.993796 6869045.912077 656849.144502 6869035.913212 656871.633388 6869036.252172 18.000000
760000 656871.633388 6869036.252172 656871.482682 6869046.251036 656848.993796 6869045.912077 656849.144502 6869035.913212 656871.633388 6869036.252172 18.000000
760000 656854.659186 6868984.964102 656864.658051 6868985.114808 656863.948381 6869032.199115 656853.949517 6869032.048409 656854.659186 6868984.964102 18.000000
765000 656856.641505 6868985.497487 656866.640370 6868985.648193 656865.970751 6869030.075277 656855.971886 6869029.924571 656856.641505 6868985.497487 18.000000
770000 656869.888450 6869033.104190 656869.737744 6869043.103054 656849.948894 6869042.804790 656850.099600 6869032.805926 656869.888450 6869033.104190 18.000000
770000 656849.284536 6868993.498801 656854.283968 6868993.574154 656854.141031 6869003.057584 656849.141599 6869002.982231 656849.284536 6868993.498801 6.000000
770000 656867.063747 6868979.365256 656872.063179 6868979.440609 656871.827673 6868995.065700 656866.828241 6868994.990347 656867.063747 6868979.365256 6.000000
775000 656869.888450 6869033.104190 656869.737744 6869043.103054 656849.948894 6869042.804790 656850.099600 6869032.805926 656869.888450 6869033.104190 18.000000
775000 656849.284536 6868993.498801 656854.283968 6868993.574154 656854.141031 6869003.057584 656849.141599 6869002.982231 656849.284536 6868993.498801 6.000000
775000 656867.063747 6868979.365256 656872.063179 6868979.440609 656871.827673 6868995.065700 656866.828241 6868994.990347 656867.063747 6868979.365256 6.000000
780000 656869.888450 6869033.104190 656869.737744 6869043.103054 656849.948894 6869042.804790 656850.099600 6869032.805926 656869.888450 6869033.104190 18.000000
780000 656867.196976 6868987.545295 656872.196408 6868987.620648 656871.826378 6869012.170957 656866.826946 6869012.095604 656867.196976 6868987.545295 6.000000
780000 656849.438525 6868981.051521 656854.437957 6868981.126874 656854.088121 6869004.337373 656849.088689 6869004.262020 656849.438525 6868981.051521 6.000000
785000 656869.888450 6869033.104190 656869.737744 6869043.103054 656849.948894 6869042.804790 656850.099600 6869032.805926 656869.888450 6869033.104190 18.000000
785000 656849.438525 6868981.051521 656854.437957 6868981.126874 656854.088121 6869004.337373 656849.088689 6869004.262020 656849.438525 6868981.051521 6.000000
785000 656871.768621 6868998.851099 656871.693268 6869003.850532 656859.852593 6869003.672065 656859.927946 6868998.672633 656871.768621 6868998.851099 6.000000
790000 656852.842698 6868993.021374 656862.841562 6868993.172080 656862.138424 6869039.823017 656852.139560 6869039.672311 656852.842698 6868993.021374 18.000000
795000 656850.875902 6868989.422669 656860.874766 6868989.573375 656860.445604 6869018.046924 656850.446740 6869017.896218 656850.875902 6868989.422669 18.000000
800000 656853.601809 6869001.283987 656863.600673 6869001.434693 656862.922690 6869046.416681 656852.923826 6869046.265975 656853.601809 6869001.283987 18.000000
805000 656871.385370 6868983.958523 656871.234664 6868993.957388 656850.834958 6868993.649917 656850.985664 6868983.651052 656871.385370 6868983.958523 18.000000
805000 656849.466350 6869019.518425 656859.465215 6869019.669132 656859.060602 6869046.513916 656849.061737 6869046.363210 656849.466350 6869019.518425 18.000000
810000 656853.962234 6868982.885869 656863.961098 6868983.036575 656863.366128 6869022.510932 656853.367264 6869022.360226 656853.962234 6868982.885869 18.000000
815000 656861.808677 6869014.108335 656871.807542 6869014.259041 656871.322332 6869046.451151 656861.323468 6869046.300445 656861.808677 6869014.108335 18.000000
815000 656870.815936 6868987.711570 656870.665230 6868997.710434 656849.485920 6868997.391213 656849.636626 6868987.392349 656870.815936 6868987.711570 18.000000
820000 656861.808677 6869014.108335 656871.807542 6869014.259041 656871.322332 6869046.451151 656861.323468 6869046.300445 656861.808677 6869014.108335 18.000000
820000 656870.815936 6868987.711570 656870.665230 6868997.710434 656849.485920 6868997.391213 656849.636626 6868987.392349 656870.815936 6868987.711570 18.000000
825000 656861.808677 6869014.108335 656871.807542 6869014.259041 656871.322332 6869046.451151 656861.323468 6869046.300445 656861.808677 6869014.108335 18.000000
825000 656870.815936 6868987.711570 656870.665230 6868997.710434 656849.485920 6868997.391213 656849.636626 6868987.392349 656870.815936 6868987.711570 18.000000
830000 656856.113934 6868980.554220 656866.112798 6868980.704926 656865.513381 6869020.474349 656855.514517 6869020.323643 656856.113934 6868980.554220 18.000000
835000 656854.090016 6868993.210486 656864.088880 6868993.361192 656863.445259 6869036.063368 656853.446395 6869035.912662 656854.090016 6868993.210486 18.000000
840000 656859.297584 6868987.387447 656869.296449 6868987.538153 656868.637099 6869031.283902 656858.638234 6869031.133196 656859.297584 6868987.387447 18.000000
840000 656871.525144 6869038.783766 656871.374438 6869048.782631 656849.541519 6869048.453558 656849.692225 6869038.454694 656871.525144 6869038.783766 18.000000
845000 656871.525144 6869038.783766 656871.374438 6869048.782631 656849.541519 6869048.453558 656849.692225 6869038.454694 656871.525144 6869038.783766 18.000000
845000 656857.967624 6868984.681417 656867.966488 6868984.832123 656867.231501 6869033.596195 656857.232636 6869033.445489 656857.967624 6868984.681417 18.000000
850000 656871.525144 6869038.783766 656871.374438 6869048.782631 656849.541519 6869048.453558 656849.692225 6869038.454694 656871.525144 6869038.783766 18.000000
850000 656868.884471 6869016.690925 656868.733765 6869026.689789 656849.299296 6869026.396867 656849.450002 6869016.398002 656868.884471 6869016.690925 18.000000
850000 656866.226755 6868976.645984 656871.226188 6868976.721337 656870.961446 6868994.286084 656865.962014 6868994.210731 656866.226755 6868976.645984 6.000000
855000 656871.525144 6869038.783766 656871.374438 6869048.782631 656849.541519 6869048.453558 656849.692225 6869038.454694 656871.525144 6869038.783766 18.000000
855000 656872.070187 6868992.358417 656871.994834 6868997.357849 656856.332864 6868997.121787 656856.408217 6868992.122355 656872.070187 6868992.358417 6.000000
855000 656871.558642 6869010.482114 656871.483289 6869015.481546 656857.381630 6869015.269001 656857.456984 6869010.269569 656871.558642 6869010.482114 6.000000
860000 656855.677996 6869003.118682 656865.676860 6869003.269388 656865.080435 6869042.840320 656855.081570 6869042.689614 656855.677996 6869003.118682 18.000000
860000 656872.140433 6868982.514553 656871.989727 6868992.513417 656851.579756 6868992.205791 656851.730462 6868982.206927 656872.140433 6868982.514553 18.000000
865000 656855.677996 6869003.118682 656865.676860 6869003.269388 656865.080435 6869042.840320 656855.081570 6869042.689614 656855.677996 6869003.118682 18.000000
865000 656872.140433 6868982.514553 656871.989727 6868992.513417 656851.579756 6868992.205791 656851.730462 6868982.206927 656872.140433 6868982.514553 18.000000
870000 656872.140433 6868982.514553 656871.989727 6868992.513417 656851.579756 6868992.205791 656851.730462 6868982.206927 656872.140433 6868982.514553 18.000000
870000 656871.940914 6868999.092925 656871.790208 6869009.091789 656849.802865 6869008.760389 656849.953571 6868998.761524 656871.940914 6868999.092925 18.000000
870000 656857.620370 6869031.683900 656857.545017 6869036.683332 656848.819928 6869036.551825 656848.895281 6869031.552393 656857.620370 6869031.683900 6.000000
875000 656871.824705 6868990.690250 656871.673999 6869000.689114 656849.949768 6869000.361680 656850.100474 6868990.362816 656871.824705 6868990.690250 18.000000
875000 656869.294980 6869014.118213 656869.144274 6869024.117077 656849.486473 6869023.820789 656849.637179 6869013.821924 656869.294980 6869014.118213 18.000000
880000 656871.824705 6868990.690250 656871.673999 6869000.689114 656849.949768 6869000.361680 656850.100474 6868990.362816 656871.824705 6868990.690250 18.000000
880000 656869.294980 6869014.118213 656869.144274 6869024.117077 656849.486473 6869023.820789 656849.637179 6869013.821924 656869.294980 6869014.118213 18.000000
880000 656856.246350 6869042.048946 656856.170997 6869047.048378 656848.789047 6869046.937115 656848.864400 6869041.937683 656856.246350 6869042.048946 6.000000
885000 656871.824705 6868990.690250 656871.673999 6869000.689114 656849.949768 6869000.361680 656850.100474 6868990.362816 656871.824705 6868990.690250 18.000000
885000 656849.457737 6869023.380327 656854.457169 6869023.455680 656854.104439 6869046.858186 656849.105007 6869046.782833 656849.457737 6869023.380327 6.000000
885000 656866.760882 6869029.742630 656871.760314 6869029.817983 656871.484478 6869048.118839 656866.485045 6869048.043486 656866.760882 6869029.742630 6.000000
890000 656871.824705 6868990.690250 656871.673999 6869000.689114 656849.949768 6869000.361680 656850.100474 6868990.362816 656871.824705 6868990.690250 18.000000
890000 656849.457737 6869023.380327 656854.457169 6869023.455680 656854.104439 6869046.858186 656849.105007 6869046.782833 656849.457737 6869023.380327 6.000000
890000 656866.760882 6869029.742630 656871.760314 6869029.817983 656871.484478 6869048.118839 656866.485045 6869048.043486 656866.760882 6869029.742630 6.000000
895000 656871.824705 6868990.690250 656871.673999 6869000.689114 656849.949768 6869000.361680 656850.100474 6868990.362816 656871.824705 6868990.690250 18.000000
900000 656856.055006 6868983.176756 656866.053870 6868983.327462 656865.359350 6869029.406682 656855.360485 6869029.255976 656856.055006 6868983.176756 18.000000
905000 656850.218342 6868982.504805 656860.217206 6868982.655511 656859.562742 6869026.077132 656849.563877 6869025.926426 656850.218342 6868982.504805 18.000000
910000 656856.798459 6868997.079886 656866.797323 6868997.230592 656866.222676 6869035.356600 656856.223811 6869035.205894 656856.798459 6868997.079886 18.000000
915000 656855.995332 6868988.170149 656865.994196 6868988.320856 656865.254642 6869037.387937 656855.255777 6869037.237231 656855.995332 6868988.170149 18.000000
920000 656855.063365 6869007.032337 656865.062229 6869007.183043 656864.490746 6869045.099136 656854.491881 6869044.948430 656855.063365 6869007.032337 18.000000
920000 656870.004443 6868978.974814 656869.853737 6868988.973678 656849.714424 6868988.670132 656849.865130 6868978.671268 656870.004443 6868978.974814 18.000000
925000 656855.063365 6869007.032337 656865.062229 6869007.183043 656864.490746 6869045.099136 656854.491881 6869044.948430 656855.063365 6869007.032337 18.000000
925000 656870.004443 6868978.974814 656869.853737 6868988.973678 656849.714424 6868988.670132 656849.865130 6868978.671268 656870.004443 6868978.974814 18.000000
930000 656855.063365 6869007.032337 656865.062229 6869007.183043 656864.490746 6869045.099136 656854.491881 6869044.948430 656855.063365 6869007.032337 18.000000
930000 656870.004443 6868978.974814 656869.853737 6868988.973678 656849.714424 6868988.670132 656849.865130 6868978.671268 656870.004443 6868978.974814 18.000000
935000 656855.063365 6869007.032337 656865.062229 6869007.183043 656864.490746 6869045.099136 656854.491881 6869044.948430 656855.063365 6869007.032337 18.000000
935000 656870.248770 6868978.448072 656870.098064 6868988.446936 656850.520512 6868988.151857 656850.671218 6868978.152992 656870.248770 6868978.448072 18.000000
940000 656855.063365 6869007.032337 656865.062229 6869007.183043 656864.490746 6869045.099136 656854.491881 6869044.948430 656855.063365 6869007.032337 18.000000
940000 656870.248770 6868978.448072 656870.098064 6868988.446936 656850.520512 6868988.151857 656850.671218 6868978.152992 656870.248770 6868978.448072 18.000000
945000 656855.063365 6869007.032337 656865.062229 6869007.183043 656864.490746 6869045.099136 656854.491881 6869044.948430 656855.063365 6869007.032337 18.000000
950000 656855.063365 6869007.032337 656865.062229 6869007.183043 656864.490746 6869045.099136 656854.491881 6869044.948430 656855.063365 6869007.032337 18.000000
950000 656872.034928 6868981.248737 656871.959575 6868986.248170 656856.525974 6868986.015549 656856.601327 6868981.016117 656872.034928 6868981.248737 6.000000
955000 656855.063365 6869007.032337 656865.062229 6869007.183043 656864.490746 6869045.099136 656854.491881 6869044.948430 656855.063365 6869007.032337 18.000000
955000 656872.034928 6868981.248737 656871.959575 6868986.248170 656856.525974 6868986.015549 656856.601327 6868981.016117 656872.034928 6868981.248737 6.000000
960000 656857.388811 6869001.369769 656867.387675 6869001.520475 656866.744425 6869044.198017 656856.745561 6869044.047311 656857.388811 6869001.369769 18.000000
960000 656871.908756 6868978.869108 656871.758050 6868988.867972 656849.580378 6868988.533703 656849.731085 6868978.534839 656871.908756 6868978.869108 18.000000
965000 656857.388811 6869001.369769 656867.387675 6869001.520475 656866.744425 6869044.198017 656856.745561 6869044.047311 656857.388811 6869001.369769 18.000000
965000 656871.908756 6868978.869108 656871.758050 6868988.867972 656849.580378 6868988.533703 656849.731085 6868978.534839 656871.908756 6868978.869108 18.000000
970000 656857.388811 6869001.369769 656867.387675 6869001.520475 656866.744425 6869044.198017 656856.745561 6869044.047311 656857.388811 6869001.369769 18.000000
970000 656871.908756 6868978.869108 656871.758050 6868988.867972 656849.580378 6868988.533703 656849.731085 6868978.534839 656871.908756 6868978.869108 18.000000
975000 656871.908756 6868978.869108 656871.758050 6868988.867972 656849.580378 6868988.533703 656849.731085 6868978.534839 656871.908756 6868978.869108 18.000000
975000 656871.538901 6869031.528765 656871.463548 6869036.528198 656848.915690 6869036.188349 656848.991043 6869031.188917 656871.538901 6869031.528765 6.000000
975000 656871.848981 6869008.963201 656871.773628 6869013.962633 656855.381637 6869013.715568 656855.456990 6869008.716136 656871.848981 6869008.963201 6.000000
980000 656871.908756 6868978.869108 656871.758050 6868988.867972 656849.580378 6868988.533703 656849.731085 6868978.534839 656871.908756 6868978.869108 18.000000
980000 656871.848981 6869008.963201 656871.773628 6869013.962633 656855.381637 6869013.715568 656855.456990 6869008.716136 656871.848981 6869008.963201 6.000000
980000 656866.890526 6869020.802364 656871.889958 6869020.877717 656871.773956 6869028.574063 656866.774524 6869028.498710 656866.890526 6869020.802364 6.000000
980000 656848.987527 6869027.637755 656853.986960 6869027.713108 656853.802437 6869039.955570 656848.803005 6869039.880217 656848.987527 6869027.637755 6.000000
985000 656871.908756 6868978.869108 656871.758050 6868988.867972 656849.580378 6868988.533703 656849.731085 6868978.534839 656871.908756 6868978.869108 18.000000
985000 656871.848981 6869008.963201 656871.773628 6869013.962633 656855.381637 6869013.715568 656855.456990 6869008.716136 656871.848981 6869008.963201 6.000000
985000 656848.987527 6869027.637755 656853.986960 6869027.713108 656853.802437 6869039.955570 656848.803005 6869039.880217 656848.987527 6869027.637755 6.000000
985000 656866.683586 6869023.980624 656871.683018 6869024.055977 656871.424368 6869041.216589 656866.424936 6869041.141236 656866.683586 6869023.980624 6.000000
990000 656871.908756 6868978.869108 656871.758050 6868988.867972 656849.580378 6868988.533703 656849.731085 6868978.534839 656871.908756 6868978.869108 18.000000
990000 656871.848981 6869008.963201 656871.773628 6869013.962633 656855.381637 6869013.715568 656855.456990 6869008.716136 656871.848981 6869008.963201 6.000000
990000 656848.987527 6869027.637755 656853.986960 6869027.713108 656853.802437 6869039.955570 656848.803005 6869039.880217 656848.987527 6869027.637755 6.000000
990000 656866.683586 6869023.980624 656871.683018 6869024.055977 656871.424368 6869041.216589 656866.424936 6869041.141236 656866.683586 6869023.980624 6.000000
995000 656871.908756 6868978.869108 656871.758050 6868988.867972 656849.580378 6868988.533703 656849.731085 6868978.534839 656871.908756 6868978.869108 18.000000
995000 656871.848981 6869008.963201 656871.773628 6869013.962633 656855.381637 6869013.715568 656855.456990 6869008.716136 656871.848981 6869008.963201 6.000000
995000 656848.987527 6869027.637755 656853.986960 6869027.713108 656853.802437 6869039.955570 656848.803005 6869039.880217 656848.987527 6869027.637755 6.000000
995000 656866.683586 6869023.980624 656871.683018 6869024.055977 656871.424368 6869041.216589 656866.424936 6869041.141236 656866.683586 6869023.980624 6.000000
1000000 656871.908756 6868978.869108 656871.758050 6868988.867972 656849.580378 6868988.533703 656849.731085 6868978.534839 656871.908756 6868978.869108 18.000000
1000000 656871.848981 6869008.963201 656871.773628 6869013.962633 656855.381637 6869013.715568 656855.456990 6869008.716136 656871.848981 6869008.963201 6.000000
1000000 656866.683586 6869023.980624 656871.683018 6869024.055977 656871.424368 6869041.216589 656866.424936 6869041.141236 656866.683586 6869023.980624 6.000000
1005000 656871.908756 6868978.869108 656871.758050 6868988.867972 656849.580378 6868988.533703 656849.731085 6868978.534839 656871.908756 6868978.869108 18.000000
1005000 656854.880113 6868994.049651 656864.878977 6868994.200357 656864.385296 6869026.954510 656854.386432 6869026.803804 656854.880113 6868994.049651 18.000000
1010000 656871.908756 6868978.869108 656871.758050 6868988.867972 656849.580378 6868988.533703 656849.731085 6868978.534839 656871.908756 6868978.869108 18.000000
1010000 656871.577710 6869031.710591 656871.427004 6869041.709455 656849.507678 6869041.379080 656849.658384 6869031.380216 656871.577710 6869031.710591 18.000000
1010000 656871.271734 6868996.943666 656871.121028 6869006.942531 656849.931550 6869006.623156 656850.082256 6868996.624292 656871.271734 6868996.943666 18.000000
1015000 656871.908756 6868978.869108 656871.758050 6868988.867972 656849.580378 6868988.533703 656849.731085 6868978.534839 656871.908756 6868978.869108 18.000000
1015000 656871.577710 6869031.710591 656871.427004 6869041.709455 656849.507678 6869041.379080 656849.658384 6869031.380216 656871.577710 6869031.710591 18.000000
1015000 656871.271734 6868996.943666 656871.121028 6869006.942531 656849.931550 6869006.623156 656850.082256 6868996.624292 656871.271734 6868996.943666 18.000000
1015552 656871.908756 6868978.869108 656871.758050 6868988.867972 656849.580378 6868988.533703 656849.731085 6868978.534839 656871.908756 6868978.869108 18.000000
1015552 656871.577710 6869031.710591 656871.427004 6869041.709455 656849.507678 6869041.379080 656849.658384 6869031.380216 656871.577710 6869031.710591 18.000000
1015552 656871.271734 6868996.943666 656871.121028 6869006.942531 656849.931550 6869006.623156 656850.082256 6868996.624292 656871.271734 6868996.943666 18.000000
1015552 656871.317982 6869015.316271 656871.167276 6869025.315135 656849.138468 6869024.983110 656849.289174 6869014.984246 656871.317982 6869015.316271 18.000000
