5000 656866.520302 6869029.174580 656871.519734 6869029.249933 656871.363138 6869039.639564 656866.363706 6869039.564211 656866.520302 6869029.174580 6.000000
5000 656862.447606 6868994.846001 656867.447038 6868994.921354 656867.127348 6869016.131777 656862.127916 6869016.056424 656862.447606 6868994.846001 6.000000
10000 656866.671869 6869014.086599 656871.671301 6869014.161952 656871.324849 6869037.147973 656866.325417 6869037.072620 656866.671869 6869014.086599 6.000000
10000 656865.427702 6868993.473725 656870.427134 6868993.549078 656870.261332 6869004.549564 656865.261899 6869004.474211 656865.427702 6868993.473725 6.000000
15000 656860.318497 6869018.496923 656870.317361 6869018.647629 656869.846666 6869049.876748 656859.847802 6869049.726042 656860.318497 6869018.496923 18.000000
15000 656858.286666 6869017.306636 656868.285530 6869017.457342 656867.791722 6869050.219947 656857.792857 6869050.069241 656858.286666 6869017.306636 18.000000
20000 656861.646952 6868996.895544 656871.645816 6868997.046250 656871.274195 6869021.702158 656861.275330 6869021.551452 656861.646952 6868996.895544 18.000000
25000 656855.407652 6868984.067613 656865.406516 6868984.218319 656864.939332 6869015.214537 656854.940467 6869015.063831 656855.407652 6868984.067613 18.000000
25000 656850.869145 6868997.139086 656860.868009 6868997.289792 656860.330489 6869032.952547 656850.331625 6869032.801841 656850.869145 6868997.139086 18.000000
30000 656870.594305 6868977.622658 656870.518952 6868982.622090 656851.776984 6868982.339605 656851.852337 6868977.340173 656870.594305 6868977.622658 6.000000
30000 656858.845055 6869034.031791 656863.844487 6869034.107144 656863.745783 6869040.655878 656858.746350 6869040.580525 656858.845055 6869034.031791 6.000000
35000 656850.597239 6868984.525239 656860.596103 6868984.675945 656859.946774 6869027.756862 656849.947909 6869027.606156 656850.597239 6868984.525239 18.000000
40000 656869.812192 6869035.694340 656869.661486 6869045.693205 656850.637313 6869045.406466 656850.788019 6869035.407602 656869.812192 6869035.694340 18.000000
40000 656852.223986 6868979.863415 656862.222850 6868980.014121 656861.495061 6869028.300603 656851.496196 6869028.149897 656852.223986 6868979.863415 18.000000
45000 656855.666496 6868989.933354 656865.665361 6868990.084060 656865.152418 6869024.116189 656855.153553 6869023.965483 656855.666496 6868989.933354 18.000000
50000 656861.951809 6868987.312087 656871.950673 6868987.462793 656871.266130 6869032.880077 656861.267265 6869032.729371 656861.951809 6868987.312087 18.000000
55000 656855.910718 6868992.200408 656865.909582 6868992.351114 656865.228747 6869037.522321 656855.229883 6869037.371615 656855.910718 6868992.200408 18.000000
65000 656869.719769 6868995.484964 656869.569063 6869005.483829 656850.268132 6869005.192919 656850.418838 6868995.194054 656869.719769 6868995.484964 18.000000
65000 656853.028204 6869030.450867 656858.027636 6869030.526220 656857.818597 6869044.395297 656852.819165 6869044.319944 656853.028204 6869030.450867 6.000000
70000 656871.369288 6868998.140913 656871.218582 6869008.139778 656850.539586 6869007.828097 656850.690292 6868997.829233 656871.369288 6868998.140913 18.000000
75000 656851.149320 6868982.971391 656861.148184 6868983.122097 656860.494908 6869026.464841 656850.496044 6869026.314135 656851.149320 6868982.971391 18.000000
80000 656849.738656 6868991.789720 656854.738088 6868991.865073 656854.581318 6869002.266238 656849.581886 6869002.190885 656849.738656 6868991.789720 6.000000
85000 656851.743160 6869011.451218 656861.742024 6869011.601924 656861.191789 6869048.108306 656851.192924 6869047.957600 656851.743160 6869011.451218 18.000000
90000 656871.702399 6869009.348571 656871.551693 6869019.347435 656850.513365 6869019.030339 656850.664071 6869009.031474 656871.702399 6869009.348571 18.000000
95000 656853.509465 6868990.826024 656863.508330 6868990.976730 656862.827028 6869036.178934 656852.828163 6869036.028228 656853.509465 6868990.826024 18.000000
100000 656854.043136 6869000.685713 656864.042000 6869000.836419 656863.326387 6869048.315092 656853.327522 6869048.164386 656854.043136 6869000.685713 18.000000
105000 656855.908930 6868979.441192 656865.907794 6868979.591898 656865.435995 6869010.894273 656855.437131 6869010.743567 656855.908930 6868979.441192 18.000000
110000 656854.157362 6868980.022084 656864.156226 6868980.172790 656863.559340 6869019.774253 656853.560476 6869019.623547 656854.157362 6868980.022084 18.000000
110000 656849.857505 6869010.770951 656859.856369 6869010.921657 656859.376955 6869042.729234 656849.378091 6869042.578528 656849.857505 6869010.770951 18.000000
115000 656854.743706 6868988.419021 656864.742571 6868988.569727 656864.074320 6869032.906010 656854.075456 6869032.755303 656854.743706 6868988.419021 18.000000
120000 656849.211545 6869017.137597 656854.210977 6869017.212950 656854.008254 6869030.662969 656849.008822 6869030.587616 656849.211545 6869017.137597 6.000000
125000 656860.760641 6868980.898729 656870.759505 6868981.049435 656870.158897 6869020.897895 656860.160033 6869020.747189 656860.760641 6868980.898729 18.000000
130000 656853.945278 6868979.671111 656863.944142 6868979.821817 656863.516348 6869008.204625 656853.517483 6869008.053919 656853.945278 6868979.671111 18.000000
135000 656859.422276 6868998.806313 656869.421141 6868998.957019 656868.787988 6869040.964674 656858.789124 6869040.813968 656859.422276 6868998.806313 18.000000
135000 656855.253425 6868994.861694 656865.252290 6868995.012400 656864.583095 6869039.411315 656854.584231 6869039.260609 656855.253425 6868994.861694 18.000000
140000 656860.378495 6868984.179019 656870.377359 6868984.329725 656869.998449 6869009.469177 656859.999585 6869009.318471 656860.378495 6868984.179019 18.000000
140000 656860.500548 6869042.626681 656860.425195 6869047.626113 656848.803276 6869047.450944 656848.878629 6869042.451512 656860.500548 6869042.626681 6.000000
145000 656857.612778 6868977.086635 656867.611643 6868977.237341 656866.905493 6869024.088145 656856.906628 6869023.937439 656857.612778 6868977.086635 18.000000
150000 656855.329150 6868981.505608 656865.328014 6868981.656314 656864.576154 6869031.539832 656854.577290 6869031.389126 656855.329150 6868981.505608 18.000000
155000 656854.281392 6868983.364624 656864.280256 6868983.515330 656863.575996 6869030.240703 656853.577132 6869030.089997 656854.281392 6868983.364624 18.000000
160000 656853.812836 6868985.245555 656863.811700 6868985.396261 656863.372779 6869014.517294 656853.373914 6869014.366588 656853.812836 6868985.245555 18.000000
165000 656855.362309 6868999.332610 656865.361173 6868999.483317 656864.715102 6869042.348024 656854.716238 6869042.197318 656855.362309 6868999.332610 18.000000
170000 656871.336960 6869037.930381 656871.186253 6869047.929245 656850.703823 6869047.620527 656850.854529 6869037.621663 656871.336960 6869037.930381 18.000000
170000 656852.165581 6868993.407236 656862.164445 6868993.557942 656861.651886 6869027.564610 656851.653022 6869027.413904 656852.165581 6868993.407236 18.000000
175000 656853.395170 6868990.190688 656863.394034 6868990.341394 656862.741301 6869033.648156 656852.742437 6869033.497450 656853.395170 6868990.190688 18.000000
180000 656857.597114 6869004.376898 656867.595978 6869004.527604 656867.253871 6869027.225354 656857.255006 6869027.074648 656857.597114 6869004.376898 18.000000
185000 656856.014689 6868985.284884 656866.013553 6868985.435590 656865.630924 6869010.821816 656855.632060 6869010.671110 656856.014689 6868985.284884 18.000000
190000 656853.207042 6869000.522322 656863.205906 6869000.673028 656862.599587 6869040.900338 656852.600723 6869040.749632 656853.207042 6869000.522322 18.000000
195000 656871.218495 6869036.104863 656871.067789 6869046.103727 656848.858989 6869045.768989 656849.009695 6869035.770125 656871.218495 6869036.104863 18.000000
195000 656858.847580 6868989.225175 656868.846444 6868989.375881 656868.204045 6869031.997044 656858.205180 6869031.846338 656858.847580 6868989.225175 18.000000
200000 656866.609161 6869022.422378 656871.608593 6869022.497731 656871.306695 6869042.527739 656866.307263 6869042.452386 656866.609161 6869022.422378 6.000000
205000 656865.260829 6868978.411398 656865.185476 6868983.410830 656849.539836 6868983.175014 656849.615189 6868978.175582 656865.260829 6868978.411398 6.000000
205000 656871.977394 6868989.589715 656871.902041 6868994.589147 656855.324841 6868994.339290 656855.400194 6868989.339858 656871.977394 6868989.589715 6.000000
205000 656849.172555 6869020.282976 656854.171987 6869020.358329 656853.824277 6869043.427757 656848.824845 6869043.352404 656849.172555 6869020.282976 6.000000
205000 656871.672921 6869019.405371 656871.597568 6869024.404803 656860.697728 6869024.240518 656860.773081 6869019.241085 656871.672921 6869019.405371 6.000000
210000 656858.843325 6868988.391488 656868.842190 6868988.542194 656868.434695 6869015.578132 656858.435831 6869015.427426 656858.843325 6868988.391488 18.000000
210000 656857.705941 6869038.509550 656857.630588 6869043.508982 656850.330711 6869043.398956 656850.406064 6869038.399524 656857.705941 6869038.509550 6.000000
215000 656857.700407 6869006.113984 656867.699271 6869006.264690 656867.202629 6869039.215318 656857.203765 6869039.064612 656857.700407 6869006.113984 18.000000
220000 656855.739589 6868999.587418 656865.738453 6868999.738124 656865.205197 6869035.117990 656855.206332 6869034.967284 656855.739589 6868999.587418 18.000000
225000 656870.243440 6869034.793562 656870.092734 6869044.792427 656850.028940 6869044.490019 656850.179646 6869034.491154 656870.243440 6869034.793562 18.000000
225000 656863.021677 6868991.865093 656862.946324 6868996.864525 656849.417547 6868996.660615 656849.492900 6868991.661183 656863.021677 6868991.865093 6.000000
230000 656858.029487 6869004.286814 656868.028351 6869004.437520 656867.526060 6869037.762958 656857.527195 6869037.612252 656858.029487 6869004.286814 18.000000
230000 656871.660381 6868986.695455 656871.509675 6868996.694319 656849.976056 6868996.369758 656850.126762 6868986.370893 656871.660381 6868986.695455 18.000000
235000 656854.938073 6868983.996768 656864.936938 6868984.147474 656864.323416 6869024.852664 656854.324552 6869024.701958 656854.938073 6868983.996768 18.000000
240000 656859.199185 6868983.957729 656869.198049 6868984.108435 656868.509692 6869029.778723 656858.510827 6869029.628017 656859.199185 6868983.957729 18.000000
245000 656852.068831 6869008.327062 656862.067695 6869008.477768 656861.568929 6869041.569291 656851.570065 6869041.418585 656852.068831 6869008.327062 18.000000
250000 656861.875329 6869043.607074 656861.799976 6869048.606506 656848.890691 6869048.411933 656848.966044 6869043.412501 656861.875329 6869043.607074 6.000000
250000 656870.224165 6869010.001222 656870.073459 6869020.000086 656850.140902 6869019.699657 656850.291608 6869009.700792 656870.224165 6869010.001222 18.000000
255000 656871.752645 6869003.416927 656871.601939 6869013.415791 656849.421085 6869013.081474 656849.571791 6869003.082610 656871.752645 6869003.416927 18.000000
255000 656868.685247 6869036.337473 656868.609894 6869041.336905 656859.772173 6869041.203700 656859.847526 6869036.204268 656868.685247 6869036.337473 6.000000
260000 656851.854806 6868990.784202 656861.853671 6868990.934908 656861.219853 6869032.986700 656851.220988 6869032.835994 656851.854806 6868990.784202 18.000000
265000 656855.122586 6868980.441474 656865.121451 6868980.592180 656864.474272 6869023.530392 656854.475408 6869023.379686 656855.122586 6868980.441474 18.000000
270000 656857.327492 6869012.992770 656867.326356 6869013.143476 656866.843929 6869045.150965 656856.845065 6869045.000259 656857.327492 6869012.992770 18.000000
270000 656870.583372 6868982.177609 656870.432666 6868992.176474 656850.082460 6868991.869749 656850.233166 6868981.870885 656870.583372 6868982.177609 18.000000
275000 656850.594651 6868984.451465 656860.593516 6868984.602171 656860.091059 6869017.938557 656850.092195 6869017.787851 656850.594651 6868984.451465 18.000000
280000 656860.880262 6869004.230172 656870.879126 6869004.380878 656870.197442 6869049.608457 656860.198577 6869049.457751 656860.880262 6869004.230172 18.000000
285000 656859.163925 6869010.058169 656869.162789 6869010.208875 656868.730104 6869038.916158 656858.731239 6869038.765452 656859.163925 6869010.058169 18.000000
290000 656849.345550 6869009.881844 656859.344415 6869010.032550 656858.807155 6869045.678034 656848.808290 6869045.527328 656849.345550 6869009.881844 18.000000
295000 656865.788377 6869033.302165 656865.713024 6869038.301597 656849.160167 6869038.052107 656849.235520 6869033.052675 656865.788377 6869033.302165 6.000000
295000 656849.558969 6868996.410575 656854.558401 6868996.485928 656854.320663 6869012.259053 656849.321231 6869012.183700 656849.558969 6868996.410575 6.000000
300000 656853.115096 6868999.287720 656863.113961 6868999.438426 656862.385348 6869047.779538 656852.386484 6869047.628832 656853.115096 6868999.287720 18.000000
300000 656861.386395 6868977.369492 656871.385259 6868977.520198 656871.137178 6868993.979614 656861.138314 6868993.828908 656861.386395 6868977.369492 18.000000
305000 656850.057486 6868994.413290 656855.056918 6868994.488643 656854.821916 6869010.080248 656849.822484 6869010.004895 656850.057486 6868994.413290 6.000000
310000 656870.510783 6868983.067969 656870.360076 6868993.066833 656851.063256 6868992.775985 656851.213962 6868982.777121 656870.510783 6868983.067969 18.000000
310000 656849.882477 6869016.577689 656854.881909 6869016.653042 656854.570918 6869037.286311 656849.571486 6869037.210958 656849.882477 6869016.577689 6.000000
315000 656870.094562 6869005.701241 656869.943856 6869015.700105 656850.487274 6869015.406849 656850.637980 6869005.407985 656870.094562 6869005.701241 18.000000
315000 656871.491710 6868986.682277 656871.341004 6868996.681141 656852.126133 6868996.391529 656852.276839 6868986.392664 656871.491710 6868986.682277 18.000000
315000 656869.963152 6869044.658960 656869.887799 6869049.658392 656854.295126 6869049.423374 656854.370479 6869044.423942 656869.963152 6869044.658960 6.000000
320000 656867.026403 6868989.109886 656872.025835 6868989.185239 656871.853574 6869000.614166 656866.854142 6869000.538813 656867.026403 6868989.109886 6.000000
320000 656849.572063 6869003.641649 656854.571496 6869003.717002 656854.232760 6869026.190995 656849.233328 6869026.115642 656849.572063 6869003.641649 6.000000
325000 656859.323385 6868978.519134 656869.322249 6868978.669840 656868.575936 6869028.185317 656858.577072 6869028.034611 656859.323385 6868978.519134 18.000000
330000 656859.450168 6868978.053372 656869.449032 6868978.204078 656868.831829 6869019.153487 656858.832965 6869019.002781 656859.450168 6868978.053372 18.000000
335000 656852.153551 6868983.536639 656862.152415 6868983.687345 656861.405499 6869033.242872 656851.406634 6869033.092166 656852.153551 6868983.536639 18.000000
340000 656861.659233 6868992.681729 656871.658097 6868992.832435 656870.986164 6869037.413026 656860.987300 6869037.262320 656861.659233 6868992.681729 18.000000
345000 656850.566853 6869008.879699 656860.565717 6869009.030405 656860.213982 6869032.366893 656850.215118 6869032.216187 656850.566853 6869008.879699 18.000000
350000 656860.668919 6869016.892793 656870.667784 6869017.043499 656870.244861 6869045.103045 656860.245997 6869044.952339 656860.668919 6869016.892793 18.000000
350000 656871.129179 6868987.577563 656870.978473 6868997.576427 656849.279928 6868997.249380 656849.430634 6868987.250516 656871.129179 6868987.577563 18.000000
355000 656852.647522 6868993.370356 656862.646386 6868993.521062 656861.931132 6869040.975871 656851.932268 6869040.825165 656852.647522 6868993.370356 18.000000
360000 656850.873247 6868991.903207 656860.872112 6868992.053913 656860.203997 6869036.381172 656850.205133 6869036.230466 656850.873247 6868991.903207 18.000000
365000 656851.690496 6868979.823483 656861.689360 6868979.974189 656861.189107 6869013.164353 656851.190243 6869013.013647 656851.690496 6868979.823483 18.000000
370000 656861.344245 6868998.094052 656871.343109 6868998.244758 656870.650512 6869044.196371 656860.651647 6869044.045665 656861.344245 6868998.094052 18.000000
375000 656858.561984 6868992.925777 656868.560848 6868993.076483 656867.825649 6869041.854601 656857.826784 6869041.703895 656858.561984 6868992.925777 18.000000
380000 656853.944836 6868994.808376 656863.943701 6868994.959082 656863.410692 6869030.322513 656853.411828 6869030.171807 656853.944836 6868994.808376 18.000000
385000 656860.085824 6868981.887727 656870.084688 6868982.038433 656869.414100 6869026.529847 656859.415235 6869026.379141 656860.085824 6868981.887727 18.000000
390000 656861.625697 6868987.786981 656871.624562 6868987.937687 656871.031072 6869027.313827 656861.032207 6869027.163121 656861.625697 6868987.786981 18.000000
395000 656871.709121 6869042.995791 656871.633768 6869047.995223 656861.243335 6869047.838615 656861.318688 6869042.839183 656871.709121 6869042.995791 6.000000
395000 656866.514725 6869010.974026 656871.514157 6869011.049379 656871.143863 6869035.617243 656866.144431 6869035.541890 656866.514725 6869010.974026 6.000000
400000 656858.200314 6868990.772799 656868.199179 6868990.923505 656867.456889 6869040.172009 656857.458025 6869040.021303 656858.200314 6868990.772799 18.000000
405000 656850.927869 6868994.360197 656860.926733 6868994.510903 656860.301715 6869035.978845 656850.302851 6869035.828139 656850.927869 6868994.360197 18.000000
410000 656851.788905 6868979.439986 656861.787769 6868979.590692 656861.103937 6869024.960795 656851.105073 6869024.810089 656851.788905 6868979.439986 18.000000
415000 656870.214662 6869034.957356 656870.063956 6869044.956220 656850.575666 6869044.662486 656850.726372 6869034.663622 656870.214662 6869034.957356 18.000000
415000 656866.933006 6869001.519860 656871.932438 6869001.595213 656871.851738 6869006.949346 656866.852306 6869006.873993 656866.933006 6869001.519860 6.000000
415000 656849.524807 6868988.229221 656854.524239 6868988.304574 656854.297144 6869003.371575 656849.297712 6869003.296222 656849.524807 6868988.229221 6.000000
420000 656860.090255 6868979.225112 656870.089120 6868979.375818 656869.409845 6869024.443492 656859.410981 6869024.292786 656860.090255 6868979.225112 18.000000
425000 656855.811725 6868979.955518 656865.810589 6868980.106224 656865.080261 6869028.561133 656855.081397 6869028.410427 656855.811725 6868979.955518 18.000000
430000 656849.571086 6868992.557142 656859.569950 6868992.707848 656858.852248 6869040.325081 656848.853383 6869040.174375 656849.571086 6868992.557142 18.000000
435000 656871.267369 6869036.796534 656871.116662 6869046.795398 656849.906968 6869046.475719 656850.057675 6869036.476855 656871.267369 6869036.796534 18.000000
435000 656855.092441 6868981.938002 656865.091306 6868982.088708 656864.569593 6869016.702688 656854.570729 6869016.551982 656855.092441 6868981.938002 18.000000
440000 656849.469408 6869026.164122 656854.468840 6869026.239475 656854.157492 6869046.896433 656849.158060 6869046.821080 656849.469408 6869026.164122 6.000000
440000 656849.566042 6868996.802091 656854.565475 6868996.877444 656854.292898 6869014.962046 656849.293466 6869014.886693 656849.566042 6868996.802091 6.000000
445000 656856.981306 6868991.685012 656866.980171 6868991.835718 656866.226781 6869041.820668 656856.227917 6869041.669962 656856.981306 6868991.685012 18.000000
450000 656851.242494 6868978.280712 656861.241358 6868978.431418 656860.529697 6869025.647834 656850.530833 6869025.497128 656851.242494 6868978.280712 18.000000
450000 656871.325286 6869038.171453 656871.174580 6869048.170317 656849.470627 6869047.843188 656849.621333 6869037.844324 656871.325286 6869038.171453 18.000000
455000 656851.476589 6868985.103908 656861.475453 6868985.254614 656860.822047 6869028.605980 656850.823183 6869028.455274 656851.476589 6868985.103908 18.000000
460000 656849.674722 6869019.030965 656854.674154 6869019.106318 656854.323082 6869042.398863 656849.323650 6869042.323510 656849.674722 6869019.030965 6.000000
460000 656866.777191 6869025.111000 656871.776624 6869025.186353 656871.504358 6869043.250289 656866.504926 6869043.174936 656866.777191 6869025.111000 6.000000
460000 656871.836650 6868984.978371 656871.685944 6868994.977236 656852.904790 6868994.694160 656853.055496 6868984.695296 656871.836650 6868984.978371 18.000000
465000 656871.769507 6869033.223642 656871.618801 6869043.222506 656849.336664 6869042.886663 656849.487371 6869032.887799 656871.769507 6869033.223642 18.000000
465000 656851.772641 6868985.885423 656861.771505 6868986.036129 656861.268581 6869019.403517 656851.269717 6869019.252811 656851.772641 6868985.885423 18.000000
470000 656871.769507 6869033.223642 656871.618801 6869043.222506 656849.336664 6869042.886663 656849.487371 6869032.887799 656871.769507 6869033.223642 18.000000
470000 656861.176568 6868984.644504 656871.175432 6868984.795211 656870.514291 6869028.659789 656860.515427 6869028.509083 656861.176568 6868984.644504 18.000000
475000 656852.184435 6868981.547933 656862.183299 6868981.698639 656861.638461 6869017.846887 656851.639597 6869017.696181 656852.184435 6868981.547933 18.000000
475000 656862.819136 6869037.257344 656862.743783 6869042.256776 656848.976893 6869042.049277 656849.052246 6869037.049845 656862.819136 6869037.257344 6.000000
480000 656857.255900 6868988.350409 656867.254764 6868988.501115 656866.618143 6869030.738926 656856.619278 6869030.588219 656857.255900 6868988.350409 18.000000
485000 656856.152541 6868981.775429 656866.151406 6868981.926135 656865.613806 6869017.594167 656855.614942 6869017.443461 656856.152541 6868981.775429 18.000000
490000 656853.768053 6868979.333770 656863.766917 6868979.484476 656863.122423 6869022.244637 656853.123558 6869022.093931 656853.768053 6868979.333770 18.000000
495000 656862.011550 6868981.761285 656872.010414 6868981.911991 656871.301011 6869028.978646 656861.302146 6869028.827940 656862.011550 6868981.761285 18.000000
500000 656870.756418 6869040.156435 656870.605712 6869050.155299 656848.721829 6869049.825458 656848.872535 6869039.826594 656870.756418 6869040.156435 18.000000
500000 656851.574266 6868994.905801 656861.573131 6868995.056507 656861.061124 6869029.026531 656851.062259 6869028.875825 656851.574266 6868994.905801 18.000000
505000 656853.026302 6868980.829876 656863.025166 6868980.980582 656862.286071 6869030.017158 656852.287207 6869029.866452 656853.026302 6868980.829876 18.000000
510000 656849.513336 6868996.408278 656854.512768 6868996.483631 656854.245487 6869014.216866 656849.246055 6869014.141513 656849.513336 6868996.408278 6.000000
510000 656849.259731 6869023.593678 656854.259163 6869023.669031 656854.079846 6869035.566129 656849.080414 6869035.490776 656849.259731 6869023.593678 6.000000
515000 656860.109473 6868996.744951 656870.108337 6868996.895657 656869.400052 6869043.888131 656859.401187 6869043.737425 656860.109473 6868996.744951 18.000000
520000 656849.614703 6868980.180316 656859.613567 6868980.331022 656858.865841 6869029.940281 656848.866977 6869029.789575 656849.614703 6868980.180316 18.000000
520000 656872.023905 6869007.608406 656871.948552 6869012.607838 656866.810877 6869012.530402 656866.886230 6869007.530969 656872.023905 6869007.608406 6.000000
525000 656853.869561 6868989.253934 656863.868426 6868989.404640 656863.116219 6869039.311125 656853.117355 6869039.160419 656853.869561 6868989.253934 18.000000
530000 656871.683942 6869039.178588 656871.533236 6869049.177452 656850.510651 6869048.860593 656850.661357 6869038.861729 656871.683942 6869039.178588 18.000000
530000 656870.696735 6869022.809155 656870.546029 6869032.808019 656850.544948 6869032.506556 656850.695654 6869022.507692 656870.696735 6869022.809155 18.000000
535000 656858.309521 6869009.189167 656858.234168 6869014.188599 656849.225004 6869014.052810 656849.300357 6869009.053378 656858.309521 6869009.189167 6.000000
540000 656849.270663 6869007.956993 656854.270095 6869008.032346 656854.035913 6869023.569573 656849.036481 6869023.494220 656849.270663 6869007.956993 6.000000
540000 656871.562184 6869034.695323 656871.486831 6869039.694755 656855.578226 6869039.454976 656855.653579 6869034.455543 656871.562184 6869034.695323 6.000000
540000 656865.931821 6868987.081677 656865.856468 6868992.081109 656849.755853 6868991.838435 656849.831206 6868986.839003 656865.931821 6868987.081677 6.000000
545000 656852.588950 6869002.002230 656862.587815 6869002.152936 656861.871078 6869049.706087 656851.872214 6869049.555381 656852.588950 6869002.002230 18.000000
545000 656872.053190 6868980.973198 656871.902484 6868990.972063 656851.163090 6868990.659472 656851.313796 6868980.660608 656872.053190 6868980.973198 18.000000
550000 656872.053190 6868980.973198 656871.902484 6868990.972063 656851.163090 6868990.659472 656851.313796 6868980.660608 656872.053190 6868980.973198 18.000000
550000 656857.990569 6869009.024429 656867.989434 6869009.175135 656867.407888 6869047.758830 656857.409024 6869047.608124 656857.990569 6869009.024429 18.000000
555000 656861.714627 6868985.630638 656871.713492 6868985.781344 656870.985646 6869034.071599 656860.986781 6869033.920893 656861.714627 6868985.630638 18.000000
560000 656849.233071 6869009.226028 656859.231935 6869009.376734 656858.893966 6869031.799929 656848.895102 6869031.649223 656849.233071 6869009.226028 18.000000
565000 656854.653454 6868990.737478 656864.652318 6868990.888184 656863.899200 6869040.855165 656853.900336 6869040.704459 656854.653454 6868990.737478 18.000000
575000 656866.851508 6869026.560683 656871.850940 6869026.636036 656871.553461 6869046.372826 656866.554029 6869046.297473 656866.851508 6869026.560683 6.000000
575000 656866.824661 6869004.686166 656871.824093 6869004.761519 656871.625274 6869017.952519 656866.625842 6869017.877166 656866.824661 6869004.686166 6.000000
575000 656849.624736 6869021.332209 656854.624168 6869021.407562 656854.270043 6869044.902582 656849.270611 6869044.827229 656849.624736 6869021.332209 6.000000
575000 656872.103528 6868983.346878 656872.028175 6868988.346311 656855.981927 6868988.104456 656856.057280 6868983.105024 656872.103528 6868983.346878 6.000000
580000 656866.851508 6869026.560683 656871.850940 6869026.636036 656871.553461 6869046.372826 656866.554029 6869046.297473 656866.851508 6869026.560683 6.000000
580000 656849.393181 6868978.892332 656854.392613 6868978.967685 656854.152620 6868994.890493 656849.153188 6868994.815140 656849.393181 6868978.892332 6.000000
580000 656849.132461 6869024.673911 656854.131893 6869024.749264 656853.806551 6869046.334619 656848.807119 6869046.259266 656849.132461 6869024.673911 6.000000
580000 656871.679080 6869008.678083 656871.603727 6869013.677515 656858.085899 6869013.473770 656858.161252 6869008.474338 656871.679080 6869008.678083 6.000000
585000 656849.393181 6868978.892332 656854.392613 6868978.967685 656854.152620 6868994.890493 656849.153188 6868994.815140 656849.393181 6868978.892332 6.000000
585000 656867.143631 6868979.570864 656872.143063 6868979.646217 656871.944476 6868992.821828 656866.945044 6868992.746475 656867.143631 6868979.570864 6.000000
585000 656866.620153 6869020.382808 656871.619585 6869020.458161 656871.263285 6869044.097514 656866.263853 6869044.022161 656866.620153 6869020.382808 6.000000
590000 656854.826455 6868983.059293 656864.825319 6868983.209999 656864.124449 6869029.710504 656854.125584 6869029.559798 656854.826455 6868983.059293 18.000000
595000 656871.585278 6868987.546815 656871.434572 6868997.545679 656850.026310 6868997.223007 656850.177016 6868987.224143 656871.585278 6868987.546815 18.000000
595000 656850.952116 6869024.180956 656855.951548 6869024.256309 656855.706691 6869040.501808 656850.707259 6869040.426455 656850.952116 6869024.180956 6.000000
600000 656854.521097 6868991.709356 656864.519962 6868991.860062 656863.822816 6869038.113432 656853.823952 6869037.962726 656854.521097 6868991.709356 18.000000
605000 656857.657574 6868988.885170 656867.656439 6868989.035876 656866.959013 6869035.307825 656856.960149 6869035.157119 656857.657574 6868988.885170 18.000000
610000 656849.504980 6869003.606603 656859.503845 6869003.757309 656858.890568 6869044.446274 656848.891703 6869044.295567 656849.504980 6869003.606603 18.000000
615000 656853.172180 6868980.329986 656863.171045 6868980.480692 656862.465262 6869027.307151 656852.466397 6869027.156445 656853.172180 6868980.329986 18.000000
620000 656871.242010 6869030.609397 656871.091304 6869040.608262 656849.138789 6869040.277387 656849.289495 6869030.278522 656871.242010 6869030.609397 18.000000
620000 656860.058230 6868982.986167 656870.057094 6868983.136873 656869.575916 6869015.061519 656859.577051 6869014.910813 656860.058230 6868982.986167 18.000000
625000 656871.242010 6869030.609397 656871.091304 6869040.608262 656849.138789 6869040.277387 656849.289495 6869030.278522 656871.242010 6869030.609397 18.000000
625000 656855.883753 6868994.217446 656865.882618 6868994.368152 656865.388828 6869027.129532 656855.389963 6869026.978826 656855.883753 6868994.217446 18.000000
630000 656856.242693 6868985.245307 656866.241557 6868985.396013 656865.752610 6869017.836058 656855.753746 6869017.685352 656856.242693 6868985.245307 18.000000
630000 656871.132070 6869038.242358 656870.981364 6869048.241222 656849.714102 6869047.920675 656849.864808 6869037.921811 656871.132070 6869038.242358 18.000000
635000 656856.242693 6868985.245307 656866.241557 6868985.396013 656865.752610 6869017.836058 656855.753746 6869017.685352 656856.242693 6868985.245307 18.000000
635000 656871.132070 6869038.242358 656870.981364 6869048.241222 656849.714102 6869047.920675 656849.864808 6869037.921811 656871.132070 6869038.242358 18.000000
640000 656849.683382 6868994.129805 656859.682246 6868994.280511 656858.997844 6869039.688363 656848.998980 6869039.537657 656849.683382 6868994.129805 18.000000
645000 656856.683587 6868983.572589 656866.682451 6868983.723295 656866.031970 6869026.880623 656856.033106 6869026.729917 656856.683587 6868983.572589 18.000000
650000 656872.216231 6868978.540668 656872.065525 6868988.539532 656849.392796 6868988.197802 656849.543502 6868978.198937 656872.216231 6868978.540668 18.000000
650000 656870.397181 6869001.404092 656870.246475 6869011.402956 656849.013023 6869011.082919 656849.163729 6869001.084055 656870.397181 6869001.404092 18.000000
655000 656872.216231 6868978.540668 656872.065525 6868988.539532 656849.392796 6868988.197802 656849.543502 6868978.198937 656872.216231 6868978.540668 18.000000
655000 656860.584165 6868997.971973 656870.583029 6868998.122679 656869.951235 6869040.040144 656859.952371 6869039.889438 656860.584165 6868997.971973 18.000000
660000 656872.216231 6868978.540668 656872.065525 6868988.539532 656849.392796 6868988.197802 656849.543502 6868978.198937 656872.216231 6868978.540668 18.000000
660000 656860.584165 6868997.971973 656870.583029 6868998.122679 656869.951235 6869040.040144 656859.952371 6869039.889438 656860.584165 6868997.971973 18.000000
665000 656872.216231 6868978.540668 656872.065525 6868988.539532 656849.392796 6868988.197802 656849.543502 6868978.198937 656872.216231 6868978.540668 18.000000
665000 656856.792260 6869004.603013 656866.791125 6869004.753719 656866.182304 6869045.146996 656856.183440 6869044.996290 656856.792260 6869004.603013 18.000000
670000 656872.216231 6868978.540668 656872.065525 6868988.539532 656849.392796 6868988.197802 656849.543502 6868978.198937 656872.216231 6868978.540668 18.000000
670000 656856.792260 6869004.603013 656866.791125 6869004.753719 656866.182304 6869045.146996 656856.183440 6869044.996290 656856.792260 6869004.603013 18.000000
675000 656872.216231 6868978.540668 656872.065525 6868988.539532 656849.392796 6868988.197802 656849.543502 6868978.198937 656872.216231 6868978.540668 18.000000
675000 656856.792260 6869004.603013 656866.791125 6869004.753719 656866.182304 6869045.146996 656856.183440 6869044.996290 656856.792260 6869004.603013 18.000000
680000 656856.792260 6869004.603013 656866.791125 6869004.753719 656866.182304 6869045.146996 656856.183440 6869044.996290 656856.792260 6869004.603013 18.000000
680000 656871.570094 6868980.464530 656871.419388 6868990.463394 656849.380243 6868990.131213 656849.530949 6868980.132349 656871.570094 6868980.464530 18.000000
685000 656856.792260 6869004.603013 656866.791125 6869004.753719 656866.182304 6869045.146996 656856.183440 6869044.996290 656856.792260 6869004.603013 18.000000
685000 656871.570094 6868980.464530 656871.419388 6868990.463394 656849.380243 6868990.131213 656849.530949 6868980.132349 656871.570094 6868980.464530 18.000000
690000 656871.859459 6868997.763892 656871.708753 6869007.762757 656849.085126 6869007.421766 656849.235832 6868997.422902 656871.859459 6868997.763892 18.000000
690000 656871.806310 6869035.355704 656871.730957 6869040.355136 656860.549355 6869040.186604 656860.624708 6869035.187172 656871.806310 6869035.355704 6.000000
695000 656871.859459 6868997.763892 656871.708753 6869007.762757 656849.085126 6869007.421766 656849.235832 6868997.422902 656871.859459 6868997.763892 18.000000
695000 656848.958404 6869032.733134 656853.957836 6869032.808487 656853.749078 6869046.658910 656848.749646 6869046.583557 656848.958404 6869032.733134 6.000000
700000 656871.859459 6868997.763892 656871.708753 6869007.762757 656849.085126 6869007.421766 656849.235832 6868997.422902 656871.859459 6868997.763892 18.000000
700000 656871.687890 6869040.141501 656871.612537 6869045.140933 656856.324152 6869044.910501 656856.399505 6869039.911069 656871.687890 6869040.141501 6.000000
705000 656861.216441 6868978.143057 656871.215306 6868978.293763 656870.476794 6869027.291644 656860.477930 6869027.140938 656861.216441 6868978.143057 18.000000
710000 656871.868155 6868987.643415 656871.717449 6868997.642280 656849.466485 6868997.306906 656849.617191 6868987.308042 656871.868155 6868987.643415 18.000000
710000 656852.662235 6869008.298787 656862.661100 6869008.449493 656862.122506 6869044.183440 656852.123642 6869044.032734 656852.662235 6869008.298787 18.000000
715000 656871.868155 6868987.643415 656871.717449 6868997.642280 656849.466485 6868997.306906 656849.617191 6868987.308042 656871.868155 6868987.643415 18.000000
715000 656871.122729 6869005.641244 656870.972023 6869015.640108 656849.706747 6869015.319591 656849.857453 6869005.320727 656871.122729 6869005.641244 18.000000
720000 656871.122729 6869005.641244 656870.972023 6869015.640108 656849.706747 6869015.319591 656849.857453 6869005.320727 656871.122729 6869005.641244 18.000000
720000 656871.682136 6869027.564939 656871.531429 6869037.563803 656850.728306 6869037.250252 656850.879012 6869027.251387 656871.682136 6869027.564939 18.000000
720000 656871.581938 6868989.617707 656871.431232 6868999.616571 656850.216250 6868999.296812 656850.366956 6868989.297948 656871.581938 6868989.617707 18.000000
725000 656871.122729 6869005.641244 656870.972023 6869015.640108 656849.706747 6869015.319591 656849.857453 6869005.320727 656871.122729 6869005.641244 18.000000
725000 656871.682136 6869027.564939 656871.531429 6869037.563803 656850.728306 6869037.250252 656850.879012 6869027.251387 656871.682136 6869027.564939 18.000000
725000 656871.581938 6868989.617707 656871.431232 6868999.616571 656850.216250 6868999.296812 656850.366956 6868989.297948 656871.581938 6868989.617707 18.000000
730000 656871.122729 6869005.641244 656870.972023 6869015.640108 656849.706747 6869015.319591 656849.857453 6869005.320727 656871.122729 6869005.641244 18.000000
730000 656871.682136 6869027.564939 656871.531429 6869037.563803 656850.728306 6869037.250252 656850.879012 6869027.251387 656871.682136 6869027.564939 18.000000
730000 656871.581938 6868989.617707 656871.431232 6868999.616571 656850.216250 6868999.296812 656850.366956 6868989.297948 656871.581938 6868989.617707 18.000000
735000 656871.122729 6869005.641244 656870.972023 6869015.640108 656849.706747 6869015.319591 656849.857453 6869005.320727 656871.122729 6869005.641244 18.000000
735000 656871.682136 6869027.564939 656871.531429 6869037.563803 656850.728306 6869037.250252 656850.879012 6869027.251387 656871.682136 6869027.564939 18.000000
735000 656871.581938 6868989.617707 656871.431232 6868999.616571 656850.216250 6868999.296812 656850.366956 6868989.297948 656871.581938 6868989.617707 18.000000
740000 656871.122729 6869005.641244 656870.972023 6869015.640108 656849.706747 6869015.319591 656849.857453 6869005.320727 656871.122729 6869005.641244 18.000000
740000 656871.682136 6869027.564939 656871.531429 6869037.563803 656850.728306 6869037.250252 656850.879012 6869027.251387 656871.682136 6869027.564939 18.000000
740000 656871.591734 6868990.002864 656871.441028 6869000.001728 656849.837098 6868999.676107 656849.987804 6868989.677243 656871.591734 6868990.002864 18.000000
745000 656871.122729 6869005.641244 656870.972023 6869015.640108 656849.706747 6869015.319591 656849.857453 6869005.320727 656871.122729 6869005.641244 18.000000
745000 656871.682136 6869027.564939 656871.531429 6869037.563803 656850.728306 6869037.250252 656850.879012 6869027.251387 656871.682136 6869027.564939 18.000000
745000 656871.591734 6868990.002864 656871.441028 6869000.001728 656849.837098 6868999.676107 656849.987804 6868989.677243 656871.591734 6868990.002864 18.000000
750000 656871.122729 6869005.641244 656870.972023 6869015.640108 656849.706747 6869015.319591 656849.857453 6869005.320727 656871.122729 6869005.641244 18.000000
750000 656871.591734 6868990.002864 656871.441028 6869000.001728 656849.837098 6868999.676107 656849.987804 6868989.677243 656871.591734 6868990.002864 18.000000
750000 656871.404422 6869034.224761 656871.253716 6869044.223626 656848.939348 6869043.887296 656849.090054 6869033.888432 656871.404422 6869034.224761 18.000000
755000 656871.122729 6869005.641244 656870.972023 6869015.640108 656849.706747 6869015.319591 656849.857453 6869005.320727 656871.122729 6869005.641244 18.000000
755000 656871.591734 6868990.002864 656871.441028 6869000.001728 656849.837098 6868999.676107 656849.987804 6868989.677243 656871.591734 6868990.002864 18.000000
755000 656871.404422 6869034.224761 656871.253716 6869044.223626 656848.939348 6869043.887296 656849.090054 6869033.888432 656871.404422 6869034.224761 18.000000
760000 656871.122729 6869005.641244 656870.972023 6869015.640108 656849.706747 6869015.319591 656849.857453 6869005.320727 656871.122729 6869005.641244 18.000000
760000 656871.591734 6868990.002864 656871.441028 6869000.001728 656849.837098 6868999.676107 656849.987804 6868989.677243 656871.591734 6868990.002864 18.000000
760000 656871.404422 6869034.224761 656871.253716 6869044.223626 656848.939348 6869043.887296 656849.090054 6869033.888432 656871.404422 6869034.224761 18.000000
765000 656871.122729 6869005.641244 656870.972023 6869015.640108 656849.706747 6869015.319591 656849.857453 6869005.320727 656871.122729 6869005.641244 18.000000
765000 656871.591734 6868990.002864 656871.441028 6869000.001728 656849.837098 6868999.676107 656849.987804 6868989.677243 656871.591734 6868990.002864 18.000000
765000 656871.404422 6869034.224761 656871.253716 6869044.223626 656848.939348 6869043.887296 656849.090054 6869033.888432 656871.404422 6869034.224761 18.000000
770000 656871.122729 6869005.641244 656870.972023 6869015.640108 656849.706747 6869015.319591 656849.857453 6869005.320727 656871.122729 6869005.641244 18.000000
770000 656871.591734 6868990.002864 656871.441028 6869000.001728 656849.837098 6868999.676107 656849.987804 6868989.677243 656871.591734 6868990.002864 18.000000
770000 656871.404422 6869034.224761 656871.253716 6869044.223626 656848.939348 6869043.887296 656849.090054 6869033.888432 656871.404422 6869034.224761 18.000000
775000 656871.122729 6869005.641244 656870.972023 6869015.640108 656849.706747 6869015.319591 656849.857453 6869005.320727 656871.122729 6869005.641244 18.000000
775000 656871.591734 6868990.002864 656871.441028 6869000.001728 656849.837098 6868999.676107 656849.987804 6868989.677243 656871.591734 6868990.002864 18.000000
775000 656871.404422 6869034.224761 656871.253716 6869044.223626 656848.939348 6869043.887296 656849.090054 6869033.888432 656871.404422 6869034.224761 18.000000
780000 656871.122729 6869005.641244 656870.972023 6869015.640108 656849.706747 6869015.319591 656849.857453 6869005.320727 656871.122729 6869005.641244 18.000000
780000 656871.591734 6868990.002864 656871.441028 6869000.001728 656849.837098 6868999.676107 656849.987804 6868989.677243 656871.591734 6868990.002864 18.000000
780000 656871.404422 6869034.224761 656871.253716 6869044.223626 656848.939348 6869043.887296 656849.090054 6869033.888432 656871.404422 6869034.224761 18.000000
785000 656871.122729 6869005.641244 656870.972023 6869015.640108 656849.706747 6869015.319591 656849.857453 6869005.320727 656871.122729 6869005.641244 18.000000
785000 656871.591734 6868990.002864 656871.441028 6869000.001728 656849.837098 6868999.676107 656849.987804 6868989.677243 656871.591734 6868990.002864 18.000000
785000 656871.404422 6869034.224761 656871.253716 6869044.223626 656848.939348 6869043.887296 656849.090054 6869033.888432 656871.404422 6869034.224761 18.000000
790000 656871.122729 6869005.641244 656870.972023 6869015.640108 656849.706747 6869015.319591 656849.857453 6869005.320727 656871.122729 6869005.641244 18.000000
790000 656871.591734 6868990.002864 656871.441028 6869000.001728 656849.837098 6868999.676107 656849.987804 6868989.677243 656871.591734 6868990.002864 18.000000
790000 656871.404422 6869034.224761 656871.253716 6869044.223626 656848.939348 6869043.887296 656849.090054 6869033.888432 656871.404422 6869034.224761 18.000000
795000 656871.122729 6869005.641244 656870.972023 6869015.640108 656849.706747 6869015.319591 656849.857453 6869005.320727 656871.122729 6869005.641244 18.000000
795000 656871.591734 6868990.002864 656871.441028 6869000.001728 656849.837098 6868999.676107 656849.987804 6868989.677243 656871.591734 6868990.002864 18.000000
795000 656871.404422 6869034.224761 656871.253716 6869044.223626 656848.939348 6869043.887296 656849.090054 6869033.888432 656871.404422 6869034.224761 18.000000
800000 656871.122729 6869005.641244 656870.972023 6869015.640108 656849.706747 6869015.319591 656849.857453 6869005.320727 656871.122729 6869005.641244 18.000000
800000 656871.404422 6869034.224761 656871.253716 6869044.223626 656848.939348 6869043.887296 656849.090054 6869033.888432 656871.404422 6869034.224761 18.000000
800000 656871.462066 6868980.209781 656871.311360 6868990.208645 656849.739169 6868989.883502 656849.889875 6868979.884638 656871.462066 6868980.209781 18.000000
805000 656871.122729 6869005.641244 656870.972023 6869015.640108 656849.706747 6869015.319591 656849.857453 6869005.320727 656871.122729 6869005.641244 18.000000
805000 656871.404422 6869034.224761 656871.253716 6869044.223626 656848.939348 6869043.887296 656849.090054 6869033.888432 656871.404422 6869034.224761 18.000000
805000 656871.462066 6868980.209781 656871.311360 6868990.208645 656849.739169 6868989.883502 656849.889875 6868979.884638 656871.462066 6868980.209781 18.000000
810000 656871.122729 6869005.641244 656870.972023 6869015.640108 656849.706747 6869015.319591 656849.857453 6869005.320727 656871.122729 6869005.641244 18.000000
810000 656871.404422 6869034.224761 656871.253716 6869044.223626 656848.939348 6869043.887296 656849.090054 6869033.888432 656871.404422 6869034.224761 18.000000
810000 656871.462066 6868980.209781 656871.311360 6868990.208645 656849.739169 6868989.883502 656849.889875 6868979.884638 656871.462066 6868980.209781 18.000000
815000 656871.122729 6869005.641244 656870.972023 6869015.640108 656849.706747 6869015.319591 656849.857453 6869005.320727 656871.122729 6869005.641244 18.000000
815000 656871.462066 6868980.209781 656871.311360 6868990.208645 656849.739169 6868989.883502 656849.889875 6868979.884638 656871.462066 6868980.209781 18.000000
815000 656871.049958 6869030.482871 656870.899252 6869040.481735 656849.428003 6869040.158114 656849.578709 6869030.159250 656871.049958 6869030.482871 18.000000
820000 656871.122729 6869005.641244 656870.972023 6869015.640108 656849.706747 6869015.319591 656849.857453 6869005.320727 656871.122729 6869005.641244 18.000000
820000 656871.462066 6868980.209781 656871.311360 6868990.208645 656849.739169 6868989.883502 656849.889875 6868979.884638 656871.462066 6868980.209781 18.000000
820000 656871.049958 6869030.482871 656870.899252 6869040.481735 656849.428003 6869040.158114 656849.578709 6869030.159250 656871.049958 6869030.482871 18.000000
825000 656871.122729 6869005.641244 656870.972023 6869015.640108 656849.706747 6869015.319591 656849.857453 6869005.320727 656871.122729 6869005.641244 18.000000
825000 656871.462066 6868980.209781 656871.311360 6868990.208645 656849.739169 6868989.883502 656849.889875 6868979.884638 656871.462066 6868980.209781 18.000000
825000 656871.049958 6869030.482871 656870.899252 6869040.481735 656849.428003 6869040.158114 656849.578709 6869030.159250 656871.049958 6869030.482871 18.000000
830000 656871.122729 6869005.641244 656870.972023 6869015.640108 656849.706747 6869015.319591 656849.857453 6869005.320727 656871.122729 6869005.641244 18.000000
830000 656871.462066 6868980.209781 656871.311360 6868990.208645 656849.739169 6868989.883502 656849.889875 6868979.884638 656871.462066 6868980.209781 18.000000
830000 656871.049958 6869030.482871 656870.899252 6869040.481735 656849.428003 6869040.158114 656849.578709 6869030.159250 656871.049958 6869030.482871 18.000000
835000 656871.122729 6869005.641244 656870.972023 6869015.640108 656849.706747 6869015.319591 656849.857453 6869005.320727 656871.122729 6869005.641244 18.000000
835000 656871.462066 6868980.209781 656871.311360 6868990.208645 656849.739169 6868989.883502 656849.889875 6868979.884638 656871.462066 6868980.209781 18.000000
835000 656871.049958 6869030.482871 656870.899252 6869040.481735 656849.428003 6869040.158114 656849.578709 6869030.159250 656871.049958 6869030.482871 18.000000
840000 656871.122729 6869005.641244 656870.972023 6869015.640108 656849.706747 6869015.319591 656849.857453 6869005.320727 656871.122729 6869005.641244 18.000000
840000 656871.462066 6868980.209781 656871.311360 6868990.208645 656849.739169 6868989.883502 656849.889875 6868979.884638 656871.462066 6868980.209781 18.000000
840000 656871.049958 6869030.482871 656870.899252 6869040.481735 656849.428003 6869040.158114 656849.578709 6869030.159250 656871.049958 6869030.482871 18.000000
845000 656871.122729 6869005.641244 656870.972023 6869015.640108 656849.706747 6869015.319591 656849.857453 6869005.320727 656871.122729 6869005.641244 18.000000
845000 656871.462066 6868980.209781 656871.311360 6868990.208645 656849.739169 6868989.883502 656849.889875 6868979.884638 656871.462066 6868980.209781 18.000000
845000 656871.049958 6869030.482871 656870.899252 6869040.481735 656849.428003 6869040.158114 656849.578709 6869030.159250 656871.049958 6869030.482871 18.000000
850000 656871.122729 6869005.641244 656870.972023 6869015.640108 656849.706747 6869015.319591 656849.857453 6869005.320727 656871.122729 6869005.641244 18.000000
850000 656871.462066 6868980.209781 656871.311360 6868990.208645 656849.739169 6868989.883502 656849.889875 6868979.884638 656871.462066 6868980.209781 18.000000
850000 656870.962518 6869034.720487 656870.811812 6869044.719351 656849.219005 6869044.393898 656849.369711 6869034.395033 656870.962518 6869034.720487 18.000000
855000 656871.122729 6869005.641244 656870.972023 6869015.640108 656849.706747 6869015.319591 656849.857453 6869005.320727 656871.122729 6869005.641244 18.000000
855000 656871.462066 6868980.209781 656871.311360 6868990.208645 656849.739169 6868989.883502 656849.889875 6868979.884638 656871.462066 6868980.209781 18.000000
855000 656870.962518 6869034.720487 656870.811812 6869044.719351 656849.219005 6869044.393898 656849.369711 6869034.395033 656870.962518 6869034.720487 18.000000
860000 656871.122729 6869005.641244 656870.972023 6869015.640108 656849.706747 6869015.319591 656849.857453 6869005.320727 656871.122729 6869005.641244 18.000000
860000 656871.462066 6868980.209781 656871.311360 6868990.208645 656849.739169 6868989.883502 656849.889875 6868979.884638 656871.462066 6868980.209781 18.000000
860000 656870.962518 6869034.720487 656870.811812 6869044.719351 656849.219005 6869044.393898 656849.369711 6869034.395033 656870.962518 6869034.720487 18.000000
865000 656871.462066 6868980.209781 656871.311360 6868990.208645 656849.739169 6868989.883502 656849.889875 6868979.884638 656871.462066 6868980.209781 18.000000
865000 656870.962518 6869034.720487 656870.811812 6869044.719351 656849.219005 6869044.393898 656849.369711 6869034.395033 656870.962518 6869034.720487 18.000000
865000 656871.485331 6868996.949602 656871.334625 6869006.948467 656849.629197 6869006.621316 656849.779903 6868996.622451 656871.485331 6868996.949602 18.000000
870000 656871.462066 6868980.209781 656871.311360 6868990.208645 656849.739169 6868989.883502 656849.889875 6868979.884638 656871.462066 6868980.209781 18.000000
870000 656870.962518 6869034.720487 656870.811812 6869044.719351 656849.219005 6869044.393898 656849.369711 6869034.395033 656870.962518 6869034.720487 18.000000
870000 656871.485331 6868996.949602 656871.334625 6869006.948467 656849.629197 6869006.621316 656849.779903 6868996.622451 656871.485331 6868996.949602 18.000000
875000 656871.462066 6868980.209781 656871.311360 6868990.208645 656849.739169 6868989.883502 656849.889875 6868979.884638 656871.462066 6868980.209781 18.000000
875000 656870.962518 6869034.720487 656870.811812 6869044.719351 656849.219005 6869044.393898 656849.369711 6869034.395033 656870.962518 6869034.720487 18.000000
875000 656871.485331 6868996.949602 656871.334625 6869006.948467 656849.629197 6869006.621316 656849.779903 6868996.622451 656871.485331 6868996.949602 18.000000
880000 656871.462066 6868980.209781 656871.311360 6868990.208645 656849.739169 6868989.883502 656849.889875 6868979.884638 656871.462066 6868980.209781 18.000000
880000 656870.962518 6869034.720487 656870.811812 6869044.719351 656849.219005 6869044.393898 656849.369711 6869034.395033 656870.962518 6869034.720487 18.000000
880000 656871.485331 6868996.949602 656871.334625 6869006.948467 656849.629197 6869006.621316 656849.779903 6868996.622451 656871.485331 6868996.949602 18.000000
881401 656871.462066 6868980.209781 656871.311360 6868990.208645 656849.739169 6868989.883502 656849.889875 6868979.884638 656871.462066 6868980.209781 18.000000
881401 656870.962518 6869034.720487 656870.811812 6869044.719351 656849.219005 6869044.393898 656849.369711 6869034.395033 656870.962518 6869034.720487 18.000000
881401 656871.485331 6868996.949602 656871.334625 6869006.948467 656849.629197 6869006.621316 656849.779903 6868996.622451 656871.485331 6868996.949602 18.000000
881401 656871.155387 6869018.773594 656871.004681 6869028.772458 656849.764605 6869028.452321 656849.915311 6869018.453457 656871.155387 6869018.773594 18.000000
