5000 656851.843890 6869002.301782 656856.843322 6869002.377135 656856.761614 6869007.798212 656851.762182 6869007.722859 656851.843890 6869002.301782 6.000000
5000 656856.533989 6869014.901496 656861.533421 6869014.976849 656861.320934 6869029.074661 656856.321502 6869028.999308 656856.533989 6869014.901496 6.000000
10000 656858.418493 6869010.739789 656868.417357 6869010.890495 656867.954120 6869041.624818 656857.955255 6869041.474112 656858.418493 6869010.739789 18.000000
15000 656871.202580 6869015.405467 656871.051874 6869025.404331 656849.407794 6869025.078105 656849.558500 6869015.079240 656871.202580 6869015.405467 18.000000
15000 656862.887579 6869034.363964 656862.812226 6869039.363396 656849.763368 6869039.166720 656849.838721 6869034.167288 656862.887579 6869034.363964 6.000000
20000 656866.467432 6868992.259705 656871.466864 6868992.335058 656871.373011 6868998.561913 656866.373579 6868998.486560 656866.467432 6868992.259705 6.000000
20000 656855.306906 6869015.825616 656860.306338 6869015.900969 656860.055906 6869032.516325 656855.056474 6869032.440972 656855.306906 6869015.825616 6.000000
25000 656851.848785 6869016.303327 656861.847649 6869016.454033 656861.464920 6869041.846894 656851.466056 6869041.696188 656851.848785 6869016.303327 18.000000
30000 656859.846453 6868989.418217 656869.845317 6868989.568923 656869.173829 6869034.120004 656859.174965 6869033.969298 656859.846453 6868989.418217 18.000000
35000 656852.452908 6869001.354934 656862.451772 6869001.505640 656861.914626 6869037.143579 656851.915762 6869036.992873 656852.452908 6869001.354934 18.000000
40000 656851.724485 6869006.851555 656861.723349 6869007.002261 656861.195437 6869042.027537 656851.196573 6869041.876831 656851.724485 6869006.851555 18.000000
45000 656852.972375 6869002.314598 656862.971240 6869002.465304 656862.496327 6869033.974233 656852.497463 6869033.823527 656852.972375 6869002.314598 18.000000
50000 656855.400709 6868982.611856 656865.399573 6868982.762562 656864.647775 6869032.641992 656854.648910 6869032.491286 656855.400709 6868982.611856 18.000000
60000 656871.488292 6868980.810786 656871.412939 6868985.810218 656857.599460 6868985.602017 656857.674813 6868980.602585 656871.488292 6868980.810786 6.000000
60000 656869.839986 6869004.121491 656869.689280 6869014.120355 656849.427885 6869013.814969 656849.578591 6869003.816105 656869.839986 6869004.121491 18.000000
65000 656871.398102 6869039.387433 656871.247395 6869049.386297 656848.890749 6869049.049330 656849.041455 6869039.050466 656871.398102 6869039.387433 18.000000
65000 656871.199251 6869007.937002 656871.123898 6869012.936435 656862.021452 6869012.799240 656862.096805 6869007.799807 656871.199251 6869007.937002 6.000000
70000 656853.235706 6869000.186369 656863.234571 6869000.337075 656862.781440 6869030.400842 656852.782576 6869030.250136 656853.235706 6869000.186369 18.000000
75000 656855.459659 6868996.825502 656865.458524 6868996.976208 656864.923694 6869032.460421 656854.924830 6869032.309715 656855.459659 6868996.825502 18.000000
80000 656871.557795 6869031.249893 656871.482442 6869036.249325 656853.998263 6869035.985798 656854.073616 6869030.986366 656871.557795 6869031.249893 6.000000
80000 656870.325899 6868994.235018 656870.175193 6869004.233882 656852.444078 6869003.966633 656852.594784 6868993.967769 656870.325899 6868994.235018 18.000000
80000 656867.438724 6868983.317972 656867.288018 6868993.316836 656852.286837 6868993.090734 656852.437543 6868983.091869 656867.438724 6868983.317972 18.000000
85000 656858.333580 6868986.997424 656868.332444 6868987.148130 656867.617703 6869034.568936 656857.618839 6869034.418230 656858.333580 6868986.997424 18.000000
90000 656849.372816 6868995.609926 656854.372249 6868995.685279 656854.114004 6869012.818954 656849.114572 6869012.743601 656849.372816 6868995.609926 6.000000
90000 656859.724862 6868988.945437 656864.724294 6868989.020790 656864.458428 6869006.660197 656859.458995 6869006.584844 656859.724862 6868988.945437 6.000000
95000 656862.461803 6868989.935561 656862.386450 6868994.934993 656849.178492 6868994.735918 656849.253845 6868989.736486 656862.461803 6868989.935561 6.000000
95000 656849.789301 6869002.130312 656854.788734 6869002.205665 656854.528383 6869019.479105 656849.528951 6869019.403752 656849.789301 6869002.130312 6.000000
95000 656859.615027 6868983.963241 656859.539674 6868988.962674 656850.552328 6868988.827213 656850.627681 6868983.827781 656859.615027 6868983.963241 6.000000
100000 656853.833376 6868994.958520 656863.832240 6868995.109227 656863.104814 6869043.371612 656853.105950 6869043.220906 656853.833376 6868994.958520 18.000000
105000 656860.350305 6869011.697803 656870.349170 6869011.848509 656869.939199 6869039.048764 656859.940334 6869038.898058 656860.350305 6869011.697803 18.000000
105000 656854.181821 6868983.658376 656864.180685 6868983.809082 656864.000009 6868995.796361 656854.001145 6868995.645655 656854.181821 6868983.658376 18.000000
110000 656855.471230 6868993.628656 656865.470094 6868993.779363 656864.765362 6869040.536085 656854.766497 6869040.385378 656855.471230 6868993.628656 18.000000
115000 656861.295262 6868975.887650 656871.294127 6868976.038356 656870.619633 6869020.788857 656860.620769 6869020.638151 656861.295262 6868975.887650 18.000000
120000 656857.271003 6868998.310524 656867.269867 6868998.461230 656866.588109 6869043.693667 656856.589245 6869043.542961 656857.271003 6868998.310524 18.000000
125000 656860.722396 6868975.519527 656870.721260 6868975.670233 656870.045608 6869020.497582 656860.046744 6869020.346876 656860.722396 6868975.519527 18.000000
130000 656856.963554 6869013.879748 656866.962418 6869014.030454 656866.488957 6869045.443039 656856.490093 6869045.292333 656856.963554 6869013.879748 18.000000
135000 656850.055627 6868995.400686 656855.055059 6868995.476039 656854.934934 6869003.445987 656849.935502 6869003.370634 656850.055627 6868995.400686 6.000000
140000 656849.113300 6869031.337607 656854.112732 6869031.412960 656853.888792 6869046.270657 656848.889360 6869046.195304 656849.113300 6869031.337607 6.000000
140000 656863.358441 6868975.290260 656863.283088 6868980.289692 656850.260610 6868980.093413 656850.335963 6868975.093981 656863.358441 6868975.290260 6.000000
145000 656859.827327 6869023.049629 656869.826192 6869023.200335 656869.441923 6869048.695359 656859.443058 6869048.544653 656859.827327 6869023.049629 18.000000
145000 656861.070776 6868994.541850 656860.995422 6868999.541283 656854.632504 6868999.445379 656854.707857 6868994.445946 656861.070776 6868994.541850 6.000000
150000 656866.929907 6869004.917691 656871.929339 6869004.993045 656871.711033 6869019.476958 656866.711601 6869019.401605 656866.929907 6869004.917691 6.000000
150000 656849.796931 6868979.656878 656859.795796 6868979.807584 656859.218231 6869018.127171 656849.219366 6869017.976465 656849.796931 6868979.656878 18.000000
155000 656851.794718 6868993.027484 656861.793582 6868993.178190 656861.458418 6869015.415226 656851.459554 6869015.264520 656851.794718 6868993.027484 18.000000
160000 656854.175516 6868992.475082 656864.174380 6868992.625788 656863.829222 6869015.525913 656853.830358 6869015.375207 656854.175516 6868992.475082 18.000000
165000 656851.432861 6868980.389265 656861.431725 6868980.539972 656860.703914 6869028.827933 656850.705049 6869028.677227 656851.432861 6868980.389265 18.000000
170000 656866.823180 6868980.637617 656871.822612 6868980.712970 656871.583071 6868996.605746 656866.583639 6868996.530393 656866.823180 6868980.637617 6.000000
175000 656850.747199 6868997.669955 656860.746063 6868997.820661 656860.029462 6869045.364851 656850.030598 6869045.214145 656850.747199 6868997.669955 18.000000
180000 656870.774466 6868999.545891 656870.623760 6869009.544755 656849.332874 6869009.223852 656849.483580 6868999.224988 656870.774466 6868999.545891 18.000000
185000 656849.220734 6869033.260442 656854.220166 6869033.335795 656854.022163 6869046.472681 656849.022731 6869046.397328 656849.220734 6869033.260442 6.000000
185000 656861.219883 6868988.144240 656871.218747 6868988.294946 656870.867691 6869011.586435 656860.868826 6869011.435728 656861.219883 6868988.144240 18.000000
185000 656871.485012 6869018.640924 656871.334306 6869028.639788 656850.485284 6869028.325545 656850.635990 6869018.326681 656871.485012 6869018.640924 18.000000
190000 656850.385189 6868991.197462 656860.384053 6868991.348168 656859.650353 6869040.026841 656849.651488 6869039.876135 656850.385189 6868991.197462 18.000000
195000 656869.768491 6869031.879051 656869.617785 6869041.877915 656850.246826 6869041.585950 656850.397532 6869031.587086 656869.768491 6869031.879051 18.000000
195000 656869.388536 6869013.692193 656869.237830 6869023.691057 656850.425670 6869023.407514 656850.576376 6869013.408650 656869.388536 6869013.692193 18.000000
200000 656851.631425 6868996.679788 656861.630290 6868996.830494 656861.085192 6869032.995947 656851.086328 6869032.845241 656851.631425 6868996.679788 18.000000
205000 656855.787934 6869006.003373 656865.786798 6869006.154079 656865.170316 6869047.055713 656855.171452 6869046.905007 656855.787934 6869006.003373 18.000000
210000 656866.660373 6869028.414148 656871.659805 6869028.489501 656871.436664 6869043.294190 656866.437232 6869043.218837 656866.660373 6869028.414148 6.000000
210000 656849.105092 6869026.316858 656854.104525 6869026.392211 656853.793507 6869047.027217 656848.794075 6869046.951864 656849.105092 6869026.316858 6.000000
210000 656869.585955 6868991.827769 656869.435249 6869001.826633 656851.283800 6869001.553049 656851.434506 6868991.554185 656869.585955 6868991.827769 18.000000
215000 656849.235389 6869007.958041 656854.234822 6869008.033394 656853.932398 6869028.098255 656848.932965 6869028.022902 656849.235389 6869007.958041 6.000000
215000 656869.217295 6869032.934173 656869.141942 6869037.933605 656852.553361 6869037.683577 656852.628714 6869032.684145 656869.217295 6869032.934173 6.000000
220000 656849.199595 6869022.524329 656859.198459 6869022.675035 656858.936472 6869040.057048 656848.937607 6869039.906342 656849.199595 6869022.524329 18.000000
225000 656849.781212 6869023.890594 656854.780645 6869023.965947 656854.510210 6869041.908402 656849.510778 6869041.833049 656849.781212 6869023.890594 6.000000
230000 656858.010714 6869004.461366 656868.009578 6869004.612072 656867.601714 6869031.672518 656857.602850 6869031.521812 656858.010714 6869004.461366 18.000000
235000 656856.524217 6869013.945050 656866.523081 6869014.095756 656866.034515 6869046.510552 656856.035651 6869046.359846 656856.524217 6869013.945050 18.000000
240000 656854.597869 6868985.470006 656864.596733 6868985.620712 656863.873994 6869033.572171 656853.875130 6869033.421465 656854.597869 6868985.470006 18.000000
245000 656870.975882 6868977.915039 656870.825176 6868987.913904 656850.140086 6868987.602131 656850.290792 6868977.603267 656870.975882 6868977.915039 18.000000
245000 656852.914345 6868995.318270 656862.913209 6868995.468976 656862.184266 6869043.832005 656852.185402 6869043.681299 656852.914345 6868995.318270 18.000000
250000 656871.460857 6869038.706779 656871.310151 6869048.705644 656849.170548 6869048.371949 656849.321254 6869038.373084 656871.460857 6869038.706779 18.000000
250000 656852.873671 6868978.493035 656862.872535 6868978.643741 656862.237710 6869020.762349 656852.238846 6869020.611643 656852.873671 6868978.493035 18.000000
255000 656858.520309 6868991.703193 656868.519173 6868991.853899 656867.907386 6869032.443987 656857.908522 6869032.293281 656858.520309 6868991.703193 18.000000
260000 656849.674535 6868981.305584 656859.673399 6868981.456291 656859.013137 6869025.262536 656849.014273 6869025.111830 656849.674535 6868981.305584 18.000000
265000 656856.860151 6868992.471533 656866.859015 6868992.622239 656866.462890 6869018.903823 656856.464026 6869018.753117 656856.860151 6868992.471533 18.000000
265000 656853.278887 6868977.290776 656863.277752 6868977.441482 656862.772972 6869010.931991 656852.774108 6869010.781285 656853.278887 6868977.290776 18.000000
270000 656850.887603 6868992.798060 656860.886468 6868992.948766 656860.427602 6869023.393032 656850.428738 6869023.242326 656850.887603 6868992.798060 18.000000
275000 656871.193330 6868984.818524 656871.042624 6868994.817389 656850.803769 6868994.512342 656850.954475 6868984.513478 656871.193330 6868984.818524 18.000000
275000 656855.812201 6869001.870960 656865.811065 6869002.021666 656865.240991 6869039.844259 656855.242127 6869039.693553 656855.812201 6869001.870960 18.000000
280000 656871.067771 6868987.429525 656870.917065 6868997.428389 656849.614951 6868997.107317 656849.765657 6868987.108453 656871.067771 6868987.429525 18.000000
280000 656858.864908 6869002.982963 656868.863772 6869003.133669 656868.352370 6869037.063572 656858.353505 6869036.912866 656858.864908 6869002.982963 18.000000
285000 656860.865070 6869011.227061 656870.863934 6869011.377767 656870.294081 6869049.185684 656860.295217 6869049.034978 656860.865070 6869011.227061 18.000000
290000 656860.225607 6868994.062505 656870.224471 6868994.213211 656869.648018 6869032.459025 656859.649154 6869032.308319 656860.225607 6868994.062505 18.000000
295000 656854.442147 6869006.822647 656864.441012 6869006.973353 656863.816865 6869048.383471 656853.818001 6869048.232765 656854.442147 6869006.822647 18.000000
300000 656851.816921 6868999.772123 656861.815786 6868999.922829 656861.064896 6869049.741950 656851.066032 6869049.591244 656851.816921 6868999.772123 18.000000
305000 656861.965468 6869000.267195 656871.964332 6869000.417901 656871.348307 6869041.289208 656861.349442 6869041.138502 656861.965468 6869000.267195 18.000000
310000 656856.943882 6868979.932870 656866.942747 6868980.083576 656866.200058 6869029.358581 656856.201194 6869029.207875 656856.943882 6868979.932870 18.000000
315000 656849.616761 6868997.253384 656854.616193 6868997.328737 656854.335257 6869015.967916 656849.335825 6869015.892563 656849.616761 6868997.253384 6.000000
315000 656866.743577 6868984.889350 656871.743010 6868984.964703 656871.393613 6869008.146053 656866.394181 6869008.070700 656866.743577 6868984.889350 6.000000
320000 656869.809716 6868993.194427 656869.659010 6869003.193291 656850.160346 6869002.899401 656850.311052 6868992.900537 656869.809716 6868993.194427 18.000000
320000 656858.401858 6869036.665626 656858.326505 6869041.665058 656848.841482 6869041.522097 656848.916835 6869036.522665 656858.401858 6869036.665626 6.000000
325000 656857.971264 6868994.035139 656867.970128 6868994.185845 656867.274596 6869040.332186 656857.275731 6869040.181480 656857.971264 6868994.035139 18.000000
330000 656861.850910 6868978.527899 656871.849775 6868978.678605 656871.122868 6869026.906508 656861.124004 6869026.755801 656861.850910 6868978.527899 18.000000
335000 656850.990248 6868999.060566 656860.989112 6868999.211272 656860.288485 6869045.695617 656850.289621 6869045.544911 656850.990248 6868999.060566 18.000000
340000 656850.954068 6868990.258487 656860.952932 6868990.409193 656860.243784 6869037.458862 656850.244920 6869037.308156 656850.954068 6868990.258487 18.000000
345000 656852.598398 6868985.305024 656862.597262 6868985.455730 656861.862667 6869034.193777 656851.863803 6869034.043071 656852.598398 6868985.305024 18.000000
350000 656854.221344 6869003.852568 656864.220209 6869004.003274 656863.658164 6869041.293158 656853.659299 6869041.142451 656854.221344 6869003.852568 18.000000
355000 656857.582719 6868997.361294 656867.581584 6868997.512000 656866.884011 6869043.793721 656856.885146 6869043.643015 656857.582719 6868997.361294 18.000000
360000 656872.140308 6868975.253172 656871.989602 6868985.252036 656850.730647 6868984.931614 656850.881353 6868974.932750 656872.140308 6868975.253172 18.000000
365000 656858.322564 6869006.423188 656868.321428 6869006.573894 656867.819279 6869039.889909 656857.820414 6869039.739203 656858.322564 6869006.423188 18.000000
365000 656869.636130 6868988.475530 656869.485424 6868998.474395 656849.550220 6868998.173925 656849.700926 6868988.175061 656869.636130 6868988.475530 18.000000
370000 656849.719844 6868985.734332 656859.718708 6868985.885038 656859.180145 6869021.616981 656849.181281 6869021.466275 656849.719844 6868985.734332 18.000000
375000 656857.633627 6869000.305115 656867.632491 6869000.455821 656866.919913 6869047.733097 656856.921048 6869047.582391 656857.633627 6869000.305115 18.000000
380000 656869.875597 6868995.459500 656869.724891 6869005.458365 656850.115096 6869005.162800 656850.265802 6868995.163935 656869.875597 6868995.459500 18.000000
385000 656859.601880 6868976.444598 656869.600744 6868976.595304 656868.974637 6869018.135548 656858.975772 6869017.984842 656859.601880 6868976.444598 18.000000
390000 656849.771528 6869014.011771 656854.770960 6869014.087124 656854.477486 6869033.558216 656849.478054 6869033.482863 656849.771528 6869014.011771 6.000000
395000 656872.120322 6868976.991140 656871.969616 6868986.990004 656849.541556 6868986.651961 656849.692262 6868976.653097 656872.120322 6868976.991140 18.000000
395000 656853.630578 6869006.146619 656863.629442 6869006.297325 656863.090223 6869042.072820 656853.091358 6869041.922114 656853.630578 6869006.146619 18.000000
400000 656850.070126 6868992.043012 656860.068990 6868992.193718 656859.416503 6869035.484154 656849.417639 6869035.333448 656850.070126 6868992.043012 18.000000
405000 656871.711209 6868984.821189 656871.560503 6868994.820053 656849.286307 6868994.484329 656849.437013 6868984.485465 656871.711209 6868984.821189 18.000000
405000 656854.089998 6869009.425954 656864.088863 6869009.576660 656863.617401 6869040.856634 656853.618537 6869040.705928 656854.089998 6869009.425954 18.000000
410000 656858.924346 6868978.606248 656868.923210 6868978.756954 656868.243428 6869023.858322 656858.244564 6869023.707616 656858.924346 6868978.606248 18.000000
415000 656870.287904 6868980.020783 656870.137198 6868990.019648 656850.702440 6868989.726721 656850.853146 6868979.727857 656870.287904 6868980.020783 18.000000
415000 656861.894952 6869009.498756 656871.893816 6869009.649462 656871.433972 6869040.158621 656861.435108 6869040.007915 656861.894952 6869009.498756 18.000000
420000 656861.879487 6868995.971132 656871.878352 6868996.121838 656871.320577 6869033.128423 656861.321712 6869032.977717 656861.879487 6868995.971132 18.000000
425000 656849.441002 6869029.550050 656854.440434 6869029.625403 656854.264429 6869041.302766 656849.264997 6869041.227413 656849.441002 6869029.550050 6.000000
425000 656865.770364 6869040.655221 656870.769796 6869040.730574 656870.679860 6869046.697565 656865.680428 6869046.622212 656865.770364 6869040.655221 6.000000
430000 656859.258448 6868978.150996 656869.257312 6868978.301702 656868.514368 6869027.593654 656858.515504 6869027.442948 656859.258448 6868978.150996 18.000000
435000 656870.355507 6869032.011296 656870.204801 6869042.010160 656848.901684 6869041.689073 656849.052390 6869031.690209 656870.355507 6869032.011296 18.000000
435000 656860.861203 6868992.469833 656870.860068 6868992.620539 656870.403093 6869022.939334 656860.404229 6869022.788627 656860.861203 6868992.469833 18.000000
440000 656852.168215 6868980.690232 656862.167080 6868980.840938 656861.429003 6869029.809980 656851.430138 6869029.659274 656852.168215 6868980.690232 18.000000
445000 656871.703085 6868982.871942 656871.552379 6868992.870807 656849.223348 6868992.534256 656849.374054 6868982.535392 656871.703085 6868982.871942 18.000000
445000 656866.874913 6869018.867083 656871.874345 6869018.942436 656871.749973 6869027.194107 656866.750541 6869027.118754 656866.874913 6869018.867083 6.000000
445000 656859.755576 6869014.754426 656859.680223 6869019.753858 656848.946740 6869019.592079 656849.022093 6869014.592647 656859.755576 6869014.754426 6.000000
450000 656859.080407 6868999.237022 656869.079271 6868999.387728 656868.370076 6869046.440550 656858.371212 6869046.289844 656859.080407 6868999.237022 18.000000
455000 656854.055709 6868985.187351 656864.054574 6868985.338057 656863.438296 6869026.226097 656853.439432 6869026.075391 656854.055709 6868985.187351 18.000000
455000 656864.095026 6869033.961543 656863.944320 6869043.960408 656853.158650 6869043.797843 656853.309356 6869033.798978 656864.095026 6869033.961543 18.000000
460000 656854.223128 6868986.644852 656864.221992 6868986.795558 656863.672204 6869023.272201 656853.673340 6869023.121495 656854.223128 6868986.644852 18.000000
465000 656863.130533 6868994.627333 656863.055180 6868999.626765 656849.139892 6868999.417029 656849.215245 6868994.417597 656863.130533 6868994.627333 6.000000
465000 656865.781888 6869015.748277 656870.781321 6869015.823630 656870.481247 6869035.732558 656865.481815 6869035.657205 656865.781888 6869015.748277 6.000000
470000 656871.948527 6869007.447228 656871.873174 6869012.446660 656866.650362 6869012.367940 656866.725715 6869007.368508 656871.948527 6869007.447228 6.000000
470000 656871.471937 6869025.086294 656871.396584 6869030.085726 656854.148812 6869029.825762 656854.224165 6869024.826330 656871.471937 6869025.086294 6.000000
475000 656856.051290 6868976.413973 656866.050155 6868976.564679 656865.551724 6869009.633935 656855.552860 6869009.483229 656856.051290 6868976.413973 18.000000
475000 656861.472543 6869037.135198 656861.397190 6869042.134630 656848.970792 6869041.947336 656849.046145 6869036.947903 656861.472543 6869037.135198 6.000000
480000 656861.229463 6868998.519451 656871.228327 6868998.670157 656870.522953 6869045.469526 656860.524088 6869045.318820 656861.229463 6868998.519451 18.000000
485000 656866.171783 6869025.519670 656871.171215 6869025.595023 656870.830463 6869048.202837 656865.831030 6869048.127484 656866.171783 6869025.519670 6.000000
485000 656848.961796 6869028.976698 656853.961228 6869029.052051 656853.785207 6869040.730458 656848.785775 6869040.655105 656848.961796 6869028.976698 6.000000
490000 656850.702575 6869002.415643 656860.701439 6869002.566349 656859.964221 6869051.478370 656849.965357 6869051.327664 656850.702575 6869002.415643 18.000000
495000 656867.195146 6868982.768720 656872.194578 6868982.844073 656871.933226 6869000.183952 656866.933794 6869000.108599 656867.195146 6868982.768720 6.000000
495000 656871.200324 6869034.712587 656871.049618 6869044.711452 656850.020781 6869044.394498 656850.171487 6869034.395634 656871.200324 6869034.712587 18.000000
500000 656871.221554 6868998.809568 656871.070848 6869008.808432 656851.952818 6869008.520279 656852.103524 6868998.521415 656871.221554 6868998.809568 18.000000
500000 656849.010879 6869027.029272 656854.010311 6869027.104625 656853.767675 6869043.202726 656848.768243 6869043.127373 656849.010879 6869027.029272 6.000000
505000 656871.784868 6869040.954548 656871.709515 6869045.953980 656854.836349 6869045.699662 656854.911702 6869040.700230 656871.784868 6869040.954548 6.000000
505000 656857.359087 6868984.683969 656867.357951 6868984.834675 656866.803985 6869021.588541 656856.805121 6869021.437835 656857.359087 6868984.683969 18.000000
510000 656857.347861 6868989.414130 656867.346726 6868989.564836 656866.710644 6869031.766829 656856.711779 6869031.616123 656857.347861 6868989.414130 18.000000
515000 656850.671501 6868986.027267 656860.670366 6868986.177973 656859.922748 6869035.779975 656849.923884 6869035.629269 656850.671501 6868986.027267 18.000000
520000 656866.537843 6868998.907857 656871.537275 6868998.983210 656871.171379 6869023.259224 656866.171947 6869023.183871 656866.537843 6868998.907857 6.000000
525000 656870.421120 6869027.422708 656870.270414 6869037.421572 656849.911720 6869037.114720 656850.062426 6869027.115855 656870.421120 6869027.422708 18.000000
530000 656871.651237 6869038.149620 656871.500531 6869048.148484 656849.596147 6869047.818334 656849.746853 6869037.819470 656871.651237 6869038.149620 18.000000
530000 656862.071931 6868985.221244 656872.070795 6868985.371950 656871.427152 6869028.075612 656861.428288 6869027.924906 656862.071931 6868985.221244 18.000000
535000 656871.651237 6869038.149620 656871.500531 6869048.148484 656849.596147 6869047.818334 656849.746853 6869037.819470 656871.651237 6869038.149620 18.000000
535000 656861.716076 6868980.726276 656871.714940 6868980.876982 656871.131945 6869019.556838 656861.133081 6869019.406132 656861.716076 6868980.726276 18.000000
540000 656855.350121 6868994.564942 656865.348985 6868994.715648 656864.619721 6869043.099977 656854.620857 6869042.949271 656855.350121 6868994.564942 18.000000
545000 656861.781614 6868978.995775 656871.780478 6868979.146481 656871.394084 6869004.782535 656861.395219 6869004.631829 656861.781614 6868978.995775 18.000000
550000 656858.454950 6868978.105892 656868.453815 6868978.256598 656867.836235 6869019.231013 656857.837371 6869019.080307 656858.454950 6868978.105892 18.000000
550000 656871.604466 6869040.519821 656871.529113 6869045.519253 656856.739148 6869045.296334 656856.814501 6869040.296902 656871.604466 6869040.519821 6.000000
555000 656855.782603 6868998.534579 656865.781467 6868998.685285 656865.057016 6869046.750292 656855.058151 6869046.599586 656855.782603 6868998.534579 18.000000
555000 656870.841005 6868979.283663 656870.690299 6868989.282528 656850.617239 6868988.979980 656850.767945 6868978.981116 656870.841005 6868979.283663 18.000000
560000 656870.577061 6868981.586456 656870.426355 6868991.585320 656849.635361 6868991.271952 656849.786068 6868981.273087 656870.577061 6868981.586456 18.000000
560000 656849.521962 6869021.763390 656854.521394 6869021.838743 656854.276863 6869038.062617 656849.277430 6869037.987264 656849.521962 6869021.763390 6.000000
565000 656866.701737 6869036.499945 656871.701169 6869036.575298 656871.551677 6869046.493605 656866.552245 6869046.418252 656866.701737 6869036.499945 6.000000
565000 656870.075293 6868980.076753 656869.924587 6868990.075617 656849.323688 6868989.765114 656849.474394 6868979.766250 656870.075293 6868980.076753 18.000000
570000 656850.066347 6868986.017834 656860.065212 6868986.168540 656859.318063 6869035.739470 656849.319198 6869035.588764 656850.066347 6868986.017834 18.000000
575000 656866.914223 6869015.287020 656871.913655 6869015.362373 656871.704493 6869029.239598 656866.705061 6869029.164245 656866.914223 6869015.287020 6.000000
575000 656849.650299 6869009.743918 656854.649731 6869009.819271 656854.273450 6869034.784317 656849.274018 6869034.708964 656849.650299 6869009.743918 6.000000
575000 656849.480650 6868983.663974 656854.480083 6868983.739327 656854.199311 6869002.367612 656849.199879 6869002.292259 656849.480650 6868983.663974 6.000000
575000 656867.159638 6868981.330209 656872.159070 6868981.405562 656872.066345 6868987.557564 656867.066913 6868987.482211 656867.159638 6868981.330209 6.000000
575000 656866.630030 6869039.292618 656871.629462 6869039.367971 656871.486633 6869048.844227 656866.487201 6869048.768874 656866.630030 6869039.292618 6.000000
580000 656866.798300 6869030.692283 656871.797732 6869030.767636 656871.569621 6869045.902022 656866.570189 6869045.826669 656866.798300 6869030.692283 6.000000
580000 656849.094929 6869023.390668 656854.094362 6869023.466021 656853.883376 6869037.464228 656848.883944 6869037.388875 656849.094929 6869023.390668 6.000000
580000 656849.540919 6868979.920734 656859.539784 6868980.071440 656859.182916 6869003.748451 656849.184052 6869003.597745 656849.540919 6868979.920734 18.000000
585000 656866.585411 6869021.923128 656871.584843 6869021.998481 656871.318446 6869039.673044 656866.319014 6869039.597691 656866.585411 6869021.923128 6.000000
585000 656867.104791 6868980.307482 656872.104223 6868980.382835 656871.996715 6868987.515596 656866.997283 6868987.440243 656867.104791 6868980.307482 6.000000
585000 656849.464791 6869019.964194 656854.464224 6869020.039547 656854.105508 6869043.839172 656849.106076 6869043.763819 656849.464791 6869019.964194 6.000000
590000 656852.761535 6868980.113237 656862.760399 6868980.263943 656862.019494 6869029.420603 656852.020630 6869029.269897 656852.761535 6868980.113237 18.000000
595000 656860.833336 6868982.124246 656870.832200 6868982.274953 656870.287857 6869018.390401 656860.288992 6869018.239695 656860.833336 6868982.124246 18.000000
600000 656858.929173 6868991.076227 656868.928038 6868991.226933 656868.254772 6869035.895983 656858.255907 6869035.745276 656858.929173 6868991.076227 18.000000
605000 656870.554013 6868985.295905 656870.403306 6868995.294769 656850.275118 6868994.991391 656850.425825 6868984.992526 656870.554013 6868985.295905 18.000000
605000 656851.733391 6869006.113848 656861.732255 6869006.264554 656861.169864 6869043.577389 656851.171000 6869043.426683 656851.733391 6869006.113848 18.000000
610000 656870.554013 6868985.295905 656870.403306 6868995.294769 656850.275118 6868994.991391 656850.425825 6868984.992526 656870.554013 6868985.295905 18.000000
610000 656850.400700 6869004.247651 656860.399565 6869004.398357 656859.776162 6869045.759118 656849.777298 6869045.608412 656850.400700 6869004.247651 18.000000
615000 656861.402244 6868999.853320 656871.401108 6869000.004026 656870.675372 6869048.154326 656860.676507 6869048.003620 656861.402244 6868999.853320 18.000000
620000 656860.168820 6868995.435004 656870.167685 6868995.585710 656869.539233 6869037.281446 656859.540369 6869037.130740 656860.168820 6868995.435004 18.000000
625000 656863.800069 6869003.956327 656863.724716 6869008.955759 656849.375463 6869008.739483 656849.450816 6869003.740051 656863.800069 6869003.956327 6.000000
625000 656866.481889 6869017.951795 656871.481321 6869018.027148 656871.371685 6869025.301148 656866.372253 6869025.225795 656866.481889 6869017.951795 6.000000
630000 656856.032138 6868986.768765 656866.031003 6868986.919471 656865.305180 6869035.075496 656855.306316 6869034.924790 656856.032138 6868986.768765 18.000000
635000 656860.370101 6868978.419184 656870.368966 6868978.569890 656869.708215 6869022.408597 656859.709351 6869022.257891 656860.370101 6868978.419184 18.000000
640000 656866.922151 6869018.800459 656871.921584 6869018.875812 656871.698007 6869033.709430 656866.698574 6869033.634077 656866.922151 6869018.800459 6.000000
640000 656849.904258 6868989.108828 656854.903690 6868989.184181 656854.610041 6869008.666850 656849.610609 6869008.591497 656849.904258 6868989.108828 6.000000
640000 656866.809396 6868985.314640 656871.808828 6868985.389993 656871.475783 6869007.486468 656866.476351 6869007.411115 656866.809396 6868985.314640 6.000000
645000 656860.566393 6868987.974108 656870.565257 6868988.124814 656869.859571 6869034.944833 656859.860706 6869034.794127 656860.566393 6868987.974108 18.000000
650000 656852.018657 6868984.746437 656862.017522 6868984.897143 656861.298290 6869032.615873 656851.299425 6869032.465167 656852.018657 6868984.746437 18.000000
655000 656858.020567 6868985.294477 656868.019431 6868985.445183 656867.362100 6869029.056973 656857.363236 6869028.906267 656858.020567 6868985.294477 18.000000
660000 656858.020567 6868985.294477 656868.019431 6868985.445183 656867.362100 6869029.056973 656857.363236 6869028.906267 656858.020567 6868985.294477 18.000000
665000 656850.206349 6868996.633063 656860.205213 6868996.783769 656859.514437 6869042.614564 656849.515572 6869042.463858 656850.206349 6868996.633063 18.000000
670000 656871.269427 6869013.107241 656871.118721 6869023.106106 656849.727384 6869022.783689 656849.878090 6869012.784824 656871.269427 6869013.107241 18.000000
670000 656871.513704 6868995.715014 656871.362998 6869005.713878 656850.762982 6869005.403388 656850.913688 6868995.404524 656871.513704 6868995.715014 18.000000
675000 656853.663562 6868996.026570 656863.662426 6868996.177276 656863.069028 6869035.547318 656853.070164 6869035.396612 656853.663562 6868996.026570 18.000000
680000 656857.708540 6868977.659443 656867.707404 6868977.810149 656866.968778 6869026.815641 656856.969913 6869026.664935 656857.708540 6868977.659443 18.000000
685000 656849.434474 6868978.215851 656854.433907 6868978.291204 656854.156591 6868996.690167 656849.157159 6868996.614814 656849.434474 6868978.215851 6.000000
685000 656867.082026 6868991.741104 656872.081458 6868991.816457 656871.902732 6869003.674341 656866.903300 6869003.598988 656867.082026 6868991.741104 6.000000
685000 656859.800397 6869024.769694 656859.725044 6869029.769126 656848.887804 6869029.605784 656848.963157 6869024.606352 656859.800397 6869024.769694 6.000000
690000 656871.678151 6868988.515145 656871.527445 6868998.514010 656849.691653 6868998.184894 656849.842359 6868988.186029 656871.678151 6868988.515145 18.000000
690000 656848.938119 6869033.596264 656853.937551 6869033.671617 656853.744305 6869046.492913 656848.744872 6869046.417560 656848.938119 6869033.596264 6.000000
695000 656850.335664 6868977.869975 656860.334528 6868978.020682 656859.675550 6869021.741729 656849.676686 6869021.591023 656850.335664 6868977.869975 18.000000
700000 656871.813408 6869040.337861 656871.738055 6869045.337293 656854.707373 6869045.080601 656854.782726 6869040.081169 656871.813408 6869040.337861 6.000000
700000 656860.484243 6869008.354566 656860.408890 6869013.353998 656849.204071 6869013.185115 656849.279424 6869008.185683 656860.484243 6869008.354566 6.000000
700000 656863.919322 6868982.726355 656863.843969 6868987.725787 656849.258153 6868987.505945 656849.333506 6868982.506513 656863.919322 6868982.726355 6.000000
700000 656867.090533 6869000.453423 656872.089965 6869000.528776 656871.997304 6869006.676515 656866.997872 6869006.601162 656867.090533 6869000.453423 6.000000
705000 656867.044941 6868993.252768 656872.044373 6868993.328121 656871.883376 6869004.009756 656866.883944 6869003.934403 656867.044941 6868993.252768 6.000000
705000 656871.576598 6869043.301329 656871.501245 6869048.300761 656858.986104 6869048.112129 656859.061457 6869043.112697 656871.576598 6869043.301329 6.000000
705000 656871.771327 6869017.569901 656871.695974 6869022.569333 656858.589196 6869022.371784 656858.664550 6869017.372351 656871.771327 6869017.569901 6.000000
705000 656859.599711 6868987.834685 656859.524358 6868992.834117 656849.180023 6868992.678204 656849.255376 6868987.678772 656859.599711 6868987.834685 6.000000
705000 656865.097042 6869031.015734 656870.096474 6869031.091087 656869.998595 6869037.585068 656864.999163 6869037.509715 656865.097042 6869031.015734 6.000000
710000 656850.194218 6868997.513433 656860.193082 6868997.664139 656859.504392 6869043.356510 656849.505528 6869043.205804 656850.194218 6868997.513433 18.000000
715000 656872.172645 6868985.935856 656872.021938 6868995.934721 656849.228971 6868995.591178 656849.379677 6868985.592313 656872.172645 6868985.935856 18.000000
715000 656856.861497 6869002.040395 656866.860361 6869002.191101 656866.321630 6869037.934163 656856.322766 6869037.783457 656856.861497 6869002.040395 18.000000
720000 656872.172645 6868985.935856 656872.021938 6868995.934721 656849.228971 6868995.591178 656849.379677 6868985.592313 656872.172645 6868985.935856 18.000000
720000 656856.861497 6869002.040395 656866.860361 6869002.191101 656866.321630 6869037.934163 656856.322766 6869037.783457 656856.861497 6869002.040395 18.000000
725000 656872.172645 6868985.935856 656872.021938 6868995.934721 656849.228971 6868995.591178 656849.379677 6868985.592313 656872.172645 6868985.935856 18.000000
725000 656856.861497 6869002.040395 656866.860361 6869002.191101 656866.321630 6869037.934163 656856.322766 6869037.783457 656856.861497 6869002.040395 18.000000
730000 656872.172645 6868985.935856 656872.021938 6868995.934721 656849.228971 6868995.591178 656849.379677 6868985.592313 656872.172645 6868985.935856 18.000000
730000 656856.861497 6869002.040395 656866.860361 6869002.191101 656866.321630 6869037.934163 656856.322766 6869037.783457 656856.861497 6869002.040395 18.000000
735000 656872.172645 6868985.935856 656872.021938 6868995.934721 656849.228971 6868995.591178 656849.379677 6868985.592313 656872.172645 6868985.935856 18.000000
735000 656856.861497 6869002.040395 656866.860361 6869002.191101 656866.321630 6869037.934163 656856.322766 6869037.783457 656856.861497 6869002.040395 18.000000
740000 656872.172645 6868985.935856 656872.021938 6868995.934721 656849.228971 6868995.591178 656849.379677 6868985.592313 656872.172645 6868985.935856 18.000000
740000 656856.861497 6869002.040395 656866.860361 6869002.191101 656866.321630 6869037.934163 656856.322766 6869037.783457 656856.861497 6869002.040395 18.000000
745000 656872.172645 6868985.935856 656872.021938 6868995.934721 656849.228971 6868995.591178 656849.379677 6868985.592313 656872.172645 6868985.935856 18.000000
745000 656856.861497 6869002.040395 656866.860361 6869002.191101 656866.321630 6869037.934163 656856.322766 6869037.783457 656856.861497 6869002.040395 18.000000
750000 656872.172645 6868985.935856 656872.021938 6868995.934721 656849.228971 6868995.591178 656849.379677 6868985.592313 656872.172645 6868985.935856 18.000000
750000 656856.861497 6869002.040395 656866.860361 6869002.191101 656866.321630 6869037.934163 656856.322766 6869037.783457 656856.861497 6869002.040395 18.000000
755000 656872.172645 6868985.935856 656872.021938 6868995.934721 656849.228971 6868995.591178 656849.379677 6868985.592313 656872.172645 6868985.935856 18.000000
755000 656856.861497 6869002.040395 656866.860361 6869002.191101 656866.321630 6869037.934163 656856.322766 6869037.783457 656856.861497 6869002.040395 18.000000
760000 656872.172645 6868985.935856 656872.021938 6868995.934721 656849.228971 6868995.591178 656849.379677 6868985.592313 656872.172645 6868985.935856 18.000000
760000 656856.861497 6869002.040395 656866.860361 6869002.191101 656866.321630 6869037.934163 656856.322766 6869037.783457 656856.861497 6869002.040395 18.000000
765000 656872.172645 6868985.935856 656872.021938 6868995.934721 656849.228971 6868995.591178 656849.379677 6868985.592313 656872.172645 6868985.935856 18.000000
765000 656871.655113 6869035.888947 656871.504407 6869045.887811 656848.994747 6869045.548539 656849.145453 6869035.549674 656871.655113 6869035.888947 18.000000
765000 656871.045891 6869013.575516 656870.895185 6869023.574380 656849.799580 6869023.256420 656849.950286 6869013.257556 656871.045891 6869013.575516 18.000000
770000 656872.172645 6868985.935856 656872.021938 6868995.934721 656849.228971 6868995.591178 656849.379677 6868985.592313 656872.172645 6868985.935856 18.000000
770000 656871.655113 6869035.888947 656871.504407 6869045.887811 656848.994747 6869045.548539 656849.145453 6869035.549674 656871.655113 6869035.888947 18.000000
770000 656871.045891 6869013.575516 656870.895185 6869023.574380 656849.799580 6869023.256420 656849.950286 6869013.257556 656871.045891 6869013.575516 18.000000
775000 656872.172645 6868985.935856 656872.021938 6868995.934721 656849.228971 6868995.591178 656849.379677 6868985.592313 656872.172645 6868985.935856 18.000000
775000 656871.655113 6869035.888947 656871.504407 6869045.887811 656848.994747 6869045.548539 656849.145453 6869035.549674 656871.655113 6869035.888947 18.000000
775000 656871.045891 6869013.575516 656870.895185 6869023.574380 656849.799580 6869023.256420 656849.950286 6869013.257556 656871.045891 6869013.575516 18.000000
780000 656872.172645 6868985.935856 656872.021938 6868995.934721 656849.228971 6868995.591178 656849.379677 6868985.592313 656872.172645 6868985.935856 18.000000
780000 656871.655113 6869035.888947 656871.504407 6869045.887811 656848.994747 6869045.548539 656849.145453 6869035.549674 656871.655113 6869035.888947 18.000000
780000 656871.685891 6869017.563805 656871.535185 6869027.562669 656849.398377 6869027.229016 656849.549083 6869017.230152 656871.685891 6869017.563805 18.000000
785000 656872.172645 6868985.935856 656872.021938 6868995.934721 656849.228971 6868995.591178 656849.379677 6868985.592313 656872.172645 6868985.935856 18.000000
785000 656871.655113 6869035.888947 656871.504407 6869045.887811 656848.994747 6869045.548539 656849.145453 6869035.549674 656871.655113 6869035.888947 18.000000
785000 656871.685891 6869017.563805 656871.535185 6869027.562669 656849.398377 6869027.229016 656849.549083 6869017.230152 656871.685891 6869017.563805 18.000000
790000 656872.172645 6868985.935856 656872.021938 6868995.934721 656849.228971 6868995.591178 656849.379677 6868985.592313 656872.172645 6868985.935856 18.000000
790000 656871.655113 6869035.888947 656871.504407 6869045.887811 656848.994747 6869045.548539 656849.145453 6869035.549674 656871.655113 6869035.888947 18.000000
790000 656871.419444 6869010.150051 656871.268738 6869020.148915 656849.582616 6869019.822055 656849.733322 6869009.823191 656871.419444 6869010.150051 18.000000
795000 656872.172645 6868985.935856 656872.021938 6868995.934721 656849.228971 6868995.591178 656849.379677 6868985.592313 656872.172645 6868985.935856 18.000000
795000 656871.655113 6869035.888947 656871.504407 6869045.887811 656848.994747 6869045.548539 656849.145453 6869035.549674 656871.655113 6869035.888947 18.000000
795000 656871.419444 6869010.150051 656871.268738 6869020.148915 656849.582616 6869019.822055 656849.733322 6869009.823191 656871.419444 6869010.150051 18.000000
800000 656872.172645 6868985.935856 656872.021938 6868995.934721 656849.228971 6868995.591178 656849.379677 6868985.592313 656872.172645 6868985.935856 18.000000
800000 656871.655113 6869035.888947 656871.504407 6869045.887811 656848.994747 6869045.548539 656849.145453 6869035.549674 656871.655113 6869035.888947 18.000000
800000 656871.419444 6869010.150051 656871.268738 6869020.148915 656849.582616 6869019.822055 656849.733322 6869009.823191 656871.419444 6869010.150051 18.000000
805000 656872.172645 6868985.935856 656872.021938 6868995.934721 656849.228971 6868995.591178 656849.379677 6868985.592313 656872.172645 6868985.935856 18.000000
805000 656871.655113 6869035.888947 656871.504407 6869045.887811 656848.994747 6869045.548539 656849.145453 6869035.549674 656871.655113 6869035.888947 18.000000
805000 656871.419444 6869010.150051 656871.268738 6869020.148915 656849.582616 6869019.822055 656849.733322 6869009.823191 656871.419444 6869010.150051 18.000000
810000 656872.172645 6868985.935856 656872.021938 6868995.934721 656849.228971 6868995.591178 656849.379677 6868985.592313 656872.172645 6868985.935856 18.000000
810000 656871.655113 6869035.888947 656871.504407 6869045.887811 656848.994747 6869045.548539 656849.145453 6869035.549674 656871.655113 6869035.888947 18.000000
810000 656871.419444 6869010.150051 656871.268738 6869020.148915 656849.582616 6869019.822055 656849.733322 6869009.823191 656871.419444 6869010.150051 18.000000
815000 656872.172645 6868985.935856 656872.021938 6868995.934721 656849.228971 6868995.591178 656849.379677 6868985.592313 656872.172645 6868985.935856 18.000000
815000 656871.655113 6869035.888947 656871.504407 6869045.887811 656848.994747 6869045.548539 656849.145453 6869035.549674 656871.655113 6869035.888947 18.000000
815000 656871.419444 6869010.150051 656871.268738 6869020.148915 656849.582616 6869019.822055 656849.733322 6869009.823191 656871.419444 6869010.150051 18.000000
820000 656872.172645 6868985.935856 656872.021938 6868995.934721 656849.228971 6868995.591178 656849.379677 6868985.592313 656872.172645 6868985.935856 18.000000
820000 656871.655113 6869035.888947 656871.504407 6869045.887811 656848.994747 6869045.548539 656849.145453 6869035.549674 656871.655113 6869035.888947 18.000000
820000 656871.419444 6869010.150051 656871.268738 6869020.148915 656849.582616 6869019.822055 656849.733322 6869009.823191 656871.419444 6869010.150051 18.000000
825000 656872.172645 6868985.935856 656872.021938 6868995.934721 656849.228971 6868995.591178 656849.379677 6868985.592313 656872.172645 6868985.935856 18.000000
825000 656871.655113 6869035.888947 656871.504407 6869045.887811 656848.994747 6869045.548539 656849.145453 6869035.549674 656871.655113 6869035.888947 18.000000
825000 656871.419444 6869010.150051 656871.268738 6869020.148915 656849.582616 6869019.822055 656849.733322 6869009.823191 656871.419444 6869010.150051 18.000000
830000 656872.172645 6868985.935856 656872.021938 6868995.934721 656849.228971 6868995.591178 656849.379677 6868985.592313 656872.172645 6868985.935856 18.000000
830000 656871.655113 6869035.888947 656871.504407 6869045.887811 656848.994747 6869045.548539 656849.145453 6869035.549674 656871.655113 6869035.888947 18.000000
830000 656871.419444 6869010.150051 656871.268738 6869020.148915 656849.582616 6869019.822055 656849.733322 6869009.823191 656871.419444 6869010.150051 18.000000
835000 656872.172645 6868985.935856 656872.021938 6868995.934721 656849.228971 6868995.591178 656849.379677 6868985.592313 656872.172645 6868985.935856 18.000000
835000 656871.655113 6869035.888947 656871.504407 6869045.887811 656848.994747 6869045.548539 656849.145453 6869035.549674 656871.655113 6869035.888947 18.000000
835000 656871.419444 6869010.150051 656871.268738 6869020.148915 656849.582616 6869019.822055 656849.733322 6869009.823191 656871.419444 6869010.150051 18.000000
840000 656872.172645 6868985.935856 656872.021938 6868995.934721 656849.228971 6868995.591178 656849.379677 6868985.592313 656872.172645 6868985.935856 18.000000
840000 656871.655113 6869035.888947 656871.504407 6869045.887811 656848.994747 6869045.548539 656849.145453 6869035.549674 656871.655113 6869035.888947 18.000000
840000 656871.419444 6869010.150051 656871.268738 6869020.148915 656849.582616 6869019.822055 656849.733322 6869009.823191 656871.419444 6869010.150051 18.000000
845000 656872.172645 6868985.935856 656872.021938 6868995.934721 656849.228971 6868995.591178 656849.379677 6868985.592313 656872.172645 6868985.935856 18.000000
845000 656871.655113 6869035.888947 656871.504407 6869045.887811 656848.994747 6869045.548539 656849.145453 6869035.549674 656871.655113 6869035.888947 18.000000
845000 656871.419444 6869010.150051 656871.268738 6869020.148915 656849.582616 6869019.822055 656849.733322 6869009.823191 656871.419444 6869010.150051 18.000000
850000 656872.172645 6868985.935856 656872.021938 6868995.934721 656849.228971 6868995.591178 656849.379677 6868985.592313 656872.172645 6868985.935856 18.000000
850000 656871.655113 6869035.888947 656871.504407 6869045.887811 656848.994747 6869045.548539 656849.145453 6869035.549674 656871.655113 6869035.888947 18.000000
850000 656871.419444 6869010.150051 656871.268738 6869020.148915 656849.582616 6869019.822055 656849.733322 6869009.823191 656871.419444 6869010.150051 18.000000
855000 656872.172645 6868985.935856 656872.021938 6868995.934721 656849.228971 6868995.591178 656849.379677 6868985.592313 656872.172645 6868985.935856 18.000000
855000 656871.655113 6869035.888947 656871.504407 6869045.887811 656848.994747 6869045.548539 656849.145453 6869035.549674 656871.655113 6869035.888947 18.000000
855000 656871.419444 6869010.150051 656871.268738 6869020.148915 656849.582616 6869019.822055 656849.733322 6869009.823191 656871.419444 6869010.150051 18.000000
860000 656872.172645 6868985.935856 656872.021938 6868995.934721 656849.228971 6868995.591178 656849.379677 6868985.592313 656872.172645 6868985.935856 18.000000
860000 656871.655113 6869035.888947 656871.504407 6869045.887811 656848.994747 6869045.548539 656849.145453 6869035.549674 656871.655113 6869035.888947 18.000000
860000 656871.419444 6869010.150051 656871.268738 6869020.148915 656849.582616 6869019.822055 656849.733322 6869009.823191 656871.419444 6869010.150051 18.000000
865000 656872.172645 6868985.935856 656872.021938 6868995.934721 656849.228971 6868995.591178 656849.379677 6868985.592313 656872.172645 6868985.935856 18.000000
865000 656871.655113 6869035.888947 656871.504407 6869045.887811 656848.994747 6869045.548539 656849.145453 6869035.549674 656871.655113 6869035.888947 18.000000
865000 656871.419444 6869010.150051 656871.268738 6869020.148915 656849.582616 6869019.822055 656849.733322 6869009.823191 656871.419444 6869010.150051 18.000000
870000 656872.172645 6868985.935856 656872.021938 6868995.934721 656849.228971 6868995.591178 656849.379677 6868985.592313 656872.172645 6868985.935856 18.000000
870000 656871.655113 6869035.888947 656871.504407 6869045.887811 656848.994747 6869045.548539 656849.145453 6869035.549674 656871.655113 6869035.888947 18.000000
870000 656871.419444 6869010.150051 656871.268738 6869020.148915 656849.582616 6869019.822055 656849.733322 6869009.823191 656871.419444 6869010.150051 18.000000
875000 656872.172645 6868985.935856 656872.021938 6868995.934721 656849.228971 6868995.591178 656849.379677 6868985.592313 656872.172645 6868985.935856 18.000000
875000 656871.655113 6869035.888947 656871.504407 6869045.887811 656848.994747 6869045.548539 656849.145453 6869035.549674 656871.655113 6869035.888947 18.000000
875000 656871.419444 6869010.150051 656871.268738 6869020.148915 656849.582616 6869019.822055 656849.733322 6869009.823191 656871.419444 6869010.150051 18.000000
880000 656872.172645 6868985.935856 656872.021938 6868995.934721 656849.228971 6868995.591178 656849.379677 6868985.592313 656872.172645 6868985.935856 18.000000
880000 656871.655113 6869035.888947 656871.504407 6869045.887811 656848.994747 6869045.548539 656849.145453 6869035.549674 656871.655113 6869035.888947 18.000000
880000 656871.419444 6869010.150051 656871.268738 6869020.148915 656849.582616 6869019.822055 656849.733322 6869009.823191 656871.419444 6869010.150051 18.000000
885000 656872.172645 6868985.935856 656872.021938 6868995.934721 656849.228971 6868995.591178 656849.379677 6868985.592313 656872.172645 6868985.935856 18.000000
885000 656871.655113 6869035.888947 656871.504407 6869045.887811 656848.994747 6869045.548539 656849.145453 6869035.549674 656871.655113 6869035.888947 18.000000
885000 656871.419444 6869010.150051 656871.268738 6869020.148915 656849.582616 6869019.822055 656849.733322 6869009.823191 656871.419444 6869010.150051 18.000000
890000 656872.172645 6868985.935856 656872.021938 6868995.934721 656849.228971 6868995.591178 656849.379677 6868985.592313 656872.172645 6868985.935856 18.000000
890000 656871.655113 6869035.888947 656871.504407 6869045.887811 656848.994747 6869045.548539 656849.145453 6869035.549674 656871.655113 6869035.888947 18.000000
890000 656871.419444 6869010.150051 656871.268738 6869020.148915 656849.582616 6869019.822055 656849.733322 6869009.823191 656871.419444 6869010.150051 18.000000
895000 656872.172645 6868985.935856 656872.021938 6868995.934721 656849.228971 6868995.591178 656849.379677 6868985.592313 656872.172645 6868985.935856 18.000000
895000 656871.655113 6869035.888947 656871.504407 6869045.887811 656848.994747 6869045.548539 656849.145453 6869035.549674 656871.655113 6869035.888947 18.000000
895000 656871.419444 6869010.150051 656871.268738 6869020.148915 656849.582616 6869019.822055 656849.733322 6869009.823191 656871.419444 6869010.150051 18.000000
900000 656872.172645 6868985.935856 656872.021938 6868995.934721 656849.228971 6868995.591178 656849.379677 6868985.592313 656872.172645 6868985.935856 18.000000
900000 656871.655113 6869035.888947 656871.504407 6869045.887811 656848.994747 6869045.548539 656849.145453 6869035.549674 656871.655113 6869035.888947 18.000000
900000 656871.419444 6869010.150051 656871.268738 6869020.148915 656849.582616 6869019.822055 656849.733322 6869009.823191 656871.419444 6869010.150051 18.000000
905000 656872.172645 6868985.935856 656872.021938 6868995.934721 656849.228971 6868995.591178 656849.379677 6868985.592313 656872.172645 6868985.935856 18.000000
905000 656871.655113 6869035.888947 656871.504407 6869045.887811 656848.994747 6869045.548539 656849.145453 6869035.549674 656871.655113 6869035.888947 18.000000
905000 656871.419444 6869010.150051 656871.268738 6869020.148915 656849.582616 6869019.822055 656849.733322 6869009.823191 656871.419444 6869010.150051 18.000000
910000 656872.172645 6868985.935856 656872.021938 6868995.934721 656849.228971 6868995.591178 656849.379677 6868985.592313 656872.172645 6868985.935856 18.000000
910000 656871.655113 6869035.888947 656871.504407 6869045.887811 656848.994747 6869045.548539 656849.145453 6869035.549674 656871.655113 6869035.888947 18.000000
910000 656871.419444 6869010.150051 656871.268738 6869020.148915 656849.582616 6869019.822055 656849.733322 6869009.823191 656871.419444 6869010.150051 18.000000
915000 656872.172645 6868985.935856 656872.021938 6868995.934721 656849.228971 6868995.591178 656849.379677 6868985.592313 656872.172645 6868985.935856 18.000000
915000 656871.655113 6869035.888947 656871.504407 6869045.887811 656848.994747 6869045.548539 656849.145453 6869035.549674 656871.655113 6869035.888947 18.000000
915000 656871.419444 6869010.150051 656871.268738 6869020.148915 656849.582616 6869019.822055 656849.733322 6869009.823191 656871.419444 6869010.150051 18.000000
920000 656872.172645 6868985.935856 656872.021938 6868995.934721 656849.228971 6868995.591178 656849.379677 6868985.592313 656872.172645 6868985.935856 18.000000
920000 656871.655113 6869035.888947 656871.504407 6869045.887811 656848.994747 6869045.548539 656849.145453 6869035.549674 656871.655113 6869035.888947 18.000000
920000 656871.419444 6869010.150051 656871.268738 6869020.148915 656849.582616 6869019.822055 656849.733322 6869009.823191 656871.419444 6869010.150051 18.000000
925000 656872.172645 6868985.935856 656872.021938 6868995.934721 656849.228971 6868995.591178 656849.379677 6868985.592313 656872.172645 6868985.935856 18.000000
925000 656871.655113 6869035.888947 656871.504407 6869045.887811 656848.994747 6869045.548539 656849.145453 6869035.549674 656871.655113 6869035.888947 18.000000
925000 656871.419444 6869010.150051 656871.268738 6869020.148915 656849.582616 6869019.822055 656849.733322 6869009.823191 656871.419444 6869010.150051 18.000000
930000 656871.655113 6869035.888947 656871.504407 6869045.887811 656848.994747 6869045.548539 656849.145453 6869035.549674 656871.655113 6869035.888947 18.000000
930000 656871.419444 6869010.150051 656871.268738 6869020.148915 656849.582616 6869019.822055 656849.733322 6869009.823191 656871.419444 6869010.150051 18.000000
930000 656871.941545 6868993.351608 656871.790839 6869003.350473 656849.352519 6869003.012275 656849.503225 6868993.013411 656871.941545 6868993.351608 18.000000
935000 656871.655113 6869035.888947 656871.504407 6869045.887811 656848.994747 6869045.548539 656849.145453 6869035.549674 656871.655113 6869035.888947 18.000000
935000 656871.419444 6869010.150051 656871.268738 6869020.148915 656849.582616 6869019.822055 656849.733322 6869009.823191 656871.419444 6869010.150051 18.000000
935000 656871.941545 6868993.351608 656871.790839 6869003.350473 656849.352519 6869003.012275 656849.503225 6868993.013411 656871.941545 6868993.351608 18.000000
940000 656871.655113 6869035.888947 656871.504407 6869045.887811 656848.994747 6869045.548539 656849.145453 6869035.549674 656871.655113 6869035.888947 18.000000
940000 656871.419444 6869010.150051 656871.268738 6869020.148915 656849.582616 6869019.822055 656849.733322 6869009.823191 656871.419444 6869010.150051 18.000000
940000 656871.941545 6868993.351608 656871.790839 6869003.350473 656849.352519 6869003.012275 656849.503225 6868993.013411 656871.941545 6868993.351608 18.000000
945000 656871.419444 6869010.150051 656871.268738 6869020.148915 656849.582616 6869019.822055 656849.733322 6869009.823191 656871.419444 6869010.150051 18.000000
945000 656871.941545 6868993.351608 656871.790839 6869003.350473 656849.352519 6869003.012275 656849.503225 6868993.013411 656871.941545 6868993.351608 18.000000
945000 656871.865153 6869026.565182 656871.714447 6869036.564046 656849.301560 6869036.226232 656849.452266 6869026.227367 656871.865153 6869026.565182 18.000000
950000 656871.419444 6869010.150051 656871.268738 6869020.148915 656849.582616 6869019.822055 656849.733322 6869009.823191 656871.419444 6869010.150051 18.000000
950000 656871.941545 6868993.351608 656871.790839 6869003.350473 656849.352519 6869003.012275 656849.503225 6868993.013411 656871.941545 6868993.351608 18.000000
950000 656871.865153 6869026.565182 656871.714447 6869036.564046 656849.301560 6869036.226232 656849.452266 6869026.227367 656871.865153 6869026.565182 18.000000
955000 656871.419444 6869010.150051 656871.268738 6869020.148915 656849.582616 6869019.822055 656849.733322 6869009.823191 656871.419444 6869010.150051 18.000000
955000 656871.941545 6868993.351608 656871.790839 6869003.350473 656849.352519 6869003.012275 656849.503225 6868993.013411 656871.941545 6868993.351608 18.000000
955000 656871.865153 6869026.565182 656871.714447 6869036.564046 656849.301560 6869036.226232 656849.452266 6869026.227367 656871.865153 6869026.565182 18.000000
960000 656871.419444 6869010.150051 656871.268738 6869020.148915 656849.582616 6869019.822055 656849.733322 6869009.823191 656871.419444 6869010.150051 18.000000
960000 656871.941545 6868993.351608 656871.790839 6869003.350473 656849.352519 6869003.012275 656849.503225 6868993.013411 656871.941545 6868993.351608 18.000000
960000 656871.865153 6869026.565182 656871.714447 6869036.564046 656849.301560 6869036.226232 656849.452266 6869026.227367 656871.865153 6869026.565182 18.000000
965000 656871.419444 6869010.150051 656871.268738 6869020.148915 656849.582616 6869019.822055 656849.733322 6869009.823191 656871.419444 6869010.150051 18.000000
965000 656871.941545 6868993.351608 656871.790839 6869003.350473 656849.352519 6869003.012275 656849.503225 6868993.013411 656871.941545 6868993.351608 18.000000
965000 656871.865153 6869026.565182 656871.714447 6869036.564046 656849.301560 6869036.226232 656849.452266 6869026.227367 656871.865153 6869026.565182 18.000000
970000 656871.419444 6869010.150051 656871.268738 6869020.148915 656849.582616 6869019.822055 656849.733322 6869009.823191 656871.419444 6869010.150051 18.000000
970000 656871.941545 6868993.351608 656871.790839 6869003.350473 656849.352519 6869003.012275 656849.503225 6868993.013411 656871.941545 6868993.351608 18.000000
970000 656871.865153 6869026.565182 656871.714447 6869036.564046 656849.301560 6869036.226232 656849.452266 6869026.227367 656871.865153 6869026.565182 18.000000
975000 656871.419444 6869010.150051 656871.268738 6869020.148915 656849.582616 6869019.822055 656849.733322 6869009.823191 656871.419444 6869010.150051 18.000000
975000 656871.941545 6868993.351608 656871.790839 6869003.350473 656849.352519 6869003.012275 656849.503225 6868993.013411 656871.941545 6868993.351608 18.000000
975000 656871.865153 6869026.565182 656871.714447 6869036.564046 656849.301560 6869036.226232 656849.452266 6869026.227367 656871.865153 6869026.565182 18.000000
980000 656871.419444 6869010.150051 656871.268738 6869020.148915 656849.582616 6869019.822055 656849.733322 6869009.823191 656871.419444 6869010.150051 18.000000
980000 656871.941545 6868993.351608 656871.790839 6869003.350473 656849.352519 6869003.012275 656849.503225 6868993.013411 656871.941545 6868993.351608 18.000000
980000 656871.865153 6869026.565182 656871.714447 6869036.564046 656849.301560 6869036.226232 656849.452266 6869026.227367 656871.865153 6869026.565182 18.000000
985000 656871.419444 6869010.150051 656871.268738 6869020.148915 656849.582616 6869019.822055 656849.733322 6869009.823191 656871.419444 6869010.150051 18.000000
985000 656871.941545 6868993.351608 656871.790839 6869003.350473 656849.352519 6869003.012275 656849.503225 6868993.013411 656871.941545 6868993.351608 18.000000
985000 656871.865153 6869026.565182 656871.714447 6869036.564046 656849.301560 6869036.226232 656849.452266 6869026.227367 656871.865153 6869026.565182 18.000000
990000 656871.419444 6869010.150051 656871.268738 6869020.148915 656849.582616 6869019.822055 656849.733322 6869009.823191 656871.419444 6869010.150051 18.000000
990000 656871.941545 6868993.351608 656871.790839 6869003.350473 656849.352519 6869003.012275 656849.503225 6868993.013411 656871.941545 6868993.351608 18.000000
990000 656871.865153 6869026.565182 656871.714447 6869036.564046 656849.301560 6869036.226232 656849.452266 6869026.227367 656871.865153 6869026.565182 18.000000
995000 656871.419444 6869010.150051 656871.268738 6869020.148915 656849.582616 6869019.822055 656849.733322 6869009.823191 656871.419444 6869010.150051 18.000000
995000 656871.941545 6868993.351608 656871.790839 6869003.350473 656849.352519 6869003.012275 656849.503225 6868993.013411 656871.941545 6868993.351608 18.000000
995000 656871.865153 6869026.565182 656871.714447 6869036.564046 656849.301560 6869036.226232 656849.452266 6869026.227367 656871.865153 6869026.565182 18.000000
1000000 656871.419444 6869010.150051 656871.268738 6869020.148915 656849.582616 6869019.822055 656849.733322 6869009.823191 656871.419444 6869010.150051 18.000000
1000000 656871.941545 6868993.351608 656871.790839 6869003.350473 656849.352519 6869003.012275 656849.503225 6868993.013411 656871.941545 6868993.351608 18.000000
1000000 656871.865153 6869026.565182 656871.714447 6869036.564046 656849.301560 6869036.226232 656849.452266 6869026.227367 656871.865153 6869026.565182 18.000000
1003747 656871.419444 6869010.150051 656871.268738 6869020.148915 656849.582616 6869019.822055 656849.733322 6869009.823191 656871.419444 6869010.150051 18.000000
1003747 656871.941545 6868993.351608 656871.790839 6869003.350473 656849.352519 6869003.012275 656849.503225 6868993.013411 656871.941545 6868993.351608 18.000000
1003747 656871.865153 6869026.565182 656871.714447 6869036.564046 656849.301560 6869036.226232 656849.452266 6869026.227367 656871.865153 6869026.565182 18.000000
1003747 656871.896113 6868977.202283 656871.745406 6868987.201147 656849.268104 6868986.862362 656849.418810 6868976.863498 656871.896113 6868977.202283 18.000000
