5000 656858.689859 6869001.299102 656868.688723 6869001.449808 656868.315558 6869026.208104 656858.316694 6869026.057398 656858.689859 6869001.299102 18.000000
10000 656858.540056 6869010.593710 656868.538920 6869010.744416 656868.107133 6869039.392138 656858.108268 6869039.241432 656858.540056 6869010.593710 18.000000
15000 656849.551620 6869007.065530 656859.550484 6869007.216236 656858.984726 6869044.752465 656848.985862 6869044.601759 656849.551620 6869007.065530 18.000000
15000 656852.969801 6868986.009559 656862.968665 6868986.160265 656862.668083 6869006.102932 656852.669219 6869005.952225 656852.969801 6868986.009559 18.000000
20000 656851.666322 6868985.399708 656861.665187 6868985.550414 656861.281532 6869011.004660 656851.282668 6869010.853954 656851.666322 6868985.399708 18.000000
25000 656866.982385 6868999.982572 656871.981817 6869000.057925 656871.693070 6869019.215353 656866.693638 6869019.140000 656866.982385 6868999.982572 6.000000
25000 656849.833120 6869008.317361 656854.832552 6869008.392714 656854.567508 6869025.977573 656849.568076 6869025.902220 656849.833120 6869008.317361 6.000000
30000 656866.779328 6868988.154345 656871.778760 6868988.229699 656871.552636 6869003.232260 656866.553204 6869003.156907 656866.779328 6868988.154345 6.000000
30000 656849.849851 6868988.700266 656854.849283 6868988.775619 656854.659452 6869001.370361 656849.660019 6869001.295008 656849.849851 6868988.700266 6.000000
35000 656851.035077 6869019.281604 656861.033941 6869019.432310 656860.679605 6869042.941368 656850.680741 6869042.790662 656851.035077 6869019.281604 18.000000
35000 656863.618774 6868987.940374 656863.468068 6868997.939238 656853.110351 6868997.783123 656853.261057 6868987.784259 656863.618774 6868987.940374 18.000000
40000 656858.377037 6868986.714213 656868.375901 6868986.864919 656867.877432 6869019.936711 656857.878568 6869019.786005 656858.377037 6868986.714213 18.000000
45000 656861.389448 6868979.124174 656871.388312 6868979.274880 656870.663976 6869027.332265 656860.665112 6869027.181559 656861.389448 6868979.124174 18.000000
45000 656849.300375 6868996.880912 656854.299807 6868996.956265 656854.107529 6869009.713320 656849.108097 6869009.637967 656849.300375 6868996.880912 6.000000
50000 656860.640428 6868982.663892 656870.639292 6868982.814598 656869.991568 6869025.789027 656859.992704 6869025.638321 656860.640428 6868982.663892 18.000000
55000 656850.038650 6868985.698891 656855.038083 6868985.774244 656854.704485 6869007.907385 656849.705053 6869007.832032 656850.038650 6868985.698891 6.000000
60000 656859.516199 6868981.679750 656869.515064 6868981.830456 656869.148840 6869006.128224 656859.149976 6869005.977518 656859.516199 6868981.679750 18.000000
60000 656857.324455 6869031.432695 656862.323888 6869031.508048 656862.113592 6869045.460453 656857.114160 6869045.385100 656857.324455 6869031.432695 6.000000
70000 656855.078871 6868992.301931 656865.077736 6868992.452637 656864.352207 6869040.589142 656854.353343 6869040.438435 656855.078871 6868992.301931 18.000000
70000 656853.125766 6868996.352249 656863.124630 6868996.502955 656862.514206 6869037.002590 656852.515342 6869036.851884 656853.125766 6868996.352249 18.000000
75000 656853.938558 6869005.739325 656863.937423 6869005.890031 656863.364714 6869043.887424 656853.365849 6869043.736718 656853.938558 6869005.739325 18.000000
75000 656870.851698 6868989.697573 656870.700992 6868999.696437 656851.215798 6868999.402750 656851.366504 6868989.403886 656870.851698 6868989.697573 18.000000
80000 656856.228636 6868983.943739 656866.227501 6868984.094445 656865.570914 6869027.656857 656855.572050 6869027.506151 656856.228636 6868983.943739 18.000000
90000 656862.126008 6868981.040810 656862.050655 6868986.040242 656849.347148 6868985.848771 656849.422502 6868980.849338 656862.126008 6868981.040810 6.000000
90000 656866.546015 6869003.255896 656871.545447 6869003.331250 656871.344402 6869016.669961 656866.344970 6869016.594608 656866.546015 6869003.255896 6.000000
90000 656866.842063 6869031.042399 656866.766710 6869036.041831 656855.762229 6869035.875968 656855.837582 6869030.876536 656866.842063 6869031.042399 6.000000
95000 656858.481917 6869012.972140 656868.480782 6869013.122846 656868.052873 6869041.513183 656858.054009 6869041.362477 656858.481917 6869012.972140 18.000000
95000 656860.197500 6868988.154005 656870.196364 6868988.304711 656869.531568 6869032.411799 656859.532704 6869032.261093 656860.197500 6868988.154005 18.000000
100000 656855.786575 6868987.717535 656865.785439 6868987.868241 656865.116185 6869032.271103 656855.117321 6869032.120397 656855.786575 6868987.717535 18.000000
100000 656861.531228 6868995.794673 656871.530092 6868995.945379 656870.883589 6869038.838762 656860.884725 6869038.688056 656861.531228 6868995.794673 18.000000
105000 656855.801112 6869006.783842 656855.725759 6869011.783275 656849.076733 6869011.683058 656849.152086 6869006.683626 656855.801112 6869006.783842 6.000000
105000 656866.618819 6869026.315352 656871.618251 6869026.390705 656871.527621 6869032.403719 656866.528189 6869032.328366 656866.618819 6869026.315352 6.000000
105000 656868.090045 6869037.169737 656868.014692 6869042.169169 656854.255675 6869041.961789 656854.331028 6869036.962356 656868.090045 6869037.169737 6.000000
105000 656860.278137 6869020.265385 656860.202784 6869025.264817 656850.697301 6869025.121547 656850.772654 6869020.122115 656860.278137 6869020.265385 6.000000
110000 656861.777831 6868988.879428 656871.776695 6868989.030134 656871.054412 6869036.951303 656861.055548 6869036.800597 656861.777831 6868988.879428 18.000000
115000 656854.400695 6869021.968081 656859.400127 6869022.043434 656859.300298 6869028.666820 656854.300866 6869028.591467 656854.400695 6869021.968081 6.000000
125000 656859.372087 6868982.982666 656869.370952 6868983.133372 656868.853671 6869017.453280 656858.854807 6869017.302574 656859.372087 6868982.982666 18.000000
130000 656850.314009 6868984.731153 656860.312873 6868984.881860 656859.603311 6869031.959067 656849.604446 6869031.808361 656850.314009 6868984.731153 18.000000
135000 656871.806634 6869032.126358 656871.655928 6869042.125222 656848.887487 6869041.782049 656849.038193 6869031.783185 656871.806634 6869032.126358 18.000000
135000 656872.116232 6868988.576303 656872.040879 6868993.575736 656865.470356 6868993.476703 656865.545709 6868988.477270 656872.116232 6868988.576303 6.000000
140000 656854.744477 6869035.288801 656854.669124 6869040.288233 656849.028728 6869040.203219 656849.104082 6869035.203787 656854.744477 6869035.288801 6.000000
140000 656849.344604 6869029.645254 656854.344036 6869029.720607 656854.150972 6869042.529759 656849.151540 6869042.454406 656849.344604 6869029.645254 6.000000
145000 656861.852722 6869028.362011 656861.777369 6869033.361443 656849.488898 6869033.176227 656849.564251 6869028.176795 656861.852722 6869028.362011 6.000000
150000 656859.450239 6868986.615612 656869.449103 6868986.766318 656868.710062 6869035.799321 656858.711198 6869035.648615 656859.450239 6868986.615612 18.000000
155000 656849.454918 6868998.217048 656854.454351 6868998.292401 656854.156601 6869018.047105 656849.157169 6869017.971752 656849.454918 6868998.217048 6.000000
160000 656856.840300 6869008.441135 656866.839164 6869008.591841 656866.354903 6869040.721030 656856.356038 6869040.570323 656856.840300 6869008.441135 18.000000
165000 656853.141798 6869007.522006 656863.140662 6869007.672712 656862.761126 6869032.853687 656852.762262 6869032.702981 656853.141798 6869007.522006 18.000000
170000 656860.685365 6868996.633707 656870.684229 6868996.784413 656870.342307 6869019.469857 656860.343443 6869019.319151 656860.685365 6868996.633707 18.000000
180000 656870.090798 6868977.922639 656869.940092 6868987.921504 656850.894452 6868987.634442 656851.045158 6868977.635577 656870.090798 6868977.922639 18.000000
180000 656853.731344 6868999.368247 656863.730208 6868999.518953 656863.104868 6869041.008244 656853.106004 6869040.857538 656853.731344 6868999.368247 18.000000
185000 656859.609958 6868998.458035 656859.534605 6869003.457467 656849.324773 6869003.303581 656849.400126 6868998.304149 656859.609958 6868998.458035 6.000000
185000 656861.426083 6868996.308182 656871.424947 6868996.458888 656870.795302 6869038.233792 656860.796438 6869038.083086 656861.426083 6868996.308182 18.000000
190000 656856.599186 6868993.495319 656866.598050 6868993.646025 656866.060680 6869029.298796 656856.061816 6869029.148090 656856.599186 6868993.495319 18.000000
195000 656861.168833 6869016.936767 656871.167697 6869017.087473 656870.789004 6869042.212550 656860.790140 6869042.061844 656861.168833 6869016.936767 18.000000
200000 656864.382222 6869001.016852 656869.381654 6869001.092205 656869.067320 6869021.947270 656864.067888 6869021.871917 656864.382222 6869001.016852 6.000000
205000 656870.650423 6869030.472750 656870.499717 6869040.471615 656849.930993 6869040.161596 656850.081699 6869030.162732 656870.650423 6869030.472750 18.000000
205000 656852.714695 6868977.895008 656862.713560 6868978.045714 656862.038180 6869022.854999 656852.039316 6869022.704293 656852.714695 6868977.895008 18.000000
210000 656870.308086 6869016.079145 656870.157380 6869026.078009 656851.615243 6869025.798536 656851.765949 6869015.799672 656870.308086 6869016.079145 18.000000
215000 656859.598575 6868979.652648 656869.597440 6868979.803354 656868.935265 6869023.736497 656858.936401 6869023.585791 656859.598575 6868979.652648 18.000000
220000 656850.898545 6869001.000630 656860.897409 6869001.151336 656860.387371 6869034.990728 656850.388507 6869034.840022 656850.898545 6869001.000630 18.000000
225000 656855.264369 6869011.619550 656865.263233 6869011.770256 656864.684968 6869050.136300 656854.686103 6869049.985593 656855.264369 6869011.619550 18.000000
225000 656870.530096 6868979.715353 656870.454743 6868984.714785 656851.706910 6868984.432212 656851.782263 6868979.432780 656870.530096 6868979.715353 6.000000
230000 656861.259417 6868981.325445 656861.184064 6868986.324877 656849.261147 6868986.145171 656849.336500 6868981.145739 656861.259417 6868981.325445 6.000000
230000 656856.016297 6868999.747583 656855.940944 6869004.747016 656849.222629 6869004.645755 656849.297982 6868999.646323 656856.016297 6868999.747583 6.000000
235000 656851.142751 6868979.449335 656861.141615 6868979.600041 656860.645240 6869012.532944 656850.646376 6869012.382238 656851.142751 6868979.449335 18.000000
240000 656867.285704 6869031.943150 656867.210351 6869036.942582 656861.716898 6869036.859783 656861.792251 6869031.860350 656867.285704 6869031.943150 6.000000
240000 656854.736245 6868990.138828 656864.735109 6868990.289534 656864.518579 6869004.655593 656854.519715 6869004.504887 656854.736245 6868990.138828 18.000000
245000 656870.551476 6869039.244750 656870.400770 6869049.243614 656848.708334 6869048.916659 656848.859040 6869038.917795 656870.551476 6869039.244750 18.000000
245000 656856.798967 6868977.719859 656866.797831 6868977.870565 656866.226255 6869015.792840 656856.227390 6869015.642134 656856.798967 6868977.719859 18.000000
250000 656870.647034 6868985.235047 656870.496328 6868995.233912 656851.129123 6868994.942003 656851.279829 6868984.943139 656870.647034 6868985.235047 18.000000
250000 656851.316758 6869009.143381 656861.315622 6869009.294087 656860.889737 6869037.550222 656850.890873 6869037.399516 656851.316758 6869009.143381 18.000000
255000 656849.371859 6869002.907711 656859.370724 6869003.058417 656858.797021 6869041.121770 656848.798156 6869040.971064 656849.371859 6869002.907711 18.000000
260000 656869.524099 6868982.750860 656869.373393 6868992.749724 656849.961332 6868992.457139 656850.112038 6868982.458275 656869.524099 6868982.750860 18.000000
260000 656855.517299 6869011.009225 656865.516163 6869011.159931 656864.995550 6869045.700950 656854.996686 6869045.550243 656855.517299 6869011.009225 18.000000
265000 656849.930804 6869000.312146 656859.929668 6869000.462852 656859.396532 6869035.834766 656849.397667 6869035.684060 656849.930804 6869000.312146 18.000000
270000 656850.783786 6868982.886570 656860.782650 6868983.037276 656860.048348 6869031.755871 656850.049484 6869031.605165 656850.783786 6868982.886570 18.000000
275000 656871.716136 6869038.547757 656871.640783 6869043.547189 656859.455381 6869043.363527 656859.530734 6869038.364095 656871.716136 6869038.547757 6.000000
275000 656871.640409 6869007.776241 656871.489703 6869017.775105 656851.810615 6869017.478496 656851.961321 6869007.479632 656871.640409 6869007.776241 18.000000
280000 656849.283334 6868987.516564 656854.282767 6868987.591917 656854.159358 6868995.779694 656849.159926 6868995.704341 656849.283334 6868987.516564 6.000000
280000 656857.006602 6869022.512036 656867.005466 6869022.662742 656866.614901 6869048.575505 656856.616036 6869048.424799 656857.006602 6869022.512036 18.000000
285000 656858.546293 6869027.843264 656868.545158 6869027.993970 656868.263857 6869046.657360 656858.264993 6869046.506654 656858.546293 6869027.843264 18.000000
285000 656849.717088 6868982.608387 656859.715952 6868982.759093 656859.127204 6869021.820670 656849.128340 6869021.669964 656849.717088 6868982.608387 18.000000
290000 656849.876088 6868984.183520 656854.875520 6868984.258873 656854.563641 6869004.951016 656849.564209 6869004.875663 656849.876088 6868984.183520 6.000000
295000 656871.488175 6868978.183752 656871.337469 6868988.182616 656849.847378 6868987.858710 656849.998084 6868977.859846 656871.488175 6868978.183752 18.000000
295000 656858.992390 6869032.638657 656858.917037 6869037.638090 656849.075229 6869037.489751 656849.150582 6869032.490319 656858.992390 6869032.638657 6.000000
300000 656859.402144 6868994.534821 656869.401008 6868994.685527 656868.861455 6869030.483161 656858.862590 6869030.332455 656859.402144 6868994.534821 18.000000
305000 656849.713259 6868988.723358 656859.712123 6868988.874065 656859.138235 6869026.949697 656849.139370 6869026.798991 656849.713259 6868988.723358 18.000000
310000 656859.096885 6868978.830928 656869.095750 6868978.981635 656868.438582 6869022.582636 656858.439717 6869022.431929 656859.096885 6868978.830928 18.000000
315000 656855.656447 6869008.807208 656865.655311 6869008.957914 656865.055785 6869048.734551 656855.056921 6869048.583845 656855.656447 6869008.807208 18.000000
315000 656872.116343 6868978.835266 656871.965636 6868988.834130 656849.603428 6868988.497080 656849.754134 6868978.498215 656872.116343 6868978.835266 18.000000
320000 656872.116343 6868978.835266 656871.965636 6868988.834130 656849.603428 6868988.497080 656849.754134 6868978.498215 656872.116343 6868978.835266 18.000000
320000 656855.352634 6869011.087930 656865.351498 6869011.238636 656864.785067 6869048.819552 656854.786202 6869048.668846 656855.352634 6869011.087930 18.000000
325000 656860.993118 6868986.794798 656870.991982 6868986.945504 656870.617080 6869011.819071 656860.618216 6869011.668365 656860.993118 6868986.794798 18.000000
330000 656856.654859 6869012.627083 656866.653723 6869012.777789 656866.117215 6869048.373363 656856.118351 6869048.222657 656856.654859 6869012.627083 18.000000
330000 656871.940333 6868980.472066 656871.864980 6868985.471498 656858.618868 6868985.271848 656858.694221 6868980.272416 656871.940333 6868980.472066 6.000000
335000 656852.875801 6868986.935415 656862.874665 6868987.086121 656862.271473 6869027.105967 656852.272609 6869026.955261 656852.875801 6868986.935415 18.000000
340000 656854.983112 6868986.956777 656864.981976 6868987.107483 656864.314568 6869031.387856 656854.315704 6869031.237150 656854.983112 6868986.956777 18.000000
345000 656854.572559 6868978.111902 656864.571424 6868978.262608 656864.043489 6869013.289397 656854.044624 6869013.138691 656854.572559 6868978.111902 18.000000
350000 656865.291155 6868978.724564 656865.215802 6868983.723996 656849.372833 6868983.485206 656849.448186 6868978.485774 656865.291155 6868978.724564 6.000000
350000 656858.050194 6869006.267252 656868.049058 6869006.417958 656867.556537 6869039.095178 656857.557673 6869038.944472 656858.050194 6869006.267252 18.000000
355000 656855.031983 6868999.395432 656865.030847 6868999.546138 656864.317014 6869046.906723 656854.318149 6869046.756017 656855.031983 6868999.395432 18.000000
355000 656861.403003 6869002.435999 656871.401867 6869002.586705 656870.776075 6869044.106017 656860.777211 6869043.955311 656861.403003 6869002.435999 18.000000
360000 656849.533467 6868985.400764 656854.532899 6868985.476117 656854.403052 6868994.091090 656849.403620 6868994.015737 656849.533467 6868985.400764 6.000000
365000 656856.397916 6868998.529764 656866.396780 6868998.680470 656865.674397 6869046.608312 656855.675532 6869046.457606 656856.397916 6868998.529764 18.000000
365000 656871.215349 6868979.859084 656871.064643 6868989.857948 656849.468742 6868989.532448 656849.619448 6868979.533583 656871.215349 6868979.859084 18.000000
370000 656871.275664 6869035.453175 656871.124958 6869045.452039 656849.570762 6869045.127167 656849.721468 6869035.128303 656871.275664 6869035.453175 18.000000
370000 656864.792086 6869003.613962 656864.716733 6869008.613394 656849.191765 6869008.379397 656849.267119 6869003.379964 656864.792086 6869003.613962 6.000000
370000 656871.915029 6868983.803096 656871.839676 6868988.802528 656865.915398 6868988.713235 656865.990751 6868983.713803 656871.915029 6868983.803096 6.000000
375000 656871.275664 6869035.453175 656871.124958 6869045.452039 656849.570762 6869045.127167 656849.721468 6869035.128303 656871.275664 6869035.453175 18.000000
375000 656872.138850 6868983.900094 656872.063497 6868988.899526 656855.859950 6868988.655301 656855.935303 6868983.655869 656872.138850 6868983.900094 6.000000
375000 656871.838463 6869017.241552 656871.687757 6869027.240416 656850.484405 6869026.920833 656850.635111 6869016.921968 656871.838463 6869017.241552 18.000000
380000 656849.701161 6869001.826485 656854.700593 6869001.901838 656854.324252 6869026.870867 656849.324820 6869026.795514 656849.701161 6869001.826485 6.000000
380000 656866.048048 6869035.166676 656871.047480 6869035.242029 656870.907685 6869044.517024 656865.908253 6869044.441671 656866.048048 6869035.166676 6.000000
385000 656861.530985 6868977.716228 656871.529849 6868977.866934 656871.063363 6869008.816841 656861.064498 6869008.666135 656861.530985 6868977.716228 18.000000
390000 656859.152874 6869005.528734 656869.151738 6869005.679440 656868.652697 6869038.789226 656858.653832 6869038.638520 656859.152874 6869005.528734 18.000000
395000 656857.873276 6868977.370231 656867.872140 6868977.520937 656867.196608 6869022.340341 656857.197744 6869022.189635 656857.873276 6868977.370231 18.000000
400000 656866.956708 6869014.968821 656871.956140 6869015.044174 656871.647973 6869035.490104 656866.648540 6869035.414751 656866.956708 6869014.968821 6.000000
400000 656856.755136 6869019.215537 656856.679783 6869024.214969 656848.957894 6869024.098582 656849.033247 6869019.099150 656856.755136 6869019.215537 6.000000
400000 656849.991708 6869023.977673 656854.991140 6869024.053026 656854.630724 6869047.965425 656849.631292 6869047.890072 656849.991708 6869023.977673 6.000000
405000 656852.300546 6868998.799815 656862.299410 6868998.950521 656861.609013 6869044.756140 656851.610149 6869044.605434 656852.300546 6868998.799815 18.000000
410000 656858.071510 6868992.932045 656868.070374 6868993.082751 656867.371313 6869039.463181 656857.372449 6869039.312475 656858.071510 6868992.932045 18.000000
415000 656854.427437 6868979.603286 656864.426301 6868979.753992 656863.797778 6869021.454463 656853.798914 6869021.303757 656854.427437 6868979.603286 18.000000
420000 656851.475201 6868988.939531 656861.474065 6868989.090237 656860.805401 6869033.453996 656850.806536 6869033.303290 656851.475201 6868988.939531 18.000000
425000 656858.561748 6868981.448344 656868.560613 6868981.599050 656867.837491 6869029.575856 656857.838627 6869029.425150 656858.561748 6868981.448344 18.000000
430000 656854.697912 6868993.630269 656864.696776 6868993.780975 656863.991753 6869040.557021 656853.992888 6869040.406315 656854.697912 6868993.630269 18.000000
435000 656871.103809 6868982.074525 656870.953102 6868992.073389 656850.115959 6868991.759325 656850.266665 6868981.760461 656871.103809 6868982.074525 18.000000
440000 656871.909900 6868980.395013 656871.759194 6868990.393877 656850.119806 6868990.067721 656850.270512 6868980.068857 656871.909900 6868980.395013 18.000000
440000 656852.345180 6869006.100518 656862.344044 6869006.251224 656861.706482 6869048.551430 656851.707617 6869048.400724 656852.345180 6869006.100518 18.000000
445000 656853.690682 6869001.204753 656863.689547 6869001.355459 656863.102208 6869040.323507 656853.103343 6869040.172801 656853.690682 6869001.204753 18.000000
445000 656871.458210 6868984.146064 656871.307504 6868994.144929 656849.494152 6868993.816151 656849.644858 6868983.817286 656871.458210 6868984.146064 18.000000
450000 656870.461119 6869005.530540 656870.310413 6869015.529404 656849.279278 6869015.212417 656849.429984 6869005.213552 656870.461119 6869005.530540 18.000000
455000 656870.310781 6868980.420111 656870.160075 6868990.418976 656850.495490 6868990.122585 656850.646196 6868980.123720 656870.310781 6868980.420111 18.000000
455000 656860.975498 6868999.393921 656870.974363 6868999.544627 656870.327233 6869042.479602 656860.328369 6869042.328895 656860.975498 6868999.393921 18.000000
460000 656858.407423 6868978.935299 656868.406287 6868979.086005 656867.762764 6869021.781677 656857.763900 6869021.630971 656858.407423 6868978.935299 18.000000
460000 656870.486012 6869035.979180 656870.335306 6869045.978045 656849.298573 6869045.660972 656849.449279 6869035.662108 656870.486012 6869035.979180 18.000000
465000 656866.095202 6869038.685848 656866.019849 6869043.685280 656848.959550 6869043.428142 656849.034903 6869038.428710 656866.095202 6869038.685848 6.000000
465000 656870.188974 6868991.716131 656870.038268 6869001.714995 656852.724810 6869001.454041 656852.875516 6868991.455177 656870.188974 6868991.716131 18.000000
470000 656849.819581 6869004.676140 656859.818446 6869004.826846 656859.207323 6869045.372884 656849.208459 6869045.222178 656849.819581 6869004.676140 18.000000
475000 656860.466563 6868977.355694 656870.465427 6868977.506400 656869.941023 6869012.298912 656859.942159 6869012.148206 656860.466563 6868977.355694 18.000000
475000 656856.208120 6868983.676005 656866.206984 6868983.826711 656865.564561 6869026.449436 656855.565697 6869026.298730 656856.208120 6868983.676005 18.000000
480000 656871.672596 6868986.027027 656871.521890 6868996.025891 656849.997818 6868995.701474 656850.148524 6868985.702609 656871.672596 6868986.027027 18.000000
480000 656870.768061 6869022.408938 656870.617355 6869032.407802 656849.087918 6869032.083304 656849.238625 6869022.084439 656870.768061 6869022.408938 18.000000
485000 656871.672596 6868986.027027 656871.521890 6868996.025891 656849.997818 6868995.701474 656850.148524 6868985.702609 656871.672596 6868986.027027 18.000000
485000 656870.768061 6869022.408938 656870.617355 6869032.407802 656849.087918 6869032.083304 656849.238625 6869022.084439 656870.768061 6869022.408938 18.000000
485000 656869.937107 6869003.559891 656869.786401 6869013.558755 656849.081373 6869013.246682 656849.232079 6869003.247818 656869.937107 6869003.559891 18.000000
490000 656870.665637 6869032.066127 656870.514931 6869042.064991 656848.862968 6869041.738646 656849.013674 6869031.739782 656870.665637 6869032.066127 18.000000
490000 656851.724175 6868980.462241 656861.723039 6868980.612947 656861.017080 6869027.451062 656851.018216 6869027.300356 656851.724175 6868980.462241 18.000000
495000 656870.665637 6869032.066127 656870.514931 6869042.064991 656848.862968 6869041.738646 656849.013674 6869031.739782 656870.665637 6869032.066127 18.000000
495000 656871.542336 6869006.473783 656871.391630 6869016.472647 656849.557149 6869016.143551 656849.707855 6869006.144687 656871.542336 6869006.473783 18.000000
500000 656870.665637 6869032.066127 656870.514931 6869042.064991 656848.862968 6869041.738646 656849.013674 6869031.739782 656870.665637 6869032.066127 18.000000
500000 656871.926149 6869003.856500 656871.850796 6869008.855932 656856.962689 6869008.631533 656857.038042 6869003.632101 656871.926149 6869003.856500 6.000000
500000 656867.003206 6868981.194290 656872.002638 6868981.269643 656871.747157 6868998.220000 656866.747725 6868998.144647 656867.003206 6868981.194290 6.000000
505000 656866.647429 6869020.497026 656871.646861 6869020.572379 656871.462363 6869032.813235 656866.462931 6869032.737882 656866.647429 6869020.497026 6.000000
505000 656857.866583 6869010.965850 656857.791230 6869015.965282 656849.003449 6869015.832830 656849.078802 6869010.833397 656857.866583 6869010.965850 6.000000
505000 656868.344152 6868982.432418 656868.193446 6868992.431283 656852.834542 6868992.199788 656852.985248 6868982.200924 656868.344152 6868982.432418 18.000000
510000 656850.364559 6868996.081180 656860.363423 6868996.231886 656859.640282 6869044.209981 656849.641418 6869044.059275 656850.364559 6868996.081180 18.000000
515000 656850.445327 6869003.003167 656860.444192 6869003.153873 656859.768399 6869047.990581 656849.769534 6869047.839875 656850.445327 6869003.003167 18.000000
520000 656850.591670 6868988.517949 656860.590534 6868988.668655 656860.153451 6869017.667713 656850.154587 6869017.517006 656850.591670 6868988.517949 18.000000
525000 656865.300385 6868984.169766 656865.225032 6868989.169198 656849.308266 6868988.929296 656849.383620 6868983.929864 656865.300385 6868984.169766 6.000000
525000 656859.054307 6869008.677674 656869.053172 6869008.828380 656868.543096 6869042.670297 656858.544231 6869042.519591 656859.054307 6869008.677674 18.000000
530000 656860.235980 6869016.930500 656870.234844 6869017.081206 656869.864255 6869041.668628 656859.865391 6869041.517922 656860.235980 6869016.930500 18.000000
530000 656849.294675 6868989.061797 656854.294107 6868989.137150 656854.173679 6868997.127156 656849.174247 6868997.051803 656849.294675 6868989.061797 6.000000
535000 656872.206138 6868986.856791 656872.130785 6868991.856223 656849.274122 6868991.511720 656849.349475 6868986.512288 656872.206138 6868986.856791 6.000000
535000 656869.232149 6869025.988072 656869.081443 6869035.986936 656849.875823 6869035.697463 656850.026529 6869025.698599 656869.232149 6869025.988072 18.000000
540000 656869.232149 6869025.988072 656869.081443 6869035.986936 656849.875823 6869035.697463 656850.026529 6869025.698599 656869.232149 6869025.988072 18.000000
540000 656860.998402 6868985.938501 656870.997266 6868986.089208 656870.501735 6869018.966143 656860.502870 6869018.815437 656860.998402 6868985.938501 18.000000
545000 656850.788335 6868998.042844 656860.787199 6868998.193550 656860.069565 6869045.806273 656850.070701 6869045.655567 656850.788335 6868998.042844 18.000000
550000 656871.205698 6869032.267292 656871.054992 6869042.266156 656850.166563 6869041.951319 656850.317269 6869031.952455 656871.205698 6869032.267292 18.000000
550000 656857.593384 6868984.459747 656867.592249 6868984.610453 656867.082294 6869018.444314 656857.083429 6869018.293608 656857.593384 6868984.459747 18.000000
555000 656869.395159 6869022.314986 656869.244453 6869032.313850 656849.468761 6869032.015785 656849.619467 6869022.016920 656869.395159 6869022.314986 18.000000
555000 656870.307240 6868999.551564 656870.156534 6869009.550428 656850.926971 6869009.260594 656851.077677 6868999.261730 656870.307240 6868999.551564 18.000000
560000 656861.826514 6869000.233959 656871.825378 6869000.384666 656871.099183 6869048.565372 656861.100319 6869048.414665 656861.826514 6869000.233959 18.000000
565000 656852.853406 6868999.022502 656862.852270 6868999.173208 656862.260583 6869038.429733 656852.261719 6869038.279027 656852.853406 6868999.022502 18.000000
570000 656849.856582 6868990.344471 656859.855447 6868990.495177 656859.388135 6869021.499811 656849.389270 6869021.349105 656849.856582 6868990.344471 18.000000
575000 656849.307160 6869024.244716 656854.306592 6869024.320069 656853.955804 6869047.593715 656848.956372 6869047.518362 656849.307160 6869024.244716 6.000000
575000 656871.862031 6868997.765882 656871.786678 6869002.765314 656849.439057 6869002.428483 656849.514410 6868997.429051 656871.862031 6868997.765882 6.000000
580000 656861.246620 6868987.396424 656871.245485 6868987.547130 656870.533928 6869034.756666 656860.535063 6869034.605960 656861.246620 6868987.396424 18.000000
585000 656856.021730 6868982.782957 656866.020595 6868982.933663 656865.309536 6869030.110111 656855.310672 6869029.959405 656856.021730 6868982.782957 18.000000
590000 656849.706084 6868994.365266 656859.704948 6868994.515972 656859.058865 6869037.381499 656849.060001 6869037.230793 656849.706084 6868994.365266 18.000000
595000 656866.732012 6868986.801349 656871.731444 6868986.876702 656871.405296 6869008.515594 656866.405863 6869008.440241 656866.732012 6868986.801349 6.000000
595000 656871.545532 6869032.470127 656871.394826 6869042.468991 656852.099465 6869042.178166 656852.250171 6869032.179301 656871.545532 6869032.470127 18.000000
595000 656849.557277 6868992.925398 656854.556709 6868993.000751 656854.245570 6869013.643834 656849.246138 6869013.568481 656849.557277 6868992.925398 6.000000
600000 656865.122112 6868980.034024 656865.046759 6868985.033456 656849.453780 6868984.798434 656849.529133 6868979.799002 656865.122112 6868980.034024 6.000000
600000 656859.808817 6869005.294622 656869.807681 6869005.445328 656869.370895 6869034.424713 656859.372030 6869034.274007 656859.808817 6869005.294622 18.000000
605000 656858.128439 6868978.180320 656868.127303 6868978.331026 656867.387492 6869027.415109 656857.388628 6869027.264403 656858.128439 6868978.180320 18.000000
610000 656849.245891 6868998.315110 656854.245323 6868998.390463 656854.065228 6869010.339248 656849.065795 6869010.263895 656849.245891 6868998.315110 6.000000
610000 656867.138841 6868988.400402 656872.138273 6868988.475755 656871.967718 6868999.791509 656866.968286 6868999.716155 656867.138841 6868988.400402 6.000000
610000 656849.325223 6868980.317239 656854.324655 6868980.392592 656854.202053 6868988.526833 656849.202621 6868988.451480 656849.325223 6868980.317239 6.000000
610000 656871.751261 6869031.212884 656871.600554 6869041.211748 656851.461493 6869040.908206 656851.612199 6869030.909341 656871.751261 6869031.212884 18.000000
615000 656852.692763 6869000.214128 656862.691628 6869000.364834 656861.959907 6869048.912138 656851.961043 6869048.761432 656852.692763 6869000.214128 18.000000
620000 656854.427978 6869001.387628 656864.426842 6869001.538334 656863.928838 6869034.579354 656853.929973 6869034.428648 656854.427978 6869001.387628 18.000000
625000 656870.193653 6868982.307289 656870.042947 6868992.306154 656849.667933 6868991.999055 656849.818639 6868982.000191 656870.193653 6868982.307289 18.000000
625000 656870.552836 6869003.372183 656870.402130 6869013.371047 656849.764524 6869013.059990 656849.915230 6869003.061126 656870.552836 6869003.372183 18.000000
630000 656870.193653 6868982.307289 656870.042947 6868992.306154 656849.667933 6868991.999055 656849.818639 6868982.000191 656870.193653 6868982.307289 18.000000
630000 656870.812694 6869038.211666 656870.661988 6869048.210530 656850.230788 6869047.902584 656850.381494 6869037.903720 656870.812694 6869038.211666 18.000000
630000 656870.220404 6869004.332213 656870.069698 6869014.331078 656849.102862 6869014.015059 656849.253568 6869004.016194 656870.220404 6869004.332213 18.000000
635000 656870.812694 6869038.211666 656870.661988 6869048.210530 656850.230788 6869047.902584 656850.381494 6869037.903720 656870.812694 6869038.211666 18.000000
635000 656870.220404 6869004.332213 656870.069698 6869014.331078 656849.102862 6869014.015059 656849.253568 6869004.016194 656870.220404 6869004.332213 18.000000
635000 656871.201586 6869020.428213 656871.050880 6869030.427077 656849.758641 6869030.106154 656849.909347 6869020.107289 656871.201586 6869020.428213 18.000000
640000 656870.812694 6869038.211666 656870.661988 6869048.210530 656850.230788 6869047.902584 656850.381494 6869037.903720 656870.812694 6869038.211666 18.000000
640000 656871.201586 6869020.428213 656871.050880 6869030.427077 656849.758641 6869030.106154 656849.909347 6869020.107289 656871.201586 6869020.428213 18.000000
640000 656872.003514 6868984.863229 656871.852808 6868994.862093 656849.824618 6868994.530078 656849.975324 6868984.531213 656872.003514 6868984.863229 18.000000
645000 656870.812694 6869038.211666 656870.661988 6869048.210530 656850.230788 6869047.902584 656850.381494 6869037.903720 656870.812694 6869038.211666 18.000000
645000 656871.201586 6869020.428213 656871.050880 6869030.427077 656849.758641 6869030.106154 656849.909347 6869020.107289 656871.201586 6869020.428213 18.000000
645000 656870.398926 6868996.712601 656870.248220 6869006.711465 656849.686215 6869006.401548 656849.836921 6868996.402684 656870.398926 6868996.712601 18.000000
650000 656870.812694 6869038.211666 656870.661988 6869048.210530 656850.230788 6869047.902584 656850.381494 6869037.903720 656870.812694 6869038.211666 18.000000
650000 656871.201586 6869020.428213 656871.050880 6869030.427077 656849.758641 6869030.106154 656849.909347 6869020.107289 656871.201586 6869020.428213 18.000000
650000 656870.398926 6868996.712601 656870.248220 6869006.711465 656849.686215 6869006.401548 656849.836921 6868996.402684 656870.398926 6868996.712601 18.000000
655000 656870.812694 6869038.211666 656870.661988 6869048.210530 656850.230788 6869047.902584 656850.381494 6869037.903720 656870.812694 6869038.211666 18.000000
655000 656871.201586 6869020.428213 656871.050880 6869030.427077 656849.758641 6869030.106154 656849.909347 6869020.107289 656871.201586 6869020.428213 18.000000
655000 656870.398926 6868996.712601 656870.248220 6869006.711465 656849.686215 6869006.401548 656849.836921 6868996.402684 656870.398926 6868996.712601 18.000000
660000 656870.812694 6869038.211666 656870.661988 6869048.210530 656850.230788 6869047.902584 656850.381494 6869037.903720 656870.812694 6869038.211666 18.000000
660000 656871.201586 6869020.428213 656871.050880 6869030.427077 656849.758641 6869030.106154 656849.909347 6869020.107289 656871.201586 6869020.428213 18.000000
660000 656870.398926 6868996.712601 656870.248220 6869006.711465 656849.686215 6869006.401548 656849.836921 6868996.402684 656870.398926 6868996.712601 18.000000
665000 656870.812694 6869038.211666 656870.661988 6869048.210530 656850.230788 6869047.902584 656850.381494 6869037.903720 656870.812694 6869038.211666 18.000000
665000 656871.201586 6869020.428213 656871.050880 6869030.427077 656849.758641 6869030.106154 656849.909347 6869020.107289 656871.201586 6869020.428213 18.000000
665000 656870.398926 6868996.712601 656870.248220 6869006.711465 656849.686215 6869006.401548 656849.836921 6868996.402684 656870.398926 6868996.712601 18.000000
670000 656870.812694 6869038.211666 656870.661988 6869048.210530 656850.230788 6869047.902584 656850.381494 6869037.903720 656870.812694 6869038.211666 18.000000
670000 656871.201586 6869020.428213 656871.050880 6869030.427077 656849.758641 6869030.106154 656849.909347 6869020.107289 656871.201586 6869020.428213 18.000000
670000 656871.943841 6868981.091093 656871.793135 6868991.089957 656849.529122 6868990.754387 656849.679828 6868980.755522 656871.943841 6868981.091093 18.000000
675000 656871.201586 6869020.428213 656871.050880 6869030.427077 656849.758641 6869030.106154 656849.909347 6869020.107289 656871.201586 6869020.428213 18.000000
675000 656871.943841 6868981.091093 656871.793135 6868991.089957 656849.529122 6868990.754387 656849.679828 6868980.755522 656871.943841 6868981.091093 18.000000
675000 656871.665719 6868998.504944 656871.515013 6869008.503808 656850.348726 6869008.184783 656850.499432 6868998.185919 656871.665719 6868998.504944 18.000000
680000 656871.201586 6869020.428213 656871.050880 6869030.427077 656849.758641 6869030.106154 656849.909347 6869020.107289 656871.201586 6869020.428213 18.000000
680000 656871.943841 6868981.091093 656871.793135 6868991.089957 656849.529122 6868990.754387 656849.679828 6868980.755522 656871.943841 6868981.091093 18.000000
680000 656871.665719 6868998.504944 656871.515013 6869008.503808 656850.348726 6869008.184783 656850.499432 6868998.185919 656871.665719 6868998.504944 18.000000
685000 656871.201586 6869020.428213 656871.050880 6869030.427077 656849.758641 6869030.106154 656849.909347 6869020.107289 656871.201586 6869020.428213 18.000000
685000 656871.943841 6868981.091093 656871.793135 6868991.089957 656849.529122 6868990.754387 656849.679828 6868980.755522 656871.943841 6868981.091093 18.000000
685000 656871.665719 6868998.504944 656871.515013 6869008.503808 656850.348726 6869008.184783 656850.499432 6868998.185919 656871.665719 6868998.504944 18.000000
690000 656871.943841 6868981.091093 656871.793135 6868991.089957 656849.529122 6868990.754387 656849.679828 6868980.755522 656871.943841 6868981.091093 18.000000
690000 656871.665719 6868998.504944 656871.515013 6869008.503808 656850.348726 6869008.184783 656850.499432 6868998.185919 656871.665719 6868998.504944 18.000000
690000 656871.457986 6869016.048470 656871.307280 6869026.047335 656849.649778 6869025.720906 656849.800484 6869015.722042 656871.457986 6869016.048470 18.000000
693865 656871.943841 6868981.091093 656871.793135 6868991.089957 656849.529122 6868990.754387 656849.679828 6868980.755522 656871.943841 6868981.091093 18.000000
693865 656871.665719 6868998.504944 656871.515013 6869008.503808 656850.348726 6869008.184783 656850.499432 6868998.185919 656871.665719 6868998.504944 18.000000
693865 656871.457986 6869016.048470 656871.307280 6869026.047335 656849.649778 6869025.720906 656849.800484 6869015.722042 656871.457986 6869016.048470 18.000000
693865 656871.023514 6869032.684430 656870.872808 6869042.683294 656849.334779 6869042.358666 656849.485485 6869032.359802 656871.023514 6869032.684430 18.000000
