5000 656857.083537 6869004.755419 656867.082401 6869004.906125 656866.585529 6869037.871974 656856.586665 6869037.721268 656857.083537 6869004.755419 18.000000
10000 656856.643573 6868989.528244 656866.642438 6868989.678950 656866.307948 6869011.871273 656856.309084 6869011.720567 656856.643573 6868989.528244 18.000000
15000 656870.132592 6868995.732346 656869.981886 6869005.731210 656849.384408 6869005.420759 656849.535114 6868995.421894 656870.132592 6868995.732346 18.000000
15000 656871.161084 6869040.360354 656871.085731 6869045.359786 656853.804124 6869045.099312 656853.879477 6869040.099880 656871.161084 6869040.360354 6.000000
20000 656861.009556 6868982.479588 656871.008421 6868982.630294 656870.262209 6869032.139081 656860.263344 6869031.988375 656861.009556 6868982.479588 18.000000
20000 656870.375308 6869037.223637 656870.299955 6869042.223069 656862.098516 6869042.099454 656862.173869 6869037.100022 656870.375308 6869037.223637 6.000000
25000 656857.070179 6869012.459035 656867.069044 6869012.609741 656866.499435 6869050.401444 656856.500571 6869050.250738 656857.070179 6869012.459035 18.000000
30000 656871.962078 6868979.909544 656871.811372 6868989.908409 656849.971352 6868989.579229 656850.122058 6868979.580365 656871.962078 6868979.909544 18.000000
35000 656860.224167 6868981.218215 656870.223031 6868981.368921 656869.868703 6869004.877505 656859.869838 6869004.726799 656860.224167 6868981.218215 18.000000
40000 656849.833910 6868979.967521 656854.833342 6868980.042874 656854.531257 6869000.085254 656849.531825 6869000.009901 656849.833910 6868979.967521 6.000000
45000 656861.909970 6869000.186651 656871.908835 6869000.337357 656871.406754 6869033.648831 656861.407889 6869033.498125 656861.909970 6869000.186651 18.000000
45000 656849.934657 6869000.072220 656854.934089 6869000.147573 656854.708941 6869015.085404 656849.709509 6869015.010051 656849.934657 6869000.072220 6.000000
50000 656866.620056 6868986.258505 656871.619488 6868986.333858 656871.335954 6869005.145481 656866.336522 6869005.070128 656866.620056 6868986.258505 6.000000
50000 656849.438605 6869002.973371 656854.438037 6869003.048724 656854.201841 6869018.719569 656849.202409 6869018.644216 656849.438605 6869002.973371 6.000000
50000 656862.848438 6869029.839370 656862.773085 6869034.838802 656855.655620 6869034.731525 656855.730974 6869029.732093 656862.848438 6869029.839370 6.000000
55000 656859.877969 6869010.576112 656859.802616 6869015.575544 656849.256072 6869015.416583 656849.331425 6869010.417151 656859.877969 6869010.576112 6.000000
65000 656849.351541 6868991.478516 656859.350406 6868991.629222 656859.031834 6869012.765446 656849.032969 6869012.614740 656849.351541 6868991.478516 18.000000
65000 656864.059055 6869030.278401 656869.058487 6869030.353754 656868.829934 6869045.517556 656863.830502 6869045.442203 656864.059055 6869030.278401 6.000000
70000 656867.019088 6868981.268558 656872.018521 6868981.343911 656871.913199 6868988.331665 656866.913767 6868988.256312 656867.019088 6868981.268558 6.000000
75000 656855.017562 6868978.999285 656865.016426 6868979.149991 656864.272181 6869028.528263 656854.273317 6869028.377557 656855.017562 6868978.999285 18.000000
80000 656871.761593 6869039.756810 656871.686240 6869044.756242 656848.947765 6869044.413520 656849.023118 6869039.414088 656871.761593 6869039.756810 6.000000
80000 656852.364840 6868975.574213 656862.363704 6868975.724919 656862.172488 6868988.411536 656852.173623 6868988.260830 656852.364840 6868975.574213 18.000000
85000 656849.212760 6869018.848987 656854.212192 6869018.924340 656854.095769 6869026.648636 656849.096337 6869026.573283 656849.212760 6869018.848987 6.000000
85000 656866.896215 6869024.498303 656871.895647 6869024.573656 656871.648761 6869040.953771 656866.649329 6869040.878418 656866.896215 6869024.498303 6.000000
85000 656872.211742 6868980.262654 656872.136389 6868985.262087 656858.208223 6868985.052157 656858.283576 6868980.052725 656872.211742 6868980.262654 6.000000
90000 656866.630629 6869019.590069 656871.630061 6869019.665422 656871.465238 6869030.600931 656866.465806 6869030.525578 656866.630629 6869019.590069 6.000000
95000 656856.703114 6868995.461158 656866.701978 6868995.611864 656866.142283 6869032.745811 656856.143419 6869032.595105 656856.703114 6868995.461158 18.000000
100000 656861.584316 6868997.554082 656871.583180 6868997.704789 656871.233167 6869020.927031 656861.234303 6869020.776325 656861.584316 6868997.554082 18.000000
105000 656851.649109 6868999.831255 656861.647973 6868999.981961 656861.159627 6869032.382157 656851.160763 6869032.231451 656851.649109 6868999.831255 18.000000
105000 656865.409554 6869039.423674 656870.408987 6869039.499027 656870.312454 6869045.903651 656865.313022 6869045.828298 656865.409554 6869039.423674 6.000000
110000 656860.334279 6869010.191594 656870.333143 6869010.342300 656869.758375 6869048.476305 656859.759511 6869048.325599 656860.334279 6869010.191594 18.000000
115000 656851.255803 6868995.538535 656861.254668 6868995.689241 656860.598880 6869039.198647 656850.600016 6869039.047941 656851.255803 6868995.538535 18.000000
120000 656858.961104 6868990.186134 656868.959968 6868990.336840 656868.253287 6869037.222896 656858.254422 6869037.072190 656858.961104 6868990.186134 18.000000
125000 656857.000667 6868994.668066 656866.999531 6868994.818772 656866.256214 6869044.135500 656856.257350 6869043.984794 656857.000667 6868994.668066 18.000000
130000 656849.675909 6869010.609051 656854.675341 6869010.684404 656854.378814 6869030.358015 656849.379382 6869030.282662 656849.675909 6869010.609051 6.000000
130000 656849.008197 6869040.344434 656854.007629 6869040.419787 656853.926767 6869045.784742 656848.927335 6869045.709389 656849.008197 6869040.344434 6.000000
130000 656867.578200 6868997.509121 656867.502847 6869002.508553 656857.711506 6869002.360975 656857.786859 6868997.361543 656867.578200 6868997.509121 6.000000
135000 656859.221844 6869006.274755 656869.220708 6869006.425461 656868.562677 6869050.083738 656858.563812 6869049.933032 656859.221844 6869006.274755 18.000000
140000 656849.156913 6869024.550320 656854.156345 6869024.625673 656854.013681 6869034.090961 656849.014249 6869034.015608 656849.156913 6869024.550320 6.000000
145000 656872.157039 6868987.780345 656872.006333 6868997.779209 656851.917677 6868997.476426 656852.068383 6868987.477562 656872.157039 6868987.780345 18.000000
145000 656858.925444 6869006.444867 656868.924308 6869006.595573 656868.412041 6869040.582883 656858.413176 6869040.432177 656858.925444 6869006.444867 18.000000
150000 656870.456724 6868981.166798 656870.306018 6868991.165662 656850.682535 6868990.869891 656850.833241 6868980.871026 656870.456724 6868981.166798 18.000000
150000 656852.362671 6869002.323326 656862.361536 6869002.474032 656861.708002 6869045.833894 656851.709138 6869045.683188 656852.362671 6869002.323326 18.000000
160000 656861.679537 6868978.615963 656871.678401 6868978.766669 656870.987457 6869024.608572 656860.988593 6869024.457866 656861.679537 6868978.615963 18.000000
160000 656849.286899 6869026.632676 656854.286331 6869026.708029 656853.983821 6869046.778621 656848.984389 6869046.703268 656849.286899 6869026.632676 6.000000
165000 656855.177979 6869011.101717 656865.176843 6869011.252423 656864.685929 6869043.823022 656854.687065 6869043.672316 656855.177979 6869011.101717 18.000000
170000 656859.311230 6868980.155423 656859.235877 6868985.154855 656849.461907 6868985.007539 656849.537260 6868980.008107 656859.311230 6868980.155423 6.000000
170000 656859.959521 6869003.294225 656869.958385 6869003.444931 656869.311025 6869046.395193 656859.312161 6869046.244487 656859.959521 6869003.294225 18.000000
175000 656849.277292 6869012.636383 656854.276725 6869012.711736 656854.059697 6869027.110819 656849.060265 6869027.035466 656849.277292 6869012.636383 6.000000
180000 656866.752996 6869026.441682 656871.752428 6869026.517035 656871.652003 6869033.179902 656866.652571 6869033.104549 656866.752996 6869026.441682 6.000000
180000 656868.274267 6869003.824224 656868.198914 6869008.823657 656855.307390 6869008.629351 656855.382743 6869003.629919 656868.274267 6869003.824224 6.000000
185000 656857.506524 6868981.425994 656867.505388 6868981.576700 656867.128457 6869006.584861 656857.129593 6869006.434155 656857.506524 6868981.425994 18.000000
190000 656855.988649 6869008.944106 656865.987513 6869009.094812 656865.481058 6869042.696497 656855.482193 6869042.545791 656855.988649 6869008.944106 18.000000
190000 656872.136410 6868985.496009 656872.061057 6868990.495441 656860.807761 6868990.325828 656860.883114 6868985.326395 656872.136410 6868985.496009 6.000000
195000 656871.464079 6868988.842083 656871.313373 6868998.840948 656850.568879 6868998.528280 656850.719585 6868988.529416 656871.464079 6868988.842083 18.000000
195000 656854.914639 6869002.997311 656864.913503 6869003.148017 656864.349311 6869040.580313 656854.350447 6869040.429607 656854.914639 6869002.997311 18.000000
200000 656850.340214 6868982.011738 656860.339078 6868982.162444 656859.730359 6869022.549047 656849.731494 6869022.398341 656850.340214 6868982.011738 18.000000
205000 656855.757733 6868988.594239 656865.756597 6868988.744945 656865.052925 6869035.431350 656855.054060 6869035.280644 656855.757733 6868988.594239 18.000000
210000 656861.932566 6868997.695014 656871.931430 6868997.845720 656871.549691 6869023.172888 656861.550827 6869023.022182 656861.932566 6868997.695014 18.000000
215000 656857.127026 6868993.143375 656867.125890 6868993.294081 656866.566126 6869030.432654 656856.567262 6869030.281948 656857.127026 6868993.143375 18.000000
220000 656855.892180 6869029.112455 656855.816827 6869034.111887 656849.082035 6869034.010378 656849.157388 6869029.010946 656855.892180 6869029.112455 6.000000
220000 656866.963534 6868993.462009 656871.962967 6868993.537362 656871.616666 6869016.513293 656866.617234 6869016.437940 656866.963534 6868993.462009 6.000000
220000 656850.545963 6868978.593092 656855.545395 6868978.668445 656855.172878 6869003.383736 656850.173446 6869003.308383 656850.545963 6868978.593092 6.000000
225000 656849.353025 6869022.124906 656854.352457 6869022.200259 656853.982149 6869046.769044 656848.982717 6869046.693691 656849.353025 6869022.124906 6.000000
230000 656851.884046 6868987.331234 656861.882910 6868987.481940 656861.241947 6869030.007789 656851.243083 6869029.857083 656851.884046 6868987.331234 18.000000
230000 656861.151927 6868989.952147 656871.150791 6868990.102853 656870.681889 6869021.213017 656860.683025 6869021.062311 656861.151927 6868989.952147 18.000000
235000 656849.516193 6868997.126851 656854.515625 6868997.202204 656854.142671 6869021.946537 656849.143239 6869021.871184 656849.516193 6868997.126851 6.000000
235000 656859.730735 6868986.462130 656859.655382 6868991.461562 656849.274979 6868991.305105 656849.350332 6868986.305673 656859.730735 6868986.462130 6.000000
240000 656850.122336 6868994.351645 656860.121200 6868994.502351 656859.671464 6869024.340925 656849.672599 6869024.190219 656850.122336 6868994.351645 18.000000
245000 656859.033765 6868979.661263 656869.032630 6868979.811969 656868.291764 6869028.966007 656858.292900 6869028.815301 656859.033765 6868979.661263 18.000000
250000 656849.107312 6869023.829304 656854.106744 6869023.904657 656853.909827 6869036.969466 656848.910395 6869036.894113 656849.107312 6869023.829304 6.000000
250000 656852.197041 6868978.513684 656862.195905 6868978.664390 656861.825406 6869003.245838 656851.826542 6869003.095132 656852.197041 6868978.513684 18.000000
255000 656866.794285 6869010.942869 656871.793717 6869011.018222 656871.599182 6869023.924997 656866.599750 6869023.849644 656866.794285 6869010.942869 6.000000
255000 656849.868812 6869025.351462 656854.868245 6869025.426815 656854.533782 6869047.617334 656849.534350 6869047.541981 656849.868812 6869025.351462 6.000000
260000 656857.354992 6869016.155870 656867.353857 6869016.306576 656866.979560 6869041.139985 656856.980695 6869040.989279 656857.354992 6869016.155870 18.000000
265000 656858.050666 6869003.691240 656868.049531 6869003.841946 656867.418753 6869045.692056 656857.419888 6869045.541350 656858.050666 6869003.691240 18.000000
270000 656862.090723 6868987.515211 656872.089588 6868987.665917 656871.349548 6869036.765202 656861.350683 6869036.614496 656862.090723 6868987.515211 18.000000
275000 656870.486800 6869036.423570 656870.336094 6869046.422434 656850.714082 6869046.126685 656850.864788 6869036.127821 656870.486800 6869036.423570 18.000000
275000 656866.922966 6868985.581655 656871.922398 6868985.657008 656871.622495 6869005.554631 656866.623062 6869005.479278 656866.922966 6868985.581655 6.000000
280000 656849.506662 6869013.202360 656859.505527 6869013.353066 656858.953920 6869049.950368 656848.955056 6869049.799662 656849.506662 6869013.202360 18.000000
280000 656871.244347 6868977.342229 656871.168994 6868982.341661 656855.849972 6868982.110768 656855.925325 6868977.111336 656871.244347 6868977.342229 6.000000
285000 656850.397916 6868981.855532 656860.396780 6868982.006238 656859.772802 6869023.405212 656849.773938 6869023.254506 656850.397916 6868981.855532 18.000000
285000 656860.787437 6869041.532327 656860.712084 6869046.531760 656848.947605 6869046.354442 656849.022958 6869041.355009 656860.787437 6869041.532327 6.000000
290000 656849.273646 6868991.607643 656854.273078 6868991.682996 656854.042983 6869006.949099 656849.043551 6869006.873746 656849.273646 6868991.607643 6.000000
290000 656867.012387 6868978.038932 656872.011819 6868978.114285 656871.658086 6869001.583328 656866.658654 6869001.507975 656867.012387 6868978.038932 6.000000
295000 656862.682959 6869024.813106 656862.607606 6869029.812538 656849.163645 6869029.609906 656849.238998 6869024.610474 656862.682959 6869024.813106 6.000000
295000 656858.003581 6869001.382135 656857.928228 6869006.381567 656849.486260 6869006.254327 656849.561613 6869001.254895 656858.003581 6869001.382135 6.000000
300000 656850.690530 6868983.502256 656860.689394 6868983.652962 656860.192299 6869016.633660 656850.193434 6869016.482954 656850.690530 6868983.502256 18.000000
300000 656856.799598 6869025.910892 656856.724245 6869030.910324 656849.075713 6869030.795043 656849.151066 6869025.795611 656856.799598 6869025.910892 6.000000
305000 656855.907539 6868994.308393 656865.906403 6868994.459099 656865.179754 6869042.669929 656855.180890 6869042.519223 656855.907539 6868994.308393 18.000000
310000 656855.355312 6868982.181910 656865.354176 6868982.332616 656864.611500 6869031.606792 656854.612636 6869031.456086 656855.355312 6868982.181910 18.000000
315000 656858.259445 6868999.343307 656868.258309 6868999.494013 656867.537284 6869047.331718 656857.538420 6869047.181012 656858.259445 6868999.343307 18.000000
320000 656861.417480 6868985.418579 656871.416344 6868985.569285 656870.785093 6869027.450757 656860.786229 6869027.300051 656861.417480 6868985.418579 18.000000
325000 656853.178614 6869000.377271 656863.177478 6869000.527977 656862.588592 6869039.598716 656852.589728 6869039.448010 656853.178614 6869000.377271 18.000000
330000 656859.900041 6869021.104219 656869.898905 6869021.254925 656869.488953 6869048.453944 656859.490088 6869048.303238 656859.900041 6869021.104219 18.000000
330000 656849.495029 6868980.999431 656854.494461 6868981.074784 656854.337240 6868991.505870 656849.337808 6868991.430517 656849.495029 6868980.999431 6.000000
335000 656857.783865 6868992.250554 656867.782729 6868992.401260 656867.083217 6869038.811600 656857.084353 6869038.660894 656857.783865 6868992.250554 18.000000
340000 656859.520262 6869010.512677 656859.444909 6869015.512109 656849.102862 6869015.356230 656849.178215 6869010.356798 656859.520262 6869010.512677 6.000000
340000 656871.621861 6869037.656210 656871.471155 6869047.655074 656849.730922 6869047.327398 656849.881628 6869037.328534 656871.621861 6869037.656210 18.000000
340000 656851.051677 6868978.097523 656856.051109 6868978.172876 656855.864342 6868990.564234 656850.864910 6868990.488881 656851.051677 6868978.097523 6.000000
345000 656861.576710 6868981.470155 656871.575574 6868981.620861 656871.120823 6869011.792107 656861.121959 6869011.641401 656861.576710 6868981.470155 18.000000
350000 656871.790124 6869035.877433 656871.639418 6869045.876297 656850.783634 6869045.561952 656850.934340 6869035.563088 656871.790124 6869035.877433 18.000000
350000 656854.770059 6868992.256594 656864.768923 6868992.407300 656864.313885 6869022.597645 656854.315020 6869022.446939 656854.770059 6868992.256594 18.000000
355000 656870.678625 6869031.879683 656870.527919 6869041.878548 656848.879432 6869041.552255 656849.030138 6869031.553391 656870.678625 6869031.879683 18.000000
355000 656851.362547 6868982.573706 656861.361411 6868982.724412 656860.686309 6869027.515248 656850.687445 6869027.364542 656851.362547 6868982.573706 18.000000
360000 656850.066581 6868986.385709 656860.065446 6868986.536415 656859.349204 6869034.056780 656849.350339 6869033.906074 656850.066581 6868986.385709 18.000000
365000 656869.948333 6868981.554255 656869.797627 6868991.553119 656849.292797 6868991.244064 656849.443503 6868981.245200 656869.948333 6868981.554255 18.000000
365000 656852.214308 6869002.845390 656862.213173 6869002.996097 656861.659776 6869039.712181 656851.660912 6869039.561475 656852.214308 6869002.845390 18.000000
370000 656849.194279 6869028.386328 656854.193712 6869028.461681 656854.116601 6869033.577698 656849.117169 6869033.502345 656849.194279 6869028.386328 6.000000
375000 656858.489456 6868989.683430 656868.488320 6868989.834136 656867.777291 6869037.008603 656857.778427 6869036.857897 656858.489456 6868989.683430 18.000000
380000 656849.644494 6869004.606681 656854.643926 6869004.682034 656854.318946 6869026.243434 656849.319514 6869026.168081 656849.644494 6869004.606681 6.000000
380000 656871.876525 6869015.041971 656871.801172 6869020.041404 656865.027961 6869019.939316 656865.103314 6869014.939883 656871.876525 6869015.041971 6.000000
380000 656872.144732 6868978.242369 656872.069379 6868983.241802 656860.886996 6868983.073257 656860.962349 6868978.073825 656872.144732 6868978.242369 6.000000
385000 656850.892079 6868995.828694 656860.890943 6868995.979400 656860.191896 6869042.358935 656850.193032 6869042.208229 656850.892079 6868995.828694 18.000000
390000 656858.635384 6868995.035326 656868.634248 6868995.186032 656867.973059 6869039.053839 656857.974195 6869038.903133 656858.635384 6868995.035326 18.000000
395000 656860.594085 6869027.063957 656860.518732 6869032.063389 656848.890235 6869031.888121 656848.965588 6869026.888689 656860.594085 6869027.063957 6.000000
395000 656871.893943 6868990.445421 656871.818590 6868995.444853 656858.990270 6868995.251500 656859.065623 6868990.252068 656871.893943 6868990.445421 6.000000
395000 656866.552531 6869009.382569 656871.551964 6869009.457922 656871.238124 6869030.280159 656866.238692 6869030.204806 656866.552531 6869009.382569 6.000000
395000 656858.950416 6869030.813845 656858.875063 6869035.813277 656848.947346 6869035.663643 656849.022699 6869030.664211 656858.950416 6869030.813845 6.000000
400000 656849.710169 6869007.868112 656854.709601 6869007.943465 656854.416342 6869027.400270 656849.416910 6869027.324917 656849.710169 6869007.868112 6.000000
400000 656858.541690 6869039.108276 656858.466337 6869044.107708 656849.052062 6869043.965813 656849.127415 6869038.966381 656858.541690 6869039.108276 6.000000
405000 656859.610163 6868978.996002 656869.609027 6868979.146709 656869.137135 6869010.455229 656859.138271 6869010.304523 656859.610163 6868978.996002 18.000000
405000 656871.760605 6869042.910845 656871.685252 6869047.910277 656857.461057 6869047.695885 656857.536410 6869042.696453 656871.760605 6869042.910845 6.000000
410000 656857.433143 6869042.721804 656857.357790 6869047.721236 656848.839933 6869047.592852 656848.915286 6869042.593420 656857.433143 6869042.721804 6.000000
415000 656869.932583 6869025.395325 656869.781877 6869035.394189 656850.663403 6869035.106029 656850.814109 6869025.107165 656869.932583 6869025.395325 18.000000
415000 656849.686777 6868980.642872 656859.685641 6868980.793578 656859.193790 6869013.426300 656849.194926 6869013.275594 656849.686777 6868980.642872 18.000000
420000 656872.121570 6868991.123817 656872.046217 6868996.123249 656865.878985 6868996.030294 656865.954338 6868991.030862 656872.121570 6868991.123817 6.000000
425000 656863.927776 6868978.757789 656863.852422 6868983.757222 656850.125028 6868983.550318 656850.200381 6868978.550886 656863.927776 6868978.757789 6.000000
425000 656866.951433 6869001.332277 656871.950865 6869001.407630 656871.740798 6869015.344907 656866.741366 6869015.269554 656866.951433 6869001.332277 6.000000
430000 656870.566757 6868978.218857 656870.416051 6868988.217722 656850.576504 6868987.918694 656850.727210 6868977.919830 656870.566757 6868978.218857 18.000000
430000 656857.491519 6868998.211345 656867.490383 6868998.362051 656866.923473 6869035.974764 656856.924608 6869035.824058 656857.491519 6868998.211345 18.000000
435000 656872.104702 6868992.265036 656871.953996 6869002.263900 656849.140337 6869001.920046 656849.291043 6868991.921181 656872.104702 6868992.265036 18.000000
435000 656850.092682 6869017.438893 656860.091547 6869017.589599 656859.668952 6869045.627389 656849.670088 6869045.476683 656850.092682 6869017.438893 18.000000
440000 656857.058185 6869000.155785 656867.057049 6869000.306491 656866.472746 6869039.073165 656856.473881 6869038.922459 656857.058185 6869000.155785 18.000000
440000 656870.741048 6868979.986737 656870.590342 6868989.985601 656850.172014 6868989.677850 656850.322720 6868979.678985 656870.741048 6868979.986737 18.000000
445000 656865.752058 6869039.014896 656865.676705 6869044.014328 656848.987084 6869043.762777 656849.062437 6869038.763344 656865.752058 6869039.014896 6.000000
445000 656871.914722 6868994.012714 656871.764016 6869004.011578 656849.915917 6869003.682277 656850.066623 6868993.683413 656871.914722 6868994.012714 18.000000
450000 656851.357829 6868986.776516 656861.356693 6868986.927222 656860.632039 6869035.005688 656850.633175 6869034.854982 656851.357829 6868986.776516 18.000000
455000 656861.821021 6869004.171248 656871.819886 6869004.321954 656871.325349 6869037.132860 656861.326485 6869036.982154 656861.821021 6869004.171248 18.000000
460000 656854.361218 6869023.837392 656864.360082 6869023.988098 656863.988407 6869048.647559 656853.989543 6869048.496853 656854.361218 6869023.837392 18.000000
460000 656871.962676 6869000.848793 656871.887323 6869005.848225 656849.495521 6869005.510729 656849.570874 6869000.511297 656871.962676 6869000.848793 6.000000
465000 656869.899148 6868979.311233 656869.748442 6868989.310097 656849.756098 6868989.008766 656849.906804 6868979.009902 656869.899148 6868979.311233 18.000000
465000 656866.888871 6869027.545625 656871.888303 6869027.620978 656871.808543 6869032.912824 656866.809111 6869032.837471 656866.888871 6869027.545625 6.000000
465000 656854.695836 6869030.855799 656854.620483 6869035.855232 656848.890053 6869035.768861 656848.965406 6869030.769429 656854.695836 6869030.855799 6.000000
465000 656865.933322 6869011.127540 656865.857969 6869016.126973 656851.174806 6869015.905663 656851.250159 6869010.906231 656865.933322 6869011.127540 6.000000
470000 656857.455778 6868988.017003 656867.454643 6868988.167709 656866.753976 6869034.654700 656856.755112 6869034.503994 656857.455778 6868988.017003 18.000000
470000 656871.465373 6869042.442276 656871.390020 6869047.441708 656865.598150 6869047.354411 656865.673503 6869042.354979 656871.465373 6869042.442276 6.000000
475000 656860.397936 6868980.296123 656870.396800 6868980.446829 656869.655807 6869029.609360 656859.656942 6869029.458654 656860.397936 6868980.296123 18.000000
480000 656866.878099 6869024.113714 656871.877532 6869024.189067 656871.502837 6869049.048878 656866.503404 6869048.973525 656866.878099 6869024.113714 6.000000
480000 656849.405580 6868980.927190 656854.405012 6868981.002543 656854.255797 6868990.902449 656849.256365 6868990.827096 656849.405580 6868980.927190 6.000000
480000 656866.919853 6868986.343206 656871.919286 6868986.418559 656871.748925 6868997.721439 656866.749493 6868997.646086 656866.919853 6868986.343206 6.000000
485000 656854.518165 6868988.720723 656864.517029 6868988.871430 656863.812866 6869035.590410 656853.814001 6869035.439704 656854.518165 6868988.720723 18.000000
490000 656870.583315 6868978.498188 656870.432609 6868988.497052 656851.497122 6868988.211650 656851.647828 6868978.212786 656870.583315 6868978.498188 18.000000
490000 656858.236430 6869014.326847 656868.235294 6869014.477553 656867.726861 6869048.210459 656857.727997 6869048.059753 656858.236430 6869014.326847 18.000000
495000 656857.431297 6868982.580999 656867.430162 6868982.731705 656866.744282 6869028.237663 656856.745417 6869028.086957 656857.431297 6868982.580999 18.000000
500000 656850.553650 6868995.375932 656860.552514 6868995.526638 656859.819650 6869044.149812 656849.820786 6869043.999106 656850.553650 6868995.375932 18.000000
505000 656860.704875 6869012.440805 656860.629522 6869017.440237 656848.979363 6869017.264642 656849.054716 6869012.265210 656860.704875 6869012.440805 6.000000
505000 656849.879702 6868987.938290 656854.879134 6868988.013643 656854.667639 6869002.045630 656849.668207 6869001.970277 656849.879702 6868987.938290 6.000000
505000 656866.881815 6869009.472992 656871.881247 6869009.548345 656871.546065 6869031.786634 656866.546633 6869031.711281 656866.881815 6869009.472992 6.000000
510000 656851.801310 6868978.698570 656861.800175 6868978.849276 656861.359527 6869008.084867 656851.360662 6869007.934161 656851.801310 6868978.698570 18.000000
515000 656870.404017 6869032.632613 656870.253311 6869042.631477 656848.853580 6869042.308934 656849.004286 6869032.310070 656870.404017 6869032.632613 18.000000
515000 656867.021180 6868986.718639 656872.020612 6868986.793992 656871.887096 6868995.652333 656866.887664 6868995.576980 656867.021180 6868986.718639 6.000000
515000 656854.512003 6869014.226017 656864.510867 6869014.376723 656864.356127 6869024.643202 656854.357263 6869024.492496 656854.512003 6869014.226017 18.000000
520000 656866.978797 6868980.832021 656871.978229 6868980.907374 656871.715427 6868998.343457 656866.715995 6868998.268104 656866.978797 6868980.832021 6.000000
520000 656849.549934 6868987.761665 656854.549366 6868987.837018 656854.300429 6869004.353171 656849.300997 6869004.277818 656849.549934 6868987.761665 6.000000
520000 656866.859734 6869015.354794 656871.859167 6869015.430147 656871.614587 6869031.657238 656866.615155 6869031.581885 656866.859734 6869015.354794 6.000000
525000 656858.457075 6868979.702438 656868.455940 6868979.853144 656867.780613 6869024.658891 656857.781749 6869024.508185 656858.457075 6868979.702438 18.000000
530000 656861.391347 6868983.910426 656871.390211 6868984.061132 656870.677927 6869031.318896 656860.679063 6869031.168190 656861.391347 6868983.910426 18.000000
540000 656861.883981 6868987.837065 656871.882845 6868987.987772 656871.183137 6869034.411193 656861.184273 6869034.260486 656861.883981 6868987.837065 18.000000
545000 656861.327778 6868984.616715 656871.326642 6868984.767421 656870.611099 6869032.241452 656860.612234 6869032.090746 656861.327778 6868984.616715 18.000000
550000 656852.122413 6868984.233871 656862.121277 6868984.384577 656861.396133 6869032.495598 656851.397268 6869032.344892 656852.122413 6868984.233871 18.000000
555000 656858.776362 6868992.209415 656868.775227 6868992.360121 656868.083727 6869038.238888 656858.084863 6869038.088181 656858.776362 6868992.209415 18.000000
560000 656870.779618 6869028.525432 656870.628912 6869038.524296 656850.733638 6869038.224428 656850.884344 6869028.225564 656870.779618 6869028.525432 18.000000
560000 656853.656939 6868979.157290 656863.655803 6868979.307996 656863.160609 6869012.162542 656853.161745 6869012.011836 656853.656939 6868979.157290 18.000000
565000 656870.779618 6869028.525432 656870.628912 6869038.524296 656850.733638 6869038.224428 656850.884344 6869028.225564 656870.779618 6869028.525432 18.000000
565000 656853.656939 6868979.157290 656863.655803 6868979.307996 656863.160609 6869012.162542 656853.161745 6869012.011836 656853.656939 6868979.157290 18.000000
570000 656870.779618 6869028.525432 656870.628912 6869038.524296 656850.733638 6869038.224428 656850.884344 6869028.225564 656870.779618 6869028.525432 18.000000
570000 656853.656939 6868979.157290 656863.655803 6868979.307996 656863.160609 6869012.162542 656853.161745 6869012.011836 656853.656939 6868979.157290 18.000000
575000 656863.589768 6868984.387632 656863.514415 6868989.387064 656849.272294 6868989.172403 656849.347647 6868984.172970 656863.589768 6868984.387632 6.000000
575000 656854.287476 6869007.840146 656864.286341 6869007.990852 656863.796593 6869040.484023 656853.797729 6869040.333317 656854.287476 6869007.840146 18.000000
580000 656871.823587 6869026.448248 656871.748234 6869031.447680 656856.988006 6869031.225210 656857.063359 6869026.225777 656871.823587 6869026.448248 6.000000
580000 656866.206349 6868981.487562 656871.205781 6868981.562915 656870.939067 6868999.258546 656865.939635 6868999.183193 656866.206349 6868981.487562 6.000000
585000 656849.657705 6868984.930828 656859.656569 6868985.081534 656858.932131 6869033.145711 656848.933267 6869032.995005 656849.657705 6868984.930828 18.000000
585000 656861.163260 6868987.488570 656871.162125 6868987.639277 656870.538099 6869029.041383 656860.539235 6869028.890677 656861.163260 6868987.488570 18.000000
590000 656858.761620 6868992.443484 656868.760484 6868992.594190 656868.017223 6869041.907192 656858.018358 6869041.756486 656858.761620 6868992.443484 18.000000
595000 656872.150126 6868993.060110 656872.074773 6868998.059542 656863.738730 6868997.933898 656863.814083 6868992.934466 656872.150126 6868993.060110 6.000000
595000 656849.435996 6868981.397046 656854.435428 6868981.472399 656854.150653 6869000.366298 656849.151221 6869000.290945 656849.435996 6868981.397046 6.000000
595000 656871.217728 6869025.473748 656871.142374 6869030.473180 656852.053935 6869030.185473 656852.129288 6869025.186041 656871.217728 6869025.473748 6.000000
600000 656849.669512 6868997.734286 656854.668944 6868997.809639 656854.294590 6869022.646834 656849.295158 6869022.571481 656849.669512 6868997.734286 6.000000
600000 656871.959714 6868983.372290 656871.884361 6868988.371722 656860.470034 6868988.199682 656860.545387 6868983.200250 656871.959714 6868983.372290 6.000000
600000 656866.501917 6869006.853115 656871.501349 6869006.928468 656871.228110 6869025.056977 656866.228678 6869024.981624 656866.501917 6869006.853115 6.000000
605000 656858.704378 6868983.220896 656868.703243 6868983.371603 656867.962330 6869032.528795 656857.963466 6869032.378089 656858.704378 6868983.220896 18.000000
610000 656871.602958 6869037.880872 656871.452252 6869047.879736 656851.173794 6869047.574093 656851.324500 6869037.575229 656871.602958 6869037.880872 18.000000
610000 656871.330925 6868999.987175 656871.180219 6869009.986040 656849.207310 6869009.654857 656849.358016 6868999.655993 656871.330925 6868999.987175 18.000000
615000 656860.743947 6868977.870911 656870.742811 6868978.021617 656870.002749 6869027.122349 656860.003885 6869026.971643 656860.743947 6868977.870911 18.000000
620000 656850.557920 6868994.811157 656860.556784 6868994.961864 656859.810470 6869044.477418 656849.811605 6869044.326712 656850.557920 6868994.811157 18.000000
625000 656855.679053 6868984.507130 656865.677917 6868984.657836 656864.979264 6869031.011257 656854.980399 6869030.860551 656855.679053 6868984.507130 18.000000
630000 656872.096266 6868981.263208 656871.945560 6868991.262072 656850.812743 6868990.943552 656850.963449 6868980.944687 656872.096266 6868981.263208 18.000000
630000 656859.044307 6868997.517889 656869.043171 6868997.668595 656868.528303 6869031.828433 656858.529439 6869031.677727 656859.044307 6868997.517889 18.000000
635000 656872.096266 6868981.263208 656871.945560 6868991.262072 656850.812743 6868990.943552 656850.963449 6868980.944687 656872.096266 6868981.263208 18.000000
635000 656859.044307 6868997.517889 656869.043171 6868997.668595 656868.528303 6869031.828433 656858.529439 6869031.677727 656859.044307 6868997.517889 18.000000
640000 656872.096266 6868981.263208 656871.945560 6868991.262072 656850.812743 6868990.943552 656850.963449 6868980.944687 656872.096266 6868981.263208 18.000000
640000 656857.888781 6869002.981888 656867.887645 6869003.132594 656867.183410 6869049.856369 656857.184546 6869049.705663 656857.888781 6869002.981888 18.000000
645000 656872.096266 6868981.263208 656871.945560 6868991.262072 656850.812743 6868990.943552 656850.963449 6868980.944687 656872.096266 6868981.263208 18.000000
645000 656857.888781 6869002.981888 656867.887645 6869003.132594 656867.183410 6869049.856369 656857.184546 6869049.705663 656857.888781 6869002.981888 18.000000
650000 656861.748084 6868983.530022 656871.746949 6868983.680728 656870.995338 6869033.547649 656860.996474 6869033.396943 656861.748084 6868983.530022 18.000000
655000 656853.213819 6868996.847702 656863.212683 6868996.998408 656862.464993 6869046.605253 656852.466129 6869046.454547 656853.213819 6868996.847702 18.000000
660000 656866.811164 6869012.220239 656871.810596 6869012.295592 656871.547116 6869029.776629 656866.547684 6869029.701276 656866.811164 6869012.220239 6.000000
660000 656849.354829 6869021.814636 656854.354261 6869021.889989 656854.028750 6869043.486599 656849.029318 6869043.411246 656849.354829 6869021.814636 6.000000
665000 656849.354829 6869021.814636 656854.354261 6869021.889989 656854.028750 6869043.486599 656849.029318 6869043.411246 656849.354829 6869021.814636 6.000000
665000 656870.587501 6868993.450373 656870.436795 6869003.449237 656851.323622 6869003.161158 656851.474328 6868993.162293 656870.587501 6868993.450373 18.000000
670000 656872.070462 6868992.852268 656871.919756 6869002.851132 656849.479816 6869002.512910 656849.630522 6868992.514046 656872.070462 6868992.852268 18.000000
670000 656871.705835 6868978.777127 656871.555129 6868988.775992 656850.943832 6868988.465332 656851.094538 6868978.466467 656871.705835 6868978.777127 18.000000
675000 656872.070462 6868992.852268 656871.919756 6869002.851132 656849.479816 6869002.512910 656849.630522 6868992.514046 656872.070462 6868992.852268 18.000000
675000 656871.049249 6869013.025193 656870.898543 6869023.024058 656849.744751 6869022.705221 656849.895457 6869012.706356 656871.049249 6869013.025193 18.000000
680000 656851.774835 6868990.979468 656861.773700 6868991.130174 656861.100798 6869035.775018 656851.101934 6869035.624312 656851.774835 6868990.979468 18.000000
680000 656871.966436 6869012.571737 656871.891083 6869017.571169 656865.412306 6869017.473519 656865.487659 6869012.474087 656871.966436 6869012.571737 6.000000
685000 656858.539789 6868994.523832 656868.538654 6868994.674538 656867.891269 6869037.626466 656857.892404 6869037.475760 656858.539789 6868994.523832 18.000000
690000 656852.842450 6868978.035543 656862.841315 6868978.186249 656862.205986 6869020.338268 656852.207122 6869020.187562 656852.842450 6868978.035543 18.000000
690000 656870.831721 6869028.030637 656870.681015 6869038.029501 656849.224057 6869037.706095 656849.374763 6869027.707231 656870.831721 6869028.030637 18.000000
695000 656850.607520 6868979.391147 656860.606384 6868979.541853 656859.997422 6869019.944534 656849.998558 6869019.793828 656850.607520 6868979.391147 18.000000
700000 656861.998328 6868978.615092 656871.997192 6868978.765798 656871.360608 6869021.001122 656861.361743 6869020.850416 656861.998328 6868978.615092 18.000000
705000 656852.901829 6868986.579657 656862.900693 6868986.730363 656862.285174 6869027.568116 656852.286309 6869027.417410 656852.901829 6868986.579657 18.000000
710000 656861.406794 6868995.567266 656871.405659 6868995.717972 656870.658406 6869045.295785 656860.659542 6869045.145078 656861.406794 6868995.567266 18.000000
715000 656870.923645 6868996.189704 656870.772939 6869006.188568 656849.388210 6869005.866251 656849.538916 6868995.867386 656870.923645 6868996.189704 18.000000
715000 656862.755172 6869031.206803 656862.679819 6869036.206236 656849.075904 6869036.001193 656849.151257 6869031.001761 656862.755172 6869031.206803 6.000000
720000 656860.457130 6868979.172928 656870.455994 6868979.323634 656869.791565 6869023.406359 656859.792701 6869023.255653 656860.457130 6868979.172928 18.000000
725000 656871.720427 6869038.017642 656871.569721 6869048.016507 656850.317155 6869047.696181 656850.467861 6869037.697317 656871.720427 6869038.017642 18.000000
725000 656855.335492 6868985.453292 656865.334356 6868985.603998 656864.734873 6869025.377792 656854.736008 6869025.227086 656855.335492 6868985.453292 18.000000
730000 656871.720427 6869038.017642 656871.569721 6869048.016507 656850.317155 6869047.696181 656850.467861 6869037.697317 656871.720427 6869038.017642 18.000000
730000 656855.335492 6868985.453292 656865.334356 6868985.603998 656864.734873 6869025.377792 656854.736008 6869025.227086 656855.335492 6868985.453292 18.000000
735000 656855.335492 6868985.453292 656865.334356 6868985.603998 656864.734873 6869025.377792 656854.736008 6869025.227086 656855.335492 6868985.453292 18.000000
735000 656870.949658 6869032.462728 656870.798952 6869042.461592 656848.830001 6869042.130469 656848.980707 6869032.131605 656870.949658 6869032.462728 18.000000
740000 656870.949658 6869032.462728 656870.798952 6869042.461592 656848.830001 6869042.130469 656848.980707 6869032.131605 656870.949658 6869032.462728 18.000000
740000 656871.160290 6869004.044126 656871.009584 6869014.042991 656850.450566 6869013.733119 656850.601273 6869003.734254 656871.160290 6869004.044126 18.000000
740000 656870.702450 6868978.262196 656870.551744 6868988.261060 656849.293541 6868987.940650 656849.444247 6868977.941785 656870.702450 6868978.262196 18.000000
745000 656870.949658 6869032.462728 656870.798952 6869042.461592 656848.830001 6869042.130469 656848.980707 6869032.131605 656870.949658 6869032.462728 18.000000
745000 656870.702450 6868978.262196 656870.551744 6868988.261060 656849.293541 6868987.940650 656849.444247 6868977.941785 656870.702450 6868978.262196 18.000000
745000 656871.055914 6869011.639550 656870.905208 6869021.638415 656849.655220 6869021.318128 656849.805926 6869011.319264 656871.055914 6869011.639550 18.000000
750000 656870.949658 6869032.462728 656870.798952 6869042.461592 656848.830001 6869042.130469 656848.980707 6869032.131605 656870.949658 6869032.462728 18.000000
750000 656870.702450 6868978.262196 656870.551744 6868988.261060 656849.293541 6868987.940650 656849.444247 6868977.941785 656870.702450 6868978.262196 18.000000
750000 656871.055914 6869011.639550 656870.905208 6869021.638415 656849.655220 6869021.318128 656849.805926 6869011.319264 656871.055914 6869011.639550 18.000000
755000 656870.949658 6869032.462728 656870.798952 6869042.461592 656848.830001 6869042.130469 656848.980707 6869032.131605 656870.949658 6869032.462728 18.000000
755000 656870.702450 6868978.262196 656870.551744 6868988.261060 656849.293541 6868987.940650 656849.444247 6868977.941785 656870.702450 6868978.262196 18.000000
755000 656871.055914 6869011.639550 656870.905208 6869021.638415 656849.655220 6869021.318128 656849.805926 6869011.319264 656871.055914 6869011.639550 18.000000
760000 656870.949658 6869032.462728 656870.798952 6869042.461592 656848.830001 6869042.130469 656848.980707 6869032.131605 656870.949658 6869032.462728 18.000000
760000 656870.702450 6868978.262196 656870.551744 6868988.261060 656849.293541 6868987.940650 656849.444247 6868977.941785 656870.702450 6868978.262196 18.000000
760000 656871.935094 6869015.886622 656871.784388 6869025.885486 656848.986903 6869025.541876 656849.137609 6869015.543011 656871.935094 6869015.886622 18.000000
764946 656870.949658 6869032.462728 656870.798952 6869042.461592 656848.830001 6869042.130469 656848.980707 6869032.131605 656870.949658 6869032.462728 18.000000
764946 656870.702450 6868978.262196 656870.551744 6868988.261060 656849.293541 6868987.940650 656849.444247 6868977.941785 656870.702450 6868978.262196 18.000000
764946 656871.935094 6869015.886622 656871.784388 6869025.885486 656848.986903 6869025.541876 656849.137609 6869015.543011 656871.935094 6869015.886622 18.000000
764946 656871.906125 6868995.714678 656871.755419 6869005.713543 656849.082291 6869005.371806 656849.232997 6868995.372942 656871.906125 6868995.714678 18.000000
