5000 656855.274513 6869013.362191 656865.273377 6869013.512897 656864.729171 6869049.619280 656854.730306 6869049.468574 656855.274513 6869013.362191 18.000000
10000 656855.575010 6868993.728332 656865.573875 6868993.879038 656865.262746 6869014.521422 656855.263882 6869014.370716 656855.575010 6868993.728332 18.000000
15000 656856.785733 6868999.765783 656866.784597 6868999.916489 656866.078001 6869046.796867 656856.079137 6869046.646161 656856.785733 6868999.765783 18.000000
20000 656872.055849 6868978.227148 656871.980496 6868983.226580 656858.914819 6868983.029650 656858.990172 6868978.030218 656872.055849 6868978.227148 6.000000
20000 656861.894638 6869003.033998 656871.893502 6869003.184704 656871.613988 6869021.729577 656861.615123 6869021.578871 656861.894638 6869003.033998 18.000000
25000 656851.551074 6869003.392365 656861.549939 6869003.543071 656861.027813 6869038.184421 656851.028949 6869038.033715 656851.551074 6869003.392365 18.000000
30000 656856.744675 6869002.635566 656856.669322 6869007.634998 656849.085791 6869007.520696 656849.161144 6869002.521264 656856.744675 6869002.635566 6.000000
30000 656866.851091 6869024.203733 656871.850523 6869024.279086 656871.649799 6869037.596476 656866.650367 6869037.521123 656866.851091 6869024.203733 6.000000
30000 656865.267426 6868993.287000 656870.266858 6868993.362353 656869.920744 6869016.325912 656864.921312 6869016.250559 656865.267426 6868993.287000 6.000000
30000 656859.390501 6869030.659523 656859.315148 6869035.658955 656849.730747 6869035.514496 656849.806100 6869030.515064 656859.390501 6869030.659523 6.000000
35000 656860.574982 6868990.742972 656870.573847 6868990.893678 656870.060750 6869024.936023 656860.061885 6869024.785317 656860.574982 6868990.742972 18.000000
35000 656868.812434 6869036.003216 656868.661728 6869046.002080 656857.813757 6869045.838576 656857.964463 6869035.839712 656868.812434 6869036.003216 18.000000
40000 656857.303792 6868997.733537 656867.302656 6868997.884243 656866.579788 6869045.844236 656856.580923 6869045.693530 656857.303792 6868997.733537 18.000000
45000 656868.415862 6868985.712650 656868.265156 6868995.711514 656849.326408 6868995.426063 656849.477114 6868985.427199 656868.415862 6868985.712650 18.000000
50000 656849.730361 6868990.238318 656859.729225 6868990.389024 656859.223821 6869023.920927 656849.224957 6869023.770221 656849.730361 6868990.238318 18.000000
55000 656871.546104 6868978.810208 656871.395398 6868988.809072 656849.459186 6868988.478443 656849.609892 6868978.479578 656871.546104 6868978.810208 18.000000
55000 656858.450940 6868999.786729 656868.449804 6868999.937435 656867.732808 6869047.507801 656857.733944 6869047.357095 656858.450940 6868999.786729 18.000000
60000 656861.043391 6868981.613632 656871.042255 6868981.764338 656870.360424 6869027.001610 656860.361560 6869026.850904 656861.043391 6868981.613632 18.000000
60000 656857.342844 6869028.150316 656867.341708 6869028.301022 656867.062089 6869046.852880 656857.063225 6869046.702174 656857.342844 6869028.150316 18.000000
70000 656854.739314 6868986.520537 656864.738178 6868986.671243 656863.987417 6869036.481813 656853.988553 6869036.331107 656854.739314 6868986.520537 18.000000
80000 656869.463532 6869037.019147 656869.312826 6869047.018011 656849.666488 6869046.721895 656849.817195 6869036.723031 656869.463532 6869037.019147 18.000000
80000 656852.142315 6868983.402068 656862.141179 6868983.552774 656861.428168 6869030.858772 656851.429304 6869030.708066 656852.142315 6868983.402068 18.000000
85000 656871.255002 6869033.493587 656871.179649 6869038.493020 656864.252644 6869038.388614 656864.327997 6869033.389181 656871.255002 6869033.493587 6.000000
90000 656855.867342 6869004.757287 656865.866206 6869004.907993 656865.232759 6869046.935193 656855.233895 6869046.784487 656855.867342 6869004.757287 18.000000
90000 656849.462587 6869011.218061 656854.462019 6869011.293414 656854.158682 6869031.418867 656849.159250 6869031.343514 656849.462587 6869011.218061 6.000000
95000 656856.853638 6869001.400050 656866.852502 6869001.550756 656866.185481 6869045.805431 656856.186617 6869045.654725 656856.853638 6869001.400050 18.000000
100000 656869.536723 6869013.534766 656869.386017 6869023.533630 656851.725433 6869023.267444 656851.876139 6869013.268580 656869.536723 6869013.534766 18.000000
100000 656861.791599 6868989.125059 656871.790463 6868989.275765 656871.275986 6869023.409653 656861.277122 6869023.258947 656861.791599 6868989.125059 18.000000
105000 656859.596282 6869005.616633 656869.595147 6869005.767339 656869.026052 6869043.524978 656859.027187 6869043.374272 656859.596282 6869005.616633 18.000000
105000 656858.292290 6869002.630949 656868.291154 6869002.781655 656867.765894 6869037.630981 656857.767030 6869037.480275 656858.292290 6869002.630949 18.000000
110000 656871.433401 6869024.895502 656871.282695 6869034.894367 656849.291002 6869034.562901 656849.441708 6869024.564037 656871.433401 6869024.895502 18.000000
110000 656853.298413 6868977.512522 656863.297277 6868977.663229 656862.713465 6869016.397278 656852.714601 6869016.246572 656853.298413 6868977.512522 18.000000
115000 656871.765465 6869028.560572 656871.614759 6869038.559436 656849.817609 6869038.230903 656849.968315 6869028.232038 656871.765465 6869028.560572 18.000000
115000 656852.041782 6868978.997396 656862.040646 6868979.148102 656861.422360 6869020.169450 656851.423495 6869020.018744 656852.041782 6868978.997396 18.000000
120000 656853.244690 6869014.692282 656863.243555 6869014.842988 656862.837516 6869041.782341 656852.838652 6869041.631635 656853.244690 6869014.692282 18.000000
120000 656871.547225 6868988.728203 656871.471872 6868993.727635 656862.541131 6868993.593028 656862.616484 6868988.593596 656871.547225 6868988.728203 6.000000
125000 656855.427308 6868985.201228 656865.426172 6868985.351934 656864.732535 6869031.372561 656854.733671 6869031.221855 656855.427308 6868985.201228 18.000000
130000 656856.285368 6868999.355507 656866.284232 6868999.506214 656865.574044 6869046.624938 656855.575179 6869046.474232 656856.285368 6868999.355507 18.000000
135000 656872.124953 6868990.514234 656872.049600 6868995.513666 656859.267210 6868995.321006 656859.342563 6868990.321574 656872.124953 6868990.514234 6.000000
140000 656858.376266 6868992.059464 656868.375130 6868992.210170 656867.820252 6869029.024582 656857.821387 6869028.873876 656858.376266 6868992.059464 18.000000
150000 656857.709720 6868989.414395 656867.708584 6868989.565101 656866.958773 6869039.312653 656856.959909 6869039.161947 656857.709720 6868989.414395 18.000000
160000 656861.407350 6868992.528524 656871.406215 6868992.679230 656870.870604 6869028.215262 656860.871740 6869028.064556 656861.407350 6868992.528524 18.000000
165000 656871.603677 6868988.124903 656871.452971 6868998.123767 656849.204920 6868997.788438 656849.355626 6868987.789573 656871.603677 6868988.124903 18.000000
165000 656864.957562 6869012.373415 656864.806856 6869022.372280 656852.918693 6869022.193098 656853.069399 6869012.194233 656864.957562 6869012.373415 18.000000
170000 656850.209641 6868985.383028 656860.208505 6868985.533734 656859.600991 6869025.840351 656849.602126 6869025.689645 656850.209641 6868985.383028 18.000000
180000 656859.730343 6868987.282802 656869.729207 6868987.433508 656869.031295 6869033.737760 656859.032431 6869033.587054 656859.730343 6868987.282802 18.000000
185000 656859.304435 6868989.296008 656869.303299 6868989.446714 656868.899652 6869016.227461 656858.900787 6869016.076755 656859.304435 6868989.296008 18.000000
190000 656851.485136 6868986.625685 656861.484001 6868986.776391 656860.758542 6869034.908215 656850.759678 6869034.757509 656851.485136 6868986.625685 18.000000
190000 656860.062643 6868989.545290 656870.061507 6868989.695996 656869.477411 6869028.448906 656859.478547 6869028.298200 656860.062643 6868989.545290 18.000000
195000 656871.318606 6868983.809715 656871.167900 6868993.808579 656850.498103 6868993.497037 656850.648809 6868983.498173 656871.318606 6868983.809715 18.000000
195000 656855.974879 6869008.139252 656865.973743 6869008.289958 656865.441482 6869043.603782 656855.442618 6869043.453076 656855.974879 6869008.139252 18.000000
200000 656870.389701 6869013.931992 656870.238995 6869023.930856 656852.175369 6869023.658595 656852.326075 6869013.659731 656870.389701 6869013.931992 18.000000
200000 656859.985377 6868989.269584 656859.910024 6868994.269016 656853.864033 6868994.177889 656853.939386 6868989.178457 656859.985377 6868989.269584 6.000000
205000 656861.926993 6868988.256299 656871.925858 6868988.407005 656871.299046 6869029.993973 656861.300181 6869029.843267 656861.926993 6868988.256299 18.000000
210000 656849.463828 6869021.798774 656854.463260 6869021.874127 656854.348535 6869029.485763 656849.349103 6869029.410410 656849.463828 6869021.798774 6.000000
210000 656862.555595 6868986.484592 656867.555027 6868986.559945 656867.438373 6868994.299550 656862.438941 6868994.224197 656862.555595 6868986.484592 6.000000
215000 656851.282629 6868984.868863 656861.281493 6868985.019569 656860.953208 6869006.800215 656850.954344 6869006.649509 656851.282629 6868984.868863 18.000000
220000 656849.590052 6868986.349027 656859.588916 6868986.499733 656858.860692 6869034.815066 656848.861828 6869034.664359 656849.590052 6868986.349027 18.000000
225000 656866.535685 6869023.020868 656871.535118 6869023.096221 656871.256030 6869041.612821 656866.256597 6869041.537468 656866.535685 6869023.020868 6.000000
230000 656849.679553 6868995.987966 656854.678985 6868996.063319 656854.432047 6869012.446888 656849.432615 6869012.371535 656849.679553 6868995.987966 6.000000
230000 656869.593531 6869027.753095 656869.518178 6869032.752527 656858.340872 6869032.584060 656858.416225 6869027.584627 656869.593531 6869027.753095 6.000000
230000 656865.341697 6868982.668964 656870.341129 6868982.744317 656870.027190 6869003.573172 656865.027758 6869003.497819 656865.341697 6868982.668964 6.000000
235000 656866.764389 6869036.951205 656871.763821 6869037.026558 656871.676371 6869042.828608 656866.676939 6869042.753255 656866.764389 6869036.951205 6.000000
235000 656871.010185 6868978.755580 656870.859479 6868988.754444 656852.675908 6868988.480375 656852.826614 6868978.481511 656871.010185 6868978.755580 18.000000
240000 656857.468570 6869011.264239 656867.467434 6869011.414945 656866.908872 6869048.473764 656856.910008 6869048.323058 656857.468570 6869011.264239 18.000000
245000 656866.492593 6869010.077089 656871.492025 6869010.152442 656871.275526 6869024.516484 656866.276094 6869024.441131 656866.492593 6869010.077089 6.000000
250000 656866.478200 6869026.886443 656871.477632 6869026.961796 656871.227989 6869043.524814 656866.228557 6869043.449461 656866.478200 6869026.886443 6.000000
255000 656850.827788 6868994.539307 656860.826652 6868994.690013 656860.390156 6869023.650161 656850.391292 6869023.499455 656850.827788 6868994.539307 18.000000
260000 656855.827999 6868995.674723 656865.826864 6868995.825429 656865.181649 6869038.633346 656855.182785 6869038.482640 656855.827999 6868995.674723 18.000000
265000 656849.600134 6869026.899238 656854.599566 6869026.974591 656854.283810 6869047.924046 656849.284377 6869047.848693 656849.600134 6869026.899238 6.000000
265000 656866.819262 6868991.697753 656871.818694 6868991.773106 656871.644229 6869003.348328 656866.644796 6869003.272975 656866.819262 6868991.697753 6.000000
270000 656849.200437 6869028.851688 656854.199870 6869028.927041 656854.082510 6869036.713463 656849.083078 6869036.638110 656849.200437 6869028.851688 6.000000
270000 656866.623001 6869015.723061 656871.622433 6869015.798414 656871.326472 6869035.434502 656866.327040 6869035.359149 656866.623001 6869015.723061 6.000000
275000 656861.285868 6868996.037652 656871.284733 6868996.188358 656870.572612 6869043.435268 656860.573748 6869043.284562 656861.285868 6868996.037652 18.000000
280000 656860.571919 6869000.124923 656870.570783 6869000.275629 656869.857021 6869047.631457 656859.858156 6869047.480751 656860.571919 6869000.124923 18.000000
285000 656860.333701 6868985.208494 656870.332566 6868985.359200 656869.684799 6869028.336444 656859.685935 6869028.185738 656860.333701 6868985.208494 18.000000
290000 656871.307815 6869036.064073 656871.157109 6869046.062938 656849.072800 6869045.730076 656849.223506 6869035.731212 656871.307815 6869036.064073 18.000000
295000 656855.312531 6869004.049301 656865.311395 6869004.200007 656864.853085 6869034.607449 656854.854221 6869034.456743 656855.312531 6869004.049301 18.000000
300000 656853.572665 6868986.902059 656863.571529 6868987.052765 656862.850985 6869034.858586 656852.852120 6869034.707880 656853.572665 6868986.902059 18.000000
305000 656852.297995 6868979.567199 656862.296859 6868979.717905 656861.611017 6869025.221352 656851.612153 6869025.070646 656852.297995 6868979.567199 18.000000
310000 656855.810663 6868988.750891 656865.809527 6868988.901597 656865.213272 6869028.461243 656855.214407 6869028.310536 656855.810663 6868988.750891 18.000000
310000 656871.227432 6869039.643903 656871.152079 6869044.643336 656860.256343 6869044.479112 656860.331696 6869039.479679 656871.227432 6869039.643903 6.000000
315000 656871.726669 6868980.312350 656871.575962 6868990.311214 656851.770018 6868990.012693 656851.920724 6868980.013828 656871.726669 6868980.312350 18.000000
315000 656855.562798 6869004.519100 656865.561662 6869004.669806 656864.993888 6869042.339847 656854.995023 6869042.189141 656855.562798 6869004.519100 18.000000
320000 656866.585981 6869001.006837 656871.585413 6869001.082190 656871.272366 6869021.851825 656866.272934 6869021.776472 656866.585981 6869001.006837 6.000000
320000 656859.590474 6869016.494683 656859.515121 6869021.494115 656848.958955 6869021.335009 656849.034308 6869016.335577 656859.590474 6869016.494683 6.000000
325000 656851.517976 6868994.455181 656861.516841 6868994.605887 656860.852492 6869038.683287 656850.853628 6869038.532581 656851.517976 6868994.455181 18.000000
330000 656867.093077 6868981.688768 656872.092509 6868981.764121 656871.818005 6868999.976552 656866.818573 6868999.901199 656867.093077 6868981.688768 6.000000
330000 656866.131817 6869009.438738 656871.131249 6869009.514091 656870.787498 6869032.320878 656865.788066 6869032.245525 656866.131817 6869009.438738 6.000000
330000 656853.833822 6869017.441026 656858.833254 6869017.516379 656858.484149 6869040.678361 656853.484717 6869040.603008 656853.833822 6869017.441026 6.000000
335000 656853.280047 6869002.225654 656863.278911 6869002.376360 656862.581778 6869048.628913 656852.582914 6869048.478207 656853.280047 6869002.225654 18.000000
335000 656872.179462 6868978.210477 656872.028756 6868988.209342 656849.793451 6868987.874204 656849.944157 6868977.875340 656872.179462 6868978.210477 18.000000
340000 656849.442245 6869023.233329 656854.441678 6869023.308682 656854.332179 6869030.573571 656849.332747 6869030.498218 656849.442245 6869023.233329 6.000000
340000 656870.231069 6869008.629888 656870.080363 6869018.628752 656852.416586 6869018.362518 656852.567292 6869008.363654 656870.231069 6869008.629888 18.000000
345000 656871.559583 6869035.219122 656871.408877 6869045.217986 656849.447768 6869044.886982 656849.598474 6869034.888117 656871.559583 6869035.219122 18.000000
345000 656857.848153 6868985.956675 656867.847018 6868986.107381 656867.317542 6869021.236421 656857.318677 6869021.085715 656857.848153 6868985.956675 18.000000
350000 656851.308113 6868999.245783 656861.306977 6868999.396489 656860.696326 6869039.911236 656850.697462 6869039.760530 656851.308113 6868999.245783 18.000000
355000 656867.091321 6868990.915014 656872.090753 6868990.990367 656871.734402 6869014.633140 656866.734969 6869014.557787 656867.091321 6868990.915014 6.000000
360000 656871.326954 6869034.500268 656871.176247 6869044.499132 656849.013243 6869044.165084 656849.163949 6869034.166220 656871.326954 6869034.500268 18.000000
360000 656858.798144 6868987.765596 656868.797009 6868987.916302 656868.181274 6869028.768341 656858.182409 6869028.617635 656858.798144 6868987.765596 18.000000
365000 656871.326954 6869034.500268 656871.176247 6869044.499132 656849.013243 6869044.165084 656849.163949 6869034.166220 656871.326954 6869034.500268 18.000000
365000 656854.229242 6868985.435887 656864.228107 6868985.586593 656863.716802 6869019.510040 656853.717937 6869019.359334 656854.229242 6868985.435887 18.000000
370000 656851.771286 6869002.368821 656861.770150 6869002.519527 656861.084312 6869048.022667 656851.085448 6869047.871961 656851.771286 6869002.368821 18.000000
380000 656857.603837 6868980.737619 656867.602701 6868980.888325 656866.897936 6869027.647250 656856.899071 6869027.496544 656857.603837 6868980.737619 18.000000
385000 656870.034001 6868982.886798 656869.883295 6868992.885662 656851.208955 6868992.604197 656851.359661 6868982.605332 656870.034001 6868982.886798 18.000000
385000 656860.881900 6869016.391644 656870.880765 6869016.542350 656870.404492 6869048.141502 656860.405628 6869047.990796 656860.881900 6869016.391644 18.000000
390000 656871.979559 6868995.606943 656871.828853 6869005.605808 656849.692469 6869005.272161 656849.843175 6868995.273297 656871.979559 6868995.606943 18.000000
390000 656857.907455 6869010.951773 656867.906319 6869011.102479 656867.410801 6869043.978504 656857.411937 6869043.827798 656857.907455 6869010.951773 18.000000
395000 656872.130358 6868979.490588 656871.979652 6868989.489452 656850.261556 6868989.162110 656850.412263 6868979.163246 656872.130358 6868979.490588 18.000000
395000 656857.204227 6869012.905886 656867.203091 6869013.056592 656866.689973 6869047.100317 656856.691109 6869046.949611 656857.204227 6869012.905886 18.000000
400000 656856.188307 6868982.958305 656866.187172 6868983.109011 656865.452060 6869031.881297 656855.453196 6869031.730591 656856.188307 6868982.958305 18.000000
405000 656857.247208 6869001.346620 656867.246072 6869001.497326 656866.604102 6869044.090006 656856.605237 6869043.939300 656857.247208 6869001.346620 18.000000
410000 656871.657308 6868983.458045 656871.506602 6868993.456909 656850.409882 6868993.138933 656850.560588 6868983.140068 656871.657308 6868983.458045 18.000000
410000 656869.840282 6869002.229165 656869.689576 6869012.228029 656851.023189 6869011.946683 656851.173895 6869001.947819 656869.840282 6869002.229165 18.000000
415000 656871.792150 6869025.507843 656871.641444 6869035.506707 656848.985382 6869035.165228 656849.136088 6869025.166363 656871.792150 6869025.507843 18.000000
415000 656859.662081 6868980.755451 656869.660945 6868980.906157 656869.078453 6869019.552645 656859.079589 6869019.401939 656859.662081 6868980.755451 18.000000
420000 656870.788096 6869033.327373 656870.637390 6869043.326237 656848.825728 6869042.997485 656848.976434 6869032.998620 656870.788096 6869033.327373 18.000000
420000 656856.173695 6868983.965109 656866.172559 6868984.115815 656865.575479 6869023.730119 656855.576615 6869023.579413 656856.173695 6868983.965109 18.000000
425000 656866.571455 6869005.687918 656871.570888 6869005.763271 656871.441614 6869014.340127 656866.442182 6869014.264774 656866.571455 6869005.687918 6.000000
425000 656865.176826 6868988.734106 656865.101473 6868993.733538 656849.292532 6868993.495261 656849.367885 6868988.495828 656865.176826 6868988.734106 6.000000
430000 656857.622029 6868997.242429 656867.620893 6868997.393135 656866.883841 6869046.294196 656856.884977 6869046.143490 656857.622029 6868997.242429 18.000000
435000 656870.662347 6868989.102281 656870.511641 6868999.101145 656849.400164 6868998.782946 656849.550870 6868988.784082 656870.662347 6868989.102281 18.000000
435000 656870.113529 6869025.082455 656869.962823 6869035.081319 656849.748294 6869034.776639 656849.899001 6869024.777775 656870.113529 6869025.082455 18.000000
440000 656870.279767 6868989.884956 656870.129060 6868999.883821 656849.843056 6868999.578064 656849.993762 6868989.579199 656870.279767 6868989.884956 18.000000
440000 656855.433824 6869004.902222 656865.432688 6869005.052928 656864.950250 6869037.061143 656854.951386 6869036.910436 656855.433824 6869004.902222 18.000000
445000 656870.400712 6868990.023483 656870.250006 6869000.022347 656850.033633 6868999.717640 656850.184339 6868989.718775 656870.400712 6868990.023483 18.000000
445000 656871.725416 6869020.836266 656871.650063 6869025.835698 656855.290518 6869025.589122 656855.365871 6869020.589690 656871.725416 6869020.836266 6.000000
445000 656866.795398 6869034.642984 656871.794831 6869034.718337 656871.610157 6869046.970844 656866.610725 6869046.895491 656866.795398 6869034.642984 6.000000
450000 656862.175016 6868983.380491 656872.173880 6868983.531197 656871.591568 6869022.165754 656861.592704 6869022.015048 656862.175016 6868983.380491 18.000000
450000 656871.474887 6869032.181551 656871.324181 6869042.180415 656851.349633 6869041.879352 656851.500339 6869031.880488 656871.474887 6869032.181551 18.000000
455000 656856.422417 6868983.283565 656866.421281 6868983.434271 656865.760827 6869027.253257 656855.761963 6869027.102551 656856.422417 6868983.283565 18.000000
460000 656872.106503 6868991.131490 656871.955797 6869001.130354 656852.194108 6869000.832500 656852.344815 6868990.833635 656872.106503 6868991.131490 18.000000
460000 656849.194346 6869019.759696 656854.193779 6869019.835049 656853.850068 6869042.639140 656848.850636 6869042.563787 656849.194346 6869019.759696 6.000000
465000 656854.582625 6868979.781754 656864.581490 6868979.932460 656863.942686 6869022.315004 656853.943822 6869022.164298 656854.582625 6868979.781754 18.000000
470000 656870.343098 6869029.777371 656870.192392 6869039.776235 656849.422871 6869039.463190 656849.573578 6869029.464326 656870.343098 6869029.777371 18.000000
470000 656867.123532 6868984.895189 656872.122964 6868984.970542 656871.930097 6868997.766671 656866.930665 6868997.691318 656867.123532 6868984.895189 6.000000
475000 656856.819830 6868997.265119 656866.818695 6868997.415825 656866.262889 6869034.291716 656856.264025 6869034.141009 656856.819830 6868997.265119 18.000000
480000 656858.712464 6868998.067236 656868.711329 6868998.217942 656867.969415 6869047.441562 656857.970550 6869047.290856 656858.712464 6868998.067236 18.000000
485000 656849.184274 6869006.887736 656854.183706 6869006.963089 656854.080941 6869013.781191 656849.081509 6869013.705838 656849.184274 6869006.887736 6.000000
485000 656871.623167 6869020.339608 656871.547814 6869025.339040 656861.291751 6869025.184457 656861.367104 6869020.185025 656871.623167 6869020.339608 6.000000
485000 656856.930284 6869041.621316 656856.854931 6869046.620748 656848.884634 6869046.500618 656848.959987 6869041.501185 656856.930284 6869041.621316 6.000000
485000 656866.956551 6868987.342436 656871.955983 6868987.417789 656871.811388 6868997.011257 656866.811955 6868996.935904 656866.956551 6868987.342436 6.000000
485000 656850.387528 6869023.122929 656855.386960 6869023.198282 656855.201958 6869035.472532 656850.202526 6869035.397178 656850.387528 6869023.122929 6.000000
490000 656851.132458 6868980.330822 656861.131322 6868980.481528 656860.393594 6869029.427420 656850.394730 6869029.276714 656851.132458 6868980.330822 18.000000
495000 656859.714288 6868985.436671 656869.713152 6868985.587377 656869.000012 6869032.901901 656859.001148 6869032.751195 656859.714288 6868985.436671 18.000000
500000 656867.080268 6868985.071031 656872.079700 6868985.146384 656871.830505 6869001.679707 656866.831073 6869001.604354 656867.080268 6868985.071031 6.000000
500000 656869.286054 6869038.339774 656869.135348 6869048.338638 656851.003455 6869048.065349 656851.154162 6869038.066484 656869.286054 6869038.339774 18.000000
505000 656859.223556 6868993.351600 656869.222421 6868993.502306 656868.506260 6869041.017250 656858.507396 6869040.866544 656859.223556 6868993.351600 18.000000
510000 656871.865708 6868993.994618 656871.715002 6869003.993483 656849.841074 6869003.663792 656849.991780 6868993.664928 656871.865708 6868993.994618 18.000000
510000 656871.665506 6868977.532644 656871.514800 6868987.531508 656849.410771 6868987.198349 656849.561477 6868977.199485 656871.665506 6868977.532644 18.000000
510000 656871.100605 6869023.341643 656870.949899 6869033.340508 656849.830725 6869033.022193 656849.981431 6869023.023328 656871.100605 6869023.341643 18.000000
515000 656871.865708 6868993.994618 656871.715002 6869003.993483 656849.841074 6869003.663792 656849.991780 6868993.664928 656871.865708 6868993.994618 18.000000
515000 656871.665506 6868977.532644 656871.514800 6868987.531508 656849.410771 6868987.198349 656849.561477 6868977.199485 656871.665506 6868977.532644 18.000000
515000 656871.125524 6869016.746915 656870.974818 6869026.745779 656849.438716 6869026.421181 656849.589422 6869016.422316 656871.125524 6869016.746915 18.000000
520000 656871.665506 6868977.532644 656871.514800 6868987.531508 656849.410771 6868987.198349 656849.561477 6868977.199485 656871.665506 6868977.532644 18.000000
520000 656871.125524 6869016.746915 656870.974818 6869026.745779 656849.438716 6869026.421181 656849.589422 6869016.422316 656871.125524 6869016.746915 18.000000
520000 656870.864793 6868995.516627 656870.714087 6869005.515492 656849.743889 6869005.199422 656849.894595 6868995.200558 656870.864793 6868995.516627 18.000000
525000 656871.665506 6868977.532644 656871.514800 6868987.531508 656849.410771 6868987.198349 656849.561477 6868977.199485 656871.665506 6868977.532644 18.000000
525000 656871.125524 6869016.746915 656870.974818 6869026.745779 656849.438716 6869026.421181 656849.589422 6869016.422316 656871.125524 6869016.746915 18.000000
525000 656870.864793 6868995.516627 656870.714087 6869005.515492 656849.743889 6869005.199422 656849.894595 6868995.200558 656870.864793 6868995.516627 18.000000
525000 656870.660458 6869035.898372 656870.509752 6869045.897236 656849.204657 6869045.576119 656849.355363 6869035.577254 656870.660458 6869035.898372 18.000000
530000 656871.665506 6868977.532644 656871.514800 6868987.531508 656849.410771 6868987.198349 656849.561477 6868977.199485 656871.665506 6868977.532644 18.000000
530000 656871.125524 6869016.746915 656870.974818 6869026.745779 656849.438716 6869026.421181 656849.589422 6869016.422316 656871.125524 6869016.746915 18.000000
530000 656870.864793 6868995.516627 656870.714087 6869005.515492 656849.743889 6869005.199422 656849.894595 6868995.200558 656870.864793 6868995.516627 18.000000
530000 656871.360111 6869035.337715 656871.209404 6869045.336579 656849.116088 6869045.003582 656849.266794 6869035.004717 656871.360111 6869035.337715 18.000000
535000 656871.665506 6868977.532644 656871.514800 6868987.531508 656849.410771 6868987.198349 656849.561477 6868977.199485 656871.665506 6868977.532644 18.000000
535000 656871.125524 6869016.746915 656870.974818 6869026.745779 656849.438716 6869026.421181 656849.589422 6869016.422316 656871.125524 6869016.746915 18.000000
535000 656870.864793 6868995.516627 656870.714087 6869005.515492 656849.743889 6869005.199422 656849.894595 6868995.200558 656870.864793 6868995.516627 18.000000
535000 656871.360111 6869035.337715 656871.209404 6869045.336579 656849.116088 6869045.003582 656849.266794 6869035.004717 656871.360111 6869035.337715 18.000000
540000 656871.665506 6868977.532644 656871.514800 6868987.531508 656849.410771 6868987.198349 656849.561477 6868977.199485 656871.665506 6868977.532644 18.000000
540000 656871.125524 6869016.746915 656870.974818 6869026.745779 656849.438716 6869026.421181 656849.589422 6869016.422316 656871.125524 6869016.746915 18.000000
540000 656870.864793 6868995.516627 656870.714087 6869005.515492 656849.743889 6869005.199422 656849.894595 6868995.200558 656870.864793 6868995.516627 18.000000
540000 656871.360111 6869035.337715 656871.209404 6869045.336579 656849.116088 6869045.003582 656849.266794 6869035.004717 656871.360111 6869035.337715 18.000000
545000 656871.665506 6868977.532644 656871.514800 6868987.531508 656849.410771 6868987.198349 656849.561477 6868977.199485 656871.665506 6868977.532644 18.000000
545000 656871.125524 6869016.746915 656870.974818 6869026.745779 656849.438716 6869026.421181 656849.589422 6869016.422316 656871.125524 6869016.746915 18.000000
545000 656870.864793 6868995.516627 656870.714087 6869005.515492 656849.743889 6869005.199422 656849.894595 6868995.200558 656870.864793 6868995.516627 18.000000
545000 656871.360111 6869035.337715 656871.209404 6869045.336579 656849.116088 6869045.003582 656849.266794 6869035.004717 656871.360111 6869035.337715 18.000000
550000 656871.665506 6868977.532644 656871.514800 6868987.531508 656849.410771 6868987.198349 656849.561477 6868977.199485 656871.665506 6868977.532644 18.000000
550000 656871.125524 6869016.746915 656870.974818 6869026.745779 656849.438716 6869026.421181 656849.589422 6869016.422316 656871.125524 6869016.746915 18.000000
550000 656870.864793 6868995.516627 656870.714087 6869005.515492 656849.743889 6869005.199422 656849.894595 6868995.200558 656870.864793 6868995.516627 18.000000
550000 656871.360111 6869035.337715 656871.209404 6869045.336579 656849.116088 6869045.003582 656849.266794 6869035.004717 656871.360111 6869035.337715 18.000000
555000 656871.665506 6868977.532644 656871.514800 6868987.531508 656849.410771 6868987.198349 656849.561477 6868977.199485 656871.665506 6868977.532644 18.000000
555000 656871.125524 6869016.746915 656870.974818 6869026.745779 656849.438716 6869026.421181 656849.589422 6869016.422316 656871.125524 6869016.746915 18.000000
555000 656870.864793 6868995.516627 656870.714087 6869005.515492 656849.743889 6869005.199422 656849.894595 6868995.200558 656870.864793 6868995.516627 18.000000
555000 656871.360111 6869035.337715 656871.209404 6869045.336579 656849.116088 6869045.003582 656849.266794 6869035.004717 656871.360111 6869035.337715 18.000000
560000 656871.665506 6868977.532644 656871.514800 6868987.531508 656849.410771 6868987.198349 656849.561477 6868977.199485 656871.665506 6868977.532644 18.000000
560000 656871.125524 6869016.746915 656870.974818 6869026.745779 656849.438716 6869026.421181 656849.589422 6869016.422316 656871.125524 6869016.746915 18.000000
560000 656870.864793 6868995.516627 656870.714087 6869005.515492 656849.743889 6869005.199422 656849.894595 6868995.200558 656870.864793 6868995.516627 18.000000
560000 656871.360111 6869035.337715 656871.209404 6869045.336579 656849.116088 6869045.003582 656849.266794 6869035.004717 656871.360111 6869035.337715 18.000000
565000 656871.665506 6868977.532644 656871.514800 6868987.531508 656849.410771 6868987.198349 656849.561477 6868977.199485 656871.665506 6868977.532644 18.000000
565000 656871.125524 6869016.746915 656870.974818 6869026.745779 656849.438716 6869026.421181 656849.589422 6869016.422316 656871.125524 6869016.746915 18.000000
565000 656870.864793 6868995.516627 656870.714087 6869005.515492 656849.743889 6869005.199422 656849.894595 6868995.200558 656870.864793 6868995.516627 18.000000
565000 656871.360111 6869035.337715 656871.209404 6869045.336579 656849.116088 6869045.003582 656849.266794 6869035.004717 656871.360111 6869035.337715 18.000000
570000 656871.125524 6869016.746915 656870.974818 6869026.745779 656849.438716 6869026.421181 656849.589422 6869016.422316 656871.125524 6869016.746915 18.000000
570000 656871.360111 6869035.337715 656871.209404 6869045.336579 656849.116088 6869045.003582 656849.266794 6869035.004717 656871.360111 6869035.337715 18.000000
575000 656871.125524 6869016.746915 656870.974818 6869026.745779 656849.438716 6869026.421181 656849.589422 6869016.422316 656871.125524 6869016.746915 18.000000
575000 656871.360111 6869035.337715 656871.209404 6869045.336579 656849.116088 6869045.003582 656849.266794 6869035.004717 656871.360111 6869035.337715 18.000000
575000 656871.873746 6868981.107468 656871.723040 6868991.106332 656849.707371 6868990.774505 656849.858077 6868980.775640 656871.873746 6868981.107468 18.000000
580000 656871.360111 6869035.337715 656871.209404 6869045.336579 656849.116088 6869045.003582 656849.266794 6869035.004717 656871.360111 6869035.337715 18.000000
580000 656871.873746 6868981.107468 656871.723040 6868991.106332 656849.707371 6868990.774505 656849.858077 6868980.775640 656871.873746 6868981.107468 18.000000
580000 656871.345128 6869010.645086 656871.194421 6869020.643950 656848.977083 6869020.309084 656849.127789 6869010.310219 656871.345128 6869010.645086 18.000000
585000 656871.360111 6869035.337715 656871.209404 6869045.336579 656849.116088 6869045.003582 656849.266794 6869035.004717 656871.360111 6869035.337715 18.000000
585000 656871.873746 6868981.107468 656871.723040 6868991.106332 656849.707371 6868990.774505 656849.858077 6868980.775640 656871.873746 6868981.107468 18.000000
585000 656871.345128 6869010.645086 656871.194421 6869020.643950 656848.977083 6869020.309084 656849.127789 6869010.310219 656871.345128 6869010.645086 18.000000
590000 656871.360111 6869035.337715 656871.209404 6869045.336579 656849.116088 6869045.003582 656849.266794 6869035.004717 656871.360111 6869035.337715 18.000000
590000 656871.345128 6869010.645086 656871.194421 6869020.643950 656848.977083 6869020.309084 656849.127789 6869010.310219 656871.345128 6869010.645086 18.000000
590000 656872.178815 6868980.922394 656872.103462 6868985.921827 656849.385161 6868985.579409 656849.460514 6868980.579977 656872.178815 6868980.922394 6.000000
595000 656871.360111 6869035.337715 656871.209404 6869045.336579 656849.116088 6869045.003582 656849.266794 6869035.004717 656871.360111 6869035.337715 18.000000
595000 656871.345128 6869010.645086 656871.194421 6869020.643950 656848.977083 6869020.309084 656849.127789 6869010.310219 656871.345128 6869010.645086 18.000000
595000 656872.178815 6868980.922394 656872.103462 6868985.921827 656849.385161 6868985.579409 656849.460514 6868980.579977 656872.178815 6868980.922394 6.000000
600000 656871.360111 6869035.337715 656871.209404 6869045.336579 656849.116088 6869045.003582 656849.266794 6869035.004717 656871.360111 6869035.337715 18.000000
600000 656871.345128 6869010.645086 656871.194421 6869020.643950 656848.977083 6869020.309084 656849.127789 6869010.310219 656871.345128 6869010.645086 18.000000
605000 656872.161116 6868992.109416 656872.010410 6869002.108281 656850.626584 6869001.785977 656850.777290 6868991.787112 656872.161116 6868992.109416 18.000000
605000 656869.090974 6869013.760803 656868.940268 6869023.759667 656849.425392 6869023.465532 656849.576098 6869013.466668 656869.090974 6869013.760803 18.000000
610000 656870.420947 6869036.750113 656870.270241 6869046.748977 656850.483276 6869046.450742 656850.633982 6869036.451878 656870.420947 6869036.750113 18.000000
610000 656853.498671 6868983.070054 656863.497535 6868983.220760 656862.955838 6869019.160631 656852.956974 6869019.009924 656853.498671 6868983.070054 18.000000
615000 656870.420947 6869036.750113 656870.270241 6869046.748977 656850.483276 6869046.450742 656850.633982 6869036.451878 656870.420947 6869036.750113 18.000000
615000 656853.498671 6868983.070054 656863.497535 6868983.220760 656862.955838 6869019.160631 656852.956974 6869019.009924 656853.498671 6868983.070054 18.000000
620000 656870.420947 6869036.750113 656870.270241 6869046.748977 656850.483276 6869046.450742 656850.633982 6869036.451878 656870.420947 6869036.750113 18.000000
620000 656853.498671 6868983.070054 656863.497535 6868983.220760 656862.955838 6869019.160631 656852.956974 6869019.009924 656853.498671 6868983.070054 18.000000
625000 656870.420947 6869036.750113 656870.270241 6869046.748977 656850.483276 6869046.450742 656850.633982 6869036.451878 656870.420947 6869036.750113 18.000000
625000 656853.498671 6868983.070054 656863.497535 6868983.220760 656862.955838 6869019.160631 656852.956974 6869019.009924 656853.498671 6868983.070054 18.000000
630000 656870.420947 6869036.750113 656870.270241 6869046.748977 656850.483276 6869046.450742 656850.633982 6869036.451878 656870.420947 6869036.750113 18.000000
630000 656853.498671 6868983.070054 656863.497535 6868983.220760 656862.955838 6869019.160631 656852.956974 6869019.009924 656853.498671 6868983.070054 18.000000
635000 656859.563848 6868998.854787 656869.562712 6868999.005493 656868.868749 6869045.047721 656858.869884 6869044.897015 656859.563848 6868998.854787 18.000000
640000 656866.690062 6869026.452415 656871.689494 6869026.527768 656871.357501 6869048.554449 656866.358068 6869048.479096 656866.690062 6869026.452415 6.000000
640000 656852.537335 6868981.627691 656862.536200 6868981.778397 656862.128696 6869008.814987 656852.129831 6869008.664281 656852.537335 6868981.627691 18.000000
645000 656861.862245 6868985.115367 656871.861109 6868985.266073 656871.300249 6869022.477343 656861.301385 6869022.326637 656861.862245 6868985.115367 18.000000
645000 656871.307776 6869032.360862 656871.157070 6869042.359726 656850.111368 6869042.042518 656850.262074 6869032.043654 656871.307776 6869032.360862 18.000000
650000 656861.862245 6868985.115367 656871.861109 6868985.266073 656871.300249 6869022.477343 656861.301385 6869022.326637 656861.862245 6868985.115367 18.000000
650000 656871.307776 6869032.360862 656871.157070 6869042.359726 656850.111368 6869042.042518 656850.262074 6869032.043654 656871.307776 6869032.360862 18.000000
655000 656866.341837 6869030.132333 656866.266484 6869035.131765 656849.333492 6869034.876546 656849.408845 6869029.877114 656866.341837 6869030.132333 6.000000
655000 656871.674033 6869017.309119 656871.598680 6869022.308551 656862.637494 6869022.173485 656862.712847 6869017.174053 656871.674033 6869017.309119 6.000000
660000 656860.968161 6868979.816553 656870.967025 6868979.967259 656870.242476 6869028.038753 656860.243612 6869027.888047 656860.968161 6868979.816553 18.000000
660000 656870.243182 6869034.239495 656870.092476 6869044.238359 656849.240315 6869043.924069 656849.391022 6869033.925204 656870.243182 6869034.239495 18.000000
665000 656870.243182 6869034.239495 656870.092476 6869044.238359 656849.240315 6869043.924069 656849.391022 6869033.925204 656870.243182 6869034.239495 18.000000
665000 656856.788692 6868981.366715 656866.787557 6868981.517421 656866.133716 6869024.897669 656856.134851 6869024.746963 656856.788692 6868981.366715 18.000000
670000 656870.243182 6869034.239495 656870.092476 6869044.238359 656849.240315 6869043.924069 656849.391022 6869033.925204 656870.243182 6869034.239495 18.000000
670000 656856.788692 6868981.366715 656866.787557 6868981.517421 656866.133716 6869024.897669 656856.134851 6869024.746963 656856.788692 6868981.366715 18.000000
675000 656870.243182 6869034.239495 656870.092476 6869044.238359 656849.240315 6869043.924069 656849.391022 6869033.925204 656870.243182 6869034.239495 18.000000
675000 656856.788692 6868981.366715 656866.787557 6868981.517421 656866.133716 6869024.897669 656856.134851 6869024.746963 656856.788692 6868981.366715 18.000000
680000 656870.243182 6869034.239495 656870.092476 6869044.238359 656849.240315 6869043.924069 656849.391022 6869033.925204 656870.243182 6869034.239495 18.000000
680000 656856.788692 6868981.366715 656866.787557 6868981.517421 656866.133716 6869024.897669 656856.134851 6869024.746963 656856.788692 6868981.366715 18.000000
685000 656870.243182 6869034.239495 656870.092476 6869044.238359 656849.240315 6869043.924069 656849.391022 6869033.925204 656870.243182 6869034.239495 18.000000
685000 656856.788692 6868981.366715 656866.787557 6868981.517421 656866.133716 6869024.897669 656856.134851 6869024.746963 656856.788692 6868981.366715 18.000000
690000 656870.243182 6869034.239495 656870.092476 6869044.238359 656849.240315 6869043.924069 656849.391022 6869033.925204 656870.243182 6869034.239495 18.000000
690000 656856.788692 6868981.366715 656866.787557 6868981.517421 656866.133716 6869024.897669 656856.134851 6869024.746963 656856.788692 6868981.366715 18.000000
695000 656871.808387 6868982.534490 656871.657681 6868992.533355 656849.701726 6868992.202427 656849.852432 6868982.203563 656871.808387 6868982.534490 18.000000
695000 656857.532495 6868996.447007 656867.531359 6868996.597713 656867.011841 6869031.066096 656857.012976 6869030.915390 656857.532495 6868996.447007 18.000000
700000 656871.808387 6868982.534490 656871.657681 6868992.533355 656849.701726 6868992.202427 656849.852432 6868982.203563 656871.808387 6868982.534490 18.000000
700000 656857.532495 6868996.447007 656867.531359 6868996.597713 656867.011841 6869031.066096 656857.012976 6869030.915390 656857.532495 6868996.447007 18.000000
705000 656871.808387 6868982.534490 656871.657681 6868992.533355 656849.701726 6868992.202427 656849.852432 6868982.203563 656871.808387 6868982.534490 18.000000
705000 656857.532495 6868996.447007 656867.531359 6868996.597713 656867.011841 6869031.066096 656857.012976 6869030.915390 656857.532495 6868996.447007 18.000000
710000 656850.254606 6868992.870699 656860.253470 6868993.021405 656859.516155 6869041.939916 656849.517290 6869041.789210 656850.254606 6868992.870699 18.000000
715000 656870.161767 6868987.592835 656870.011061 6868997.591699 656849.377049 6868997.280697 656849.527755 6868987.281832 656870.161767 6868987.592835 18.000000
715000 656852.061869 6869005.267983 656862.060733 6869005.418689 656861.507588 6869042.118114 656851.508724 6869041.967408 656852.061869 6869005.267983 18.000000
720000 656870.161767 6868987.592835 656870.011061 6868997.591699 656849.377049 6868997.280697 656849.527755 6868987.281832 656870.161767 6868987.592835 18.000000
720000 656852.061869 6869005.267983 656862.060733 6869005.418689 656861.507588 6869042.118114 656851.508724 6869041.967408 656852.061869 6869005.267983 18.000000
725000 656870.161767 6868987.592835 656870.011061 6868997.591699 656849.377049 6868997.280697 656849.527755 6868987.281832 656870.161767 6868987.592835 18.000000
725000 656871.703415 6869007.112430 656871.552709 6869017.111294 656850.188476 6869016.789286 656850.339182 6869006.790422 656871.703415 6869007.112430 18.000000
725000 656871.121783 6869034.728935 656870.971077 6869044.727800 656850.007299 6869044.411827 656850.158005 6869034.412962 656871.121783 6869034.728935 18.000000
730000 656870.161767 6868987.592835 656870.011061 6868997.591699 656849.377049 6868997.280697 656849.527755 6868987.281832 656870.161767 6868987.592835 18.000000
730000 656871.703415 6869007.112430 656871.552709 6869017.111294 656850.188476 6869016.789286 656850.339182 6869006.790422 656871.703415 6869007.112430 18.000000
730000 656871.121783 6869034.728935 656870.971077 6869044.727800 656850.007299 6869044.411827 656850.158005 6869034.412962 656871.121783 6869034.728935 18.000000
735000 656870.161767 6868987.592835 656870.011061 6868997.591699 656849.377049 6868997.280697 656849.527755 6868987.281832 656870.161767 6868987.592835 18.000000
735000 656871.703415 6869007.112430 656871.552709 6869017.111294 656850.188476 6869016.789286 656850.339182 6869006.790422 656871.703415 6869007.112430 18.000000
735000 656871.121783 6869034.728935 656870.971077 6869044.727800 656850.007299 6869044.411827 656850.158005 6869034.412962 656871.121783 6869034.728935 18.000000
740000 656871.703415 6869007.112430 656871.552709 6869017.111294 656850.188476 6869016.789286 656850.339182 6869006.790422 656871.703415 6869007.112430 18.000000
740000 656871.121783 6869034.728935 656870.971077 6869044.727800 656850.007299 6869044.411827 656850.158005 6869034.412962 656871.121783 6869034.728935 18.000000
745000 656871.121783 6869034.728935 656870.971077 6869044.727800 656850.007299 6869044.411827 656850.158005 6869034.412962 656871.121783 6869034.728935 18.000000
745000 656871.813537 6868996.760781 656871.662831 6869006.759645 656850.000883 6869006.433149 656850.151590 6868996.434285 656871.813537 6868996.760781 18.000000
745000 656871.920819 6869018.224429 656871.770112 6869028.223293 656849.506292 6869027.887726 656849.656998 6869017.888862 656871.920819 6869018.224429 18.000000
750000 656871.121783 6869034.728935 656870.971077 6869044.727800 656850.007299 6869044.411827 656850.158005 6869034.412962 656871.121783 6869034.728935 18.000000
750000 656871.813537 6868996.760781 656871.662831 6869006.759645 656850.000883 6869006.433149 656850.151590 6868996.434285 656871.813537 6868996.760781 18.000000
750000 656871.920819 6869018.224429 656871.770112 6869028.223293 656849.506292 6869027.887726 656849.656998 6869017.888862 656871.920819 6869018.224429 18.000000
755000 656871.121783 6869034.728935 656870.971077 6869044.727800 656850.007299 6869044.411827 656850.158005 6869034.412962 656871.121783 6869034.728935 18.000000
755000 656871.813537 6868996.760781 656871.662831 6869006.759645 656850.000883 6869006.433149 656850.151590 6868996.434285 656871.813537 6868996.760781 18.000000
755000 656871.920819 6869018.224429 656871.770112 6869028.223293 656849.506292 6869027.887726 656849.656998 6869017.888862 656871.920819 6869018.224429 18.000000
760000 656871.121783 6869034.728935 656870.971077 6869044.727800 656850.007299 6869044.411827 656850.158005 6869034.412962 656871.121783 6869034.728935 18.000000
760000 656871.920819 6869018.224429 656871.770112 6869028.223293 656849.506292 6869027.887726 656849.656998 6869017.888862 656871.920819 6869018.224429 18.000000
760000 656870.672190 6868984.600080 656870.521484 6868994.598944 656850.278749 6868994.293839 656850.429455 6868984.294975 656870.672190 6868984.600080 18.000000
765000 656871.121783 6869034.728935 656870.971077 6869044.727800 656850.007299 6869044.411827 656850.158005 6869034.412962 656871.121783 6869034.728935 18.000000
765000 656871.920819 6869018.224429 656871.770112 6869028.223293 656849.506292 6869027.887726 656849.656998 6869017.888862 656871.920819 6869018.224429 18.000000
765000 656871.267896 6868997.905141 656871.117190 6869007.904005 656851.333959 6869007.605826 656851.484665 6868997.606962 656871.267896 6868997.905141 18.000000
770000 656871.121783 6869034.728935 656870.971077 6869044.727800 656850.007299 6869044.411827 656850.158005 6869034.412962 656871.121783 6869034.728935 18.000000
770000 656858.574102 6868980.729820 656868.572966 6868980.880526 656868.034006 6869016.638780 656858.035142 6869016.488074 656858.574102 6868980.729820 18.000000
775000 656871.121783 6869034.728935 656870.971077 6869044.727800 656850.007299 6869044.411827 656850.158005 6869034.412962 656871.121783 6869034.728935 18.000000
775000 656871.014973 6869002.990205 656870.864267 6869012.989069 656849.120929 6869012.661346 656849.271635 6869002.662482 656871.014973 6869002.990205 18.000000
780000 656871.121783 6869034.728935 656870.971077 6869044.727800 656850.007299 6869044.411827 656850.158005 6869034.412962 656871.121783 6869034.728935 18.000000
780000 656871.014973 6869002.990205 656870.864267 6869012.989069 656849.120929 6869012.661346 656849.271635 6869002.662482 656871.014973 6869002.990205 18.000000
785000 656871.121783 6869034.728935 656870.971077 6869044.727800 656850.007299 6869044.411827 656850.158005 6869034.412962 656871.121783 6869034.728935 18.000000
785000 656870.672330 6869005.467601 656870.521624 6869015.466465 656849.640723 6869015.151742 656849.791429 6869005.152878 656870.672330 6869005.467601 18.000000
790000 656871.121783 6869034.728935 656870.971077 6869044.727800 656850.007299 6869044.411827 656850.158005 6869034.412962 656871.121783 6869034.728935 18.000000
790000 656870.672330 6869005.467601 656870.521624 6869015.466465 656849.640723 6869015.151742 656849.791429 6869005.152878 656870.672330 6869005.467601 18.000000
790000 656871.243316 6868984.220466 656871.092609 6868994.219330 656849.659572 6868993.896284 656849.810278 6868983.897420 656871.243316 6868984.220466 18.000000
795000 656871.121783 6869034.728935 656870.971077 6869044.727800 656850.007299 6869044.411827 656850.158005 6869034.412962 656871.121783 6869034.728935 18.000000
795000 656871.243316 6868984.220466 656871.092609 6868994.219330 656849.659572 6868993.896284 656849.810278 6868983.897420 656871.243316 6868984.220466 18.000000
795000 656871.245647 6869005.558124 656871.094941 6869015.556988 656849.514261 6869015.231718 656849.664968 6869005.232853 656871.245647 6869005.558124 18.000000
800000 656871.121783 6869034.728935 656870.971077 6869044.727800 656850.007299 6869044.411827 656850.158005 6869034.412962 656871.121783 6869034.728935 18.000000
800000 656871.243316 6868984.220466 656871.092609 6868994.219330 656849.659572 6868993.896284 656849.810278 6868983.897420 656871.243316 6868984.220466 18.000000
800000 656871.245647 6869005.558124 656871.094941 6869015.556988 656849.514261 6869015.231718 656849.664968 6869005.232853 656871.245647 6869005.558124 18.000000
805000 656871.121783 6869034.728935 656870.971077 6869044.727800 656850.007299 6869044.411827 656850.158005 6869034.412962 656871.121783 6869034.728935 18.000000
805000 656871.243316 6868984.220466 656871.092609 6868994.219330 656849.659572 6868993.896284 656849.810278 6868983.897420 656871.243316 6868984.220466 18.000000
805000 656871.245647 6869005.558124 656871.094941 6869015.556988 656849.514261 6869015.231718 656849.664968 6869005.232853 656871.245647 6869005.558124 18.000000
810000 656871.121783 6869034.728935 656870.971077 6869044.727800 656850.007299 6869044.411827 656850.158005 6869034.412962 656871.121783 6869034.728935 18.000000
810000 656871.243316 6868984.220466 656871.092609 6868994.219330 656849.659572 6868993.896284 656849.810278 6868983.897420 656871.243316 6868984.220466 18.000000
810000 656871.245647 6869005.558124 656871.094941 6869015.556988 656849.514261 6869015.231718 656849.664968 6869005.232853 656871.245647 6869005.558124 18.000000
815000 656871.121783 6869034.728935 656870.971077 6869044.727800 656850.007299 6869044.411827 656850.158005 6869034.412962 656871.121783 6869034.728935 18.000000
815000 656871.243316 6868984.220466 656871.092609 6868994.219330 656849.659572 6868993.896284 656849.810278 6868983.897420 656871.243316 6868984.220466 18.000000
815000 656871.245647 6869005.558124 656871.094941 6869015.556988 656849.514261 6869015.231718 656849.664968 6869005.232853 656871.245647 6869005.558124 18.000000
820000 656871.121783 6869034.728935 656870.971077 6869044.727800 656850.007299 6869044.411827 656850.158005 6869034.412962 656871.121783 6869034.728935 18.000000
820000 656871.243316 6868984.220466 656871.092609 6868994.219330 656849.659572 6868993.896284 656849.810278 6868983.897420 656871.243316 6868984.220466 18.000000
820000 656871.017240 6869015.252962 656870.866534 6869025.251827 656849.557818 6869024.930655 656849.708524 6869014.931791 656871.017240 6869015.252962 18.000000
825000 656871.121783 6869034.728935 656870.971077 6869044.727800 656850.007299 6869044.411827 656850.158005 6869034.412962 656871.121783 6869034.728935 18.000000
825000 656871.243316 6868984.220466 656871.092609 6868994.219330 656849.659572 6868993.896284 656849.810278 6868983.897420 656871.243316 6868984.220466 18.000000
825000 656871.017240 6869015.252962 656870.866534 6869025.251827 656849.557818 6869024.930655 656849.708524 6869014.931791 656871.017240 6869015.252962 18.000000
830000 656871.121783 6869034.728935 656870.971077 6869044.727800 656850.007299 6869044.411827 656850.158005 6869034.412962 656871.121783 6869034.728935 18.000000
830000 656871.017240 6869015.252962 656870.866534 6869025.251827 656849.557818 6869024.930655 656849.708524 6869014.931791 656871.017240 6869015.252962 18.000000
830000 656870.866104 6868995.330496 656870.715398 6869005.329361 656849.470173 6869005.009146 656849.620879 6868995.010282 656870.866104 6868995.330496 18.000000
835000 656871.121783 6869034.728935 656870.971077 6869044.727800 656850.007299 6869044.411827 656850.158005 6869034.412962 656871.121783 6869034.728935 18.000000
835000 656871.017240 6869015.252962 656870.866534 6869025.251827 656849.557818 6869024.930655 656849.708524 6869014.931791 656871.017240 6869015.252962 18.000000
835000 656870.866104 6868995.330496 656870.715398 6869005.329361 656849.470173 6869005.009146 656849.620879 6868995.010282 656870.866104 6868995.330496 18.000000
835000 656871.276553 6868977.918415 656871.125847 6868987.917279 656850.193646 6868987.601782 656850.344352 6868977.602918 656871.276553 6868977.918415 18.000000
840000 656871.121783 6869034.728935 656870.971077 6869044.727800 656850.007299 6869044.411827 656850.158005 6869034.412962 656871.121783 6869034.728935 18.000000
840000 656871.017240 6869015.252962 656870.866534 6869025.251827 656849.557818 6869024.930655 656849.708524 6869014.931791 656871.017240 6869015.252962 18.000000
840000 656870.866104 6868995.330496 656870.715398 6869005.329361 656849.470173 6869005.009146 656849.620879 6868995.010282 656870.866104 6868995.330496 18.000000
840000 656871.276553 6868977.918415 656871.125847 6868987.917279 656850.193646 6868987.601782 656850.344352 6868977.602918 656871.276553 6868977.918415 18.000000
845000 656871.121783 6869034.728935 656870.971077 6869044.727800 656850.007299 6869044.411827 656850.158005 6869034.412962 656871.121783 6869034.728935 18.000000
845000 656871.017240 6869015.252962 656870.866534 6869025.251827 656849.557818 6869024.930655 656849.708524 6869014.931791 656871.017240 6869015.252962 18.000000
845000 656870.866104 6868995.330496 656870.715398 6869005.329361 656849.470173 6869005.009146 656849.620879 6868995.010282 656870.866104 6868995.330496 18.000000
845000 656871.276553 6868977.918415 656871.125847 6868987.917279 656850.193646 6868987.601782 656850.344352 6868977.602918 656871.276553 6868977.918415 18.000000
850000 656871.121783 6869034.728935 656870.971077 6869044.727800 656850.007299 6869044.411827 656850.158005 6869034.412962 656871.121783 6869034.728935 18.000000
850000 656871.017240 6869015.252962 656870.866534 6869025.251827 656849.557818 6869024.930655 656849.708524 6869014.931791 656871.017240 6869015.252962 18.000000
850000 656871.276553 6868977.918415 656871.125847 6868987.917279 656850.193646 6868987.601782 656850.344352 6868977.602918 656871.276553 6868977.918415 18.000000
855000 656871.121783 6869034.728935 656870.971077 6869044.727800 656850.007299 6869044.411827 656850.158005 6869034.412962 656871.121783 6869034.728935 18.000000
855000 656871.017240 6869015.252962 656870.866534 6869025.251827 656849.557818 6869024.930655 656849.708524 6869014.931791 656871.017240 6869015.252962 18.000000
855000 656865.562415 6868982.722138 656865.487062 6868987.721570 656849.390751 6868987.478961 656849.466104 6868982.479529 656865.562415 6868982.722138 6.000000
860000 656871.121783 6869034.728935 656870.971077 6869044.727800 656850.007299 6869044.411827 656850.158005 6869034.412962 656871.121783 6869034.728935 18.000000
860000 656871.017240 6869015.252962 656870.866534 6869025.251827 656849.557818 6869024.930655 656849.708524 6869014.931791 656871.017240 6869015.252962 18.000000
860000 656865.562415 6868982.722138 656865.487062 6868987.721570 656849.390751 6868987.478961 656849.466104 6868982.479529 656865.562415 6868982.722138 6.000000
865000 656871.121783 6869034.728935 656870.971077 6869044.727800 656850.007299 6869044.411827 656850.158005 6869034.412962 656871.121783 6869034.728935 18.000000
865000 656871.722073 6869016.712138 656871.571367 6869026.711002 656849.737893 6869026.381921 656849.888600 6869016.383057 656871.722073 6869016.712138 18.000000
870000 656871.121783 6869034.728935 656870.971077 6869044.727800 656850.007299 6869044.411827 656850.158005 6869034.412962 656871.121783 6869034.728935 18.000000
870000 656872.221794 6868980.633019 656872.146441 6868985.632451 656860.650984 6868985.459188 656860.726337 6868980.459756 656872.221794 6868980.633019 6.000000
870000 656871.533002 6869014.541038 656871.382296 6869024.539902 656849.901048 6869024.216130 656850.051754 6869014.217266 656871.533002 6869014.541038 18.000000
875000 656871.121783 6869034.728935 656870.971077 6869044.727800 656850.007299 6869044.411827 656850.158005 6869034.412962 656871.121783 6869034.728935 18.000000
875000 656871.533002 6869014.541038 656871.382296 6869024.539902 656849.901048 6869024.216130 656850.051754 6869014.217266 656871.533002 6869014.541038 18.000000
875000 656856.137095 6868978.546232 656856.061742 6868983.545664 656849.253341 6868983.443046 656849.328694 6868978.443614 656856.137095 6868978.546232 6.000000
880000 656871.533002 6869014.541038 656871.382296 6869024.539902 656849.901048 6869024.216130 656850.051754 6869014.217266 656871.533002 6869014.541038 18.000000
880000 656870.432952 6869037.635298 656870.282246 6869047.634163 656849.170528 6869047.315960 656849.321234 6869037.317096 656870.432952 6869037.635298 18.000000
880000 656872.217248 6868982.502065 656872.141895 6868987.501498 656863.723831 6868987.374618 656863.799184 6868982.375186 656872.217248 6868982.502065 6.000000
885000 656871.533002 6869014.541038 656871.382296 6869024.539902 656849.901048 6869024.216130 656850.051754 6869014.217266 656871.533002 6869014.541038 18.000000
885000 656870.432952 6869037.635298 656870.282246 6869047.634163 656849.170528 6869047.315960 656849.321234 6869037.317096 656870.432952 6869037.635298 18.000000
885000 656872.139458 6868980.514717 656872.064104 6868985.514149 656858.430718 6868985.308663 656858.506071 6868980.309231 656872.139458 6868980.514717 6.000000
890000 656871.533002 6869014.541038 656871.382296 6869024.539902 656849.901048 6869024.216130 656850.051754 6869014.217266 656871.533002 6869014.541038 18.000000
890000 656870.432952 6869037.635298 656870.282246 6869047.634163 656849.170528 6869047.315960 656849.321234 6869037.317096 656870.432952 6869037.635298 18.000000
890000 656869.891330 6868995.690353 656869.740624 6869005.689217 656849.752058 6869005.387943 656849.902764 6868995.389079 656869.891330 6868995.690353 18.000000
895000 656871.533002 6869014.541038 656871.382296 6869024.539902 656849.901048 6869024.216130 656850.051754 6869014.217266 656871.533002 6869014.541038 18.000000
895000 656872.148579 6868994.384646 656871.997873 6869004.383510 656849.398977 6869004.042893 656849.549683 6868994.044028 656872.148579 6868994.384646 18.000000
895000 656871.264937 6869038.864536 656871.114231 6869048.863400 656849.361413 6869048.535535 656849.512120 6869038.536671 656871.264937 6869038.864536 18.000000
900000 656871.533002 6869014.541038 656871.382296 6869024.539902 656849.901048 6869024.216130 656850.051754 6869014.217266 656871.533002 6869014.541038 18.000000
900000 656872.148579 6868994.384646 656871.997873 6869004.383510 656849.398977 6869004.042893 656849.549683 6868994.044028 656872.148579 6868994.384646 18.000000
900000 656871.264937 6869038.864536 656871.114231 6869048.863400 656849.361413 6869048.535535 656849.512120 6869038.536671 656871.264937 6869038.864536 18.000000
905000 656871.533002 6869014.541038 656871.382296 6869024.539902 656849.901048 6869024.216130 656850.051754 6869014.217266 656871.533002 6869014.541038 18.000000
905000 656872.148579 6868994.384646 656871.997873 6869004.383510 656849.398977 6869004.042893 656849.549683 6868994.044028 656872.148579 6868994.384646 18.000000
905000 656871.264937 6869038.864536 656871.114231 6869048.863400 656849.361413 6869048.535535 656849.512120 6869038.536671 656871.264937 6869038.864536 18.000000
910000 656871.533002 6869014.541038 656871.382296 6869024.539902 656849.901048 6869024.216130 656850.051754 6869014.217266 656871.533002 6869014.541038 18.000000
910000 656872.148579 6868994.384646 656871.997873 6869004.383510 656849.398977 6869004.042893 656849.549683 6868994.044028 656872.148579 6868994.384646 18.000000
910000 656871.264937 6869038.864536 656871.114231 6869048.863400 656849.361413 6869048.535535 656849.512120 6869038.536671 656871.264937 6869038.864536 18.000000
915000 656871.533002 6869014.541038 656871.382296 6869024.539902 656849.901048 6869024.216130 656850.051754 6869014.217266 656871.533002 6869014.541038 18.000000
915000 656872.148579 6868994.384646 656871.997873 6869004.383510 656849.398977 6869004.042893 656849.549683 6868994.044028 656872.148579 6868994.384646 18.000000
915000 656871.264937 6869038.864536 656871.114231 6869048.863400 656849.361413 6869048.535535 656849.512120 6869038.536671 656871.264937 6869038.864536 18.000000
920000 656871.533002 6869014.541038 656871.382296 6869024.539902 656849.901048 6869024.216130 656850.051754 6869014.217266 656871.533002 6869014.541038 18.000000
920000 656872.148579 6868994.384646 656871.997873 6869004.383510 656849.398977 6869004.042893 656849.549683 6868994.044028 656872.148579 6868994.384646 18.000000
920000 656871.264937 6869038.864536 656871.114231 6869048.863400 656849.361413 6869048.535535 656849.512120 6869038.536671 656871.264937 6869038.864536 18.000000
925000 656871.533002 6869014.541038 656871.382296 6869024.539902 656849.901048 6869024.216130 656850.051754 6869014.217266 656871.533002 6869014.541038 18.000000
925000 656872.148579 6868994.384646 656871.997873 6869004.383510 656849.398977 6869004.042893 656849.549683 6868994.044028 656872.148579 6868994.384646 18.000000
925000 656871.264937 6869038.864536 656871.114231 6869048.863400 656849.361413 6869048.535535 656849.512120 6869038.536671 656871.264937 6869038.864536 18.000000
930000 656871.533002 6869014.541038 656871.382296 6869024.539902 656849.901048 6869024.216130 656850.051754 6869014.217266 656871.533002 6869014.541038 18.000000
930000 656872.148579 6868994.384646 656871.997873 6869004.383510 656849.398977 6869004.042893 656849.549683 6868994.044028 656872.148579 6868994.384646 18.000000
930000 656871.264937 6869038.864536 656871.114231 6869048.863400 656849.361413 6869048.535535 656849.512120 6869038.536671 656871.264937 6869038.864536 18.000000
935000 656871.533002 6869014.541038 656871.382296 6869024.539902 656849.901048 6869024.216130 656850.051754 6869014.217266 656871.533002 6869014.541038 18.000000
935000 656872.148579 6868994.384646 656871.997873 6869004.383510 656849.398977 6869004.042893 656849.549683 6868994.044028 656872.148579 6868994.384646 18.000000
935000 656871.264937 6869038.864536 656871.114231 6869048.863400 656849.361413 6869048.535535 656849.512120 6869038.536671 656871.264937 6869038.864536 18.000000
940000 656871.533002 6869014.541038 656871.382296 6869024.539902 656849.901048 6869024.216130 656850.051754 6869014.217266 656871.533002 6869014.541038 18.000000
940000 656872.148579 6868994.384646 656871.997873 6869004.383510 656849.398977 6869004.042893 656849.549683 6868994.044028 656872.148579 6868994.384646 18.000000
940000 656871.264937 6869038.864536 656871.114231 6869048.863400 656849.361413 6869048.535535 656849.512120 6869038.536671 656871.264937 6869038.864536 18.000000
945000 656871.533002 6869014.541038 656871.382296 6869024.539902 656849.901048 6869024.216130 656850.051754 6869014.217266 656871.533002 6869014.541038 18.000000
945000 656872.148579 6868994.384646 656871.997873 6869004.383510 656849.398977 6869004.042893 656849.549683 6868994.044028 656872.148579 6868994.384646 18.000000
945000 656871.264937 6869038.864536 656871.114231 6869048.863400 656849.361413 6869048.535535 656849.512120 6869038.536671 656871.264937 6869038.864536 18.000000
950000 656871.533002 6869014.541038 656871.382296 6869024.539902 656849.901048 6869024.216130 656850.051754 6869014.217266 656871.533002 6869014.541038 18.000000
950000 656872.148579 6868994.384646 656871.997873 6869004.383510 656849.398977 6869004.042893 656849.549683 6868994.044028 656872.148579 6868994.384646 18.000000
950000 656871.264937 6869038.864536 656871.114231 6869048.863400 656849.361413 6869048.535535 656849.512120 6869038.536671 656871.264937 6869038.864536 18.000000
955000 656871.533002 6869014.541038 656871.382296 6869024.539902 656849.901048 6869024.216130 656850.051754 6869014.217266 656871.533002 6869014.541038 18.000000
955000 656872.148579 6868994.384646 656871.997873 6869004.383510 656849.398977 6869004.042893 656849.549683 6868994.044028 656872.148579 6868994.384646 18.000000
955000 656871.264937 6869038.864536 656871.114231 6869048.863400 656849.361413 6869048.535535 656849.512120 6869038.536671 656871.264937 6869038.864536 18.000000
960000 656871.533002 6869014.541038 656871.382296 6869024.539902 656849.901048 6869024.216130 656850.051754 6869014.217266 656871.533002 6869014.541038 18.000000
960000 656872.148579 6868994.384646 656871.997873 6869004.383510 656849.398977 6869004.042893 656849.549683 6868994.044028 656872.148579 6868994.384646 18.000000
960000 656871.264937 6869038.864536 656871.114231 6869048.863400 656849.361413 6869048.535535 656849.512120 6869038.536671 656871.264937 6869038.864536 18.000000
965000 656872.148579 6868994.384646 656871.997873 6869004.383510 656849.398977 6869004.042893 656849.549683 6868994.044028 656872.148579 6868994.384646 18.000000
965000 656871.264937 6869038.864536 656871.114231 6869048.863400 656849.361413 6869048.535535 656849.512120 6869038.536671 656871.264937 6869038.864536 18.000000
965000 656871.446433 6869016.944146 656871.295727 6869026.943010 656849.024495 6869026.607331 656849.175201 6869016.608467 656871.446433 6869016.944146 18.000000
970000 656872.148579 6868994.384646 656871.997873 6869004.383510 656849.398977 6869004.042893 656849.549683 6868994.044028 656872.148579 6868994.384646 18.000000
970000 656871.264937 6869038.864536 656871.114231 6869048.863400 656849.361413 6869048.535535 656849.512120 6869038.536671 656871.264937 6869038.864536 18.000000
970000 656871.446433 6869016.944146 656871.295727 6869026.943010 656849.024495 6869026.607331 656849.175201 6869016.608467 656871.446433 6869016.944146 18.000000
975000 656872.148579 6868994.384646 656871.997873 6869004.383510 656849.398977 6869004.042893 656849.549683 6868994.044028 656872.148579 6868994.384646 18.000000
975000 656871.264937 6869038.864536 656871.114231 6869048.863400 656849.361413 6869048.535535 656849.512120 6869038.536671 656871.264937 6869038.864536 18.000000
975000 656871.446433 6869016.944146 656871.295727 6869026.943010 656849.024495 6869026.607331 656849.175201 6869016.608467 656871.446433 6869016.944146 18.000000
980000 656872.148579 6868994.384646 656871.997873 6869004.383510 656849.398977 6869004.042893 656849.549683 6868994.044028 656872.148579 6868994.384646 18.000000
980000 656871.264937 6869038.864536 656871.114231 6869048.863400 656849.361413 6869048.535535 656849.512120 6869038.536671 656871.264937 6869038.864536 18.000000
980000 656871.446433 6869016.944146 656871.295727 6869026.943010 656849.024495 6869026.607331 656849.175201 6869016.608467 656871.446433 6869016.944146 18.000000
985000 656872.148579 6868994.384646 656871.997873 6869004.383510 656849.398977 6869004.042893 656849.549683 6868994.044028 656872.148579 6868994.384646 18.000000
985000 656871.264937 6869038.864536 656871.114231 6869048.863400 656849.361413 6869048.535535 656849.512120 6869038.536671 656871.264937 6869038.864536 18.000000
985000 656871.446433 6869016.944146 656871.295727 6869026.943010 656849.024495 6869026.607331 656849.175201 6869016.608467 656871.446433 6869016.944146 18.000000
990000 656872.148579 6868994.384646 656871.997873 6869004.383510 656849.398977 6869004.042893 656849.549683 6868994.044028 656872.148579 6868994.384646 18.000000
990000 656871.264937 6869038.864536 656871.114231 6869048.863400 656849.361413 6869048.535535 656849.512120 6869038.536671 656871.264937 6869038.864536 18.000000
990000 656871.446433 6869016.944146 656871.295727 6869026.943010 656849.024495 6869026.607331 656849.175201 6869016.608467 656871.446433 6869016.944146 18.000000
995000 656872.148579 6868994.384646 656871.997873 6869004.383510 656849.398977 6869004.042893 656849.549683 6868994.044028 656872.148579 6868994.384646 18.000000
995000 656871.264937 6869038.864536 656871.114231 6869048.863400 656849.361413 6869048.535535 656849.512120 6869038.536671 656871.264937 6869038.864536 18.000000
995000 656871.446433 6869016.944146 656871.295727 6869026.943010 656849.024495 6869026.607331 656849.175201 6869016.608467 656871.446433 6869016.944146 18.000000
1000000 656872.148579 6868994.384646 656871.997873 6869004.383510 656849.398977 6869004.042893 656849.549683 6868994.044028 656872.148579 6868994.384646 18.000000
1000000 656871.264937 6869038.864536 656871.114231 6869048.863400 656849.361413 6869048.535535 656849.512120 6869038.536671 656871.264937 6869038.864536 18.000000
1000000 656871.446433 6869016.944146 656871.295727 6869026.943010 656849.024495 6869026.607331 656849.175201 6869016.608467 656871.446433 6869016.944146 18.000000
1005000 656872.148579 6868994.384646 656871.997873 6869004.383510 656849.398977 6869004.042893 656849.549683 6868994.044028 656872.148579 6868994.384646 18.000000
1005000 656871.264937 6869038.864536 656871.114231 6869048.863400 656849.361413 6869048.535535 656849.512120 6869038.536671 656871.264937 6869038.864536 18.000000
1005000 656871.446433 6869016.944146 656871.295727 6869026.943010 656849.024495 6869026.607331 656849.175201 6869016.608467 656871.446433 6869016.944146 18.000000
1010000 656872.148579 6868994.384646 656871.997873 6869004.383510 656849.398977 6869004.042893 656849.549683 6868994.044028 656872.148579 6868994.384646 18.000000
1010000 656871.264937 6869038.864536 656871.114231 6869048.863400 656849.361413 6869048.535535 656849.512120 6869038.536671 656871.264937 6869038.864536 18.000000
1010000 656871.446433 6869016.944146 656871.295727 6869026.943010 656849.024495 6869026.607331 656849.175201 6869016.608467 656871.446433 6869016.944146 18.000000
1015000 656872.148579 6868994.384646 656871.997873 6869004.383510 656849.398977 6869004.042893 656849.549683 6868994.044028 656872.148579 6868994.384646 18.000000
1015000 656871.264937 6869038.864536 656871.114231 6869048.863400 656849.361413 6869048.535535 656849.512120 6869038.536671 656871.264937 6869038.864536 18.000000
1015000 656871.446433 6869016.944146 656871.295727 6869026.943010 656849.024495 6869026.607331 656849.175201 6869016.608467 656871.446433 6869016.944146 18.000000
1020000 656872.148579 6868994.384646 656871.997873 6869004.383510 656849.398977 6869004.042893 656849.549683 6868994.044028 656872.148579 6868994.384646 18.000000
1020000 656871.264937 6869038.864536 656871.114231 6869048.863400 656849.361413 6869048.535535 656849.512120 6869038.536671 656871.264937 6869038.864536 18.000000
1020000 656871.446433 6869016.944146 656871.295727 6869026.943010 656849.024495 6869026.607331 656849.175201 6869016.608467 656871.446433 6869016.944146 18.000000
1025000 656872.148579 6868994.384646 656871.997873 6869004.383510 656849.398977 6869004.042893 656849.549683 6868994.044028 656872.148579 6868994.384646 18.000000
1025000 656871.264937 6869038.864536 656871.114231 6869048.863400 656849.361413 6869048.535535 656849.512120 6869038.536671 656871.264937 6869038.864536 18.000000
1025000 656871.446433 6869016.944146 656871.295727 6869026.943010 656849.024495 6869026.607331 656849.175201 6869016.608467 656871.446433 6869016.944146 18.000000
1030000 656872.148579 6868994.384646 656871.997873 6869004.383510 656849.398977 6869004.042893 656849.549683 6868994.044028 656872.148579 6868994.384646 18.000000
1030000 656871.264937 6869038.864536 656871.114231 6869048.863400 656849.361413 6869048.535535 656849.512120 6869038.536671 656871.264937 6869038.864536 18.000000
1030000 656871.446433 6869016.944146 656871.295727 6869026.943010 656849.024495 6869026.607331 656849.175201 6869016.608467 656871.446433 6869016.944146 18.000000
1035000 656872.148579 6868994.384646 656871.997873 6869004.383510 656849.398977 6869004.042893 656849.549683 6868994.044028 656872.148579 6868994.384646 18.000000
1035000 656871.264937 6869038.864536 656871.114231 6869048.863400 656849.361413 6869048.535535 656849.512120 6869038.536671 656871.264937 6869038.864536 18.000000
1035000 656871.446433 6869016.944146 656871.295727 6869026.943010 656849.024495 6869026.607331 656849.175201 6869016.608467 656871.446433 6869016.944146 18.000000
1040000 656872.148579 6868994.384646 656871.997873 6869004.383510 656849.398977 6869004.042893 656849.549683 6868994.044028 656872.148579 6868994.384646 18.000000
1040000 656871.264937 6869038.864536 656871.114231 6869048.863400 656849.361413 6869048.535535 656849.512120 6869038.536671 656871.264937 6869038.864536 18.000000
1040000 656871.446433 6869016.944146 656871.295727 6869026.943010 656849.024495 6869026.607331 656849.175201 6869016.608467 656871.446433 6869016.944146 18.000000
1045000 656872.148579 6868994.384646 656871.997873 6869004.383510 656849.398977 6869004.042893 656849.549683 6868994.044028 656872.148579 6868994.384646 18.000000
1045000 656871.264937 6869038.864536 656871.114231 6869048.863400 656849.361413 6869048.535535 656849.512120 6869038.536671 656871.264937 6869038.864536 18.000000
1045000 656871.446433 6869016.944146 656871.295727 6869026.943010 656849.024495 6869026.607331 656849.175201 6869016.608467 656871.446433 6869016.944146 18.000000
1050000 656872.148579 6868994.384646 656871.997873 6869004.383510 656849.398977 6869004.042893 656849.549683 6868994.044028 656872.148579 6868994.384646 18.000000
1050000 656871.446433 6869016.944146 656871.295727 6869026.943010 656849.024495 6869026.607331 656849.175201 6869016.608467 656871.446433 6869016.944146 18.000000
1050000 656871.521956 6869037.263935 656871.371250 6869047.262800 656848.785981 6869046.922387 656848.936687 6869036.923523 656871.521956 6869037.263935 18.000000
1055000 656872.148579 6868994.384646 656871.997873 6869004.383510 656849.398977 6869004.042893 656849.549683 6868994.044028 656872.148579 6868994.384646 18.000000
1055000 656871.446433 6869016.944146 656871.295727 6869026.943010 656849.024495 6869026.607331 656849.175201 6869016.608467 656871.446433 6869016.944146 18.000000
1055000 656871.521956 6869037.263935 656871.371250 6869047.262800 656848.785981 6869046.922387 656848.936687 6869036.923523 656871.521956 6869037.263935 18.000000
1060000 656872.148579 6868994.384646 656871.997873 6869004.383510 656849.398977 6869004.042893 656849.549683 6868994.044028 656872.148579 6868994.384646 18.000000
1060000 656871.446433 6869016.944146 656871.295727 6869026.943010 656849.024495 6869026.607331 656849.175201 6869016.608467 656871.446433 6869016.944146 18.000000
1060000 656871.521956 6869037.263935 656871.371250 6869047.262800 656848.785981 6869046.922387 656848.936687 6869036.923523 656871.521956 6869037.263935 18.000000
1065000 656872.148579 6868994.384646 656871.997873 6869004.383510 656849.398977 6869004.042893 656849.549683 6868994.044028 656872.148579 6868994.384646 18.000000
1065000 656871.446433 6869016.944146 656871.295727 6869026.943010 656849.024495 6869026.607331 656849.175201 6869016.608467 656871.446433 6869016.944146 18.000000
1065000 656871.521956 6869037.263935 656871.371250 6869047.262800 656848.785981 6869046.922387 656848.936687 6869036.923523 656871.521956 6869037.263935 18.000000
1070000 656872.148579 6868994.384646 656871.997873 6869004.383510 656849.398977 6869004.042893 656849.549683 6868994.044028 656872.148579 6868994.384646 18.000000
1070000 656871.446433 6869016.944146 656871.295727 6869026.943010 656849.024495 6869026.607331 656849.175201 6869016.608467 656871.446433 6869016.944146 18.000000
1070000 656871.521956 6869037.263935 656871.371250 6869047.262800 656848.785981 6869046.922387 656848.936687 6869036.923523 656871.521956 6869037.263935 18.000000
1075000 656872.148579 6868994.384646 656871.997873 6869004.383510 656849.398977 6869004.042893 656849.549683 6868994.044028 656872.148579 6868994.384646 18.000000
1075000 656871.446433 6869016.944146 656871.295727 6869026.943010 656849.024495 6869026.607331 656849.175201 6869016.608467 656871.446433 6869016.944146 18.000000
1075000 656871.521956 6869037.263935 656871.371250 6869047.262800 656848.785981 6869046.922387 656848.936687 6869036.923523 656871.521956 6869037.263935 18.000000
1080000 656872.148579 6868994.384646 656871.997873 6869004.383510 656849.398977 6869004.042893 656849.549683 6868994.044028 656872.148579 6868994.384646 18.000000
1080000 656871.446433 6869016.944146 656871.295727 6869026.943010 656849.024495 6869026.607331 656849.175201 6869016.608467 656871.446433 6869016.944146 18.000000
1080000 656871.521956 6869037.263935 656871.371250 6869047.262800 656848.785981 6869046.922387 656848.936687 6869036.923523 656871.521956 6869037.263935 18.000000
1085000 656872.148579 6868994.384646 656871.997873 6869004.383510 656849.398977 6869004.042893 656849.549683 6868994.044028 656872.148579 6868994.384646 18.000000
1085000 656871.446433 6869016.944146 656871.295727 6869026.943010 656849.024495 6869026.607331 656849.175201 6869016.608467 656871.446433 6869016.944146 18.000000
1085000 656871.521956 6869037.263935 656871.371250 6869047.262800 656848.785981 6869046.922387 656848.936687 6869036.923523 656871.521956 6869037.263935 18.000000
1090000 656872.148579 6868994.384646 656871.997873 6869004.383510 656849.398977 6869004.042893 656849.549683 6868994.044028 656872.148579 6868994.384646 18.000000
1090000 656871.446433 6869016.944146 656871.295727 6869026.943010 656849.024495 6869026.607331 656849.175201 6869016.608467 656871.446433 6869016.944146 18.000000
1090000 656871.521956 6869037.263935 656871.371250 6869047.262800 656848.785981 6869046.922387 656848.936687 6869036.923523 656871.521956 6869037.263935 18.000000
1090609 656872.148579 6868994.384646 656871.997873 6869004.383510 656849.398977 6869004.042893 656849.549683 6868994.044028 656872.148579 6868994.384646 18.000000
1090609 656871.446433 6869016.944146 656871.295727 6869026.943010 656849.024495 6869026.607331 656849.175201 6869016.608467 656871.446433 6869016.944146 18.000000
1090609 656871.521956 6869037.263935 656871.371250 6869047.262800 656848.785981 6869046.922387 656848.936687 6869036.923523 656871.521956 6869037.263935 18.000000
1090609 656870.983952 6868977.363765 656870.833246 6868987.362629 656850.153860 6868987.050943 656850.304566 6868977.052078 656870.983952 6868977.363765 18.000000
