5000 656849.846535 6868991.323377 656859.845400 6868991.474083 656859.158055 6869037.077169 656849.159191 6869036.926463 656849.846535 6868991.323377 18.000000
10000 656859.364472 6868988.744766 656869.363336 6868988.895472 656868.909167 6869019.028166 656858.910302 6869018.877460 656859.364472 6868988.744766 18.000000
10000 656870.110659 6869021.227932 656869.959953 6869031.226796 656851.624645 6869030.950440 656851.775351 6869020.951576 656870.110659 6869021.227932 18.000000
15000 656861.535334 6868991.298373 656871.534199 6868991.449079 656870.910225 6869032.847763 656860.911360 6869032.697057 656861.535334 6868991.298373 18.000000
20000 656850.069179 6868992.167518 656860.068043 6868992.318224 656859.535691 6869027.638100 656849.536827 6869027.487394 656850.069179 6868992.167518 18.000000
25000 656849.711816 6868990.625430 656854.711248 6868990.700783 656854.465788 6869006.986267 656849.466356 6869006.910914 656849.711816 6868990.625430 6.000000
25000 656849.125860 6869031.298424 656854.125293 6869031.373777 656854.019171 6869038.414594 656849.019739 6869038.339241 656849.125860 6869031.298424 6.000000
30000 656861.750876 6868997.514766 656871.749740 6868997.665472 656871.281166 6869028.753829 656861.282302 6869028.603123 656861.750876 6868997.514766 18.000000
30000 656850.667547 6869005.580994 656855.666980 6869005.656347 656855.492329 6869017.243849 656850.492897 6869017.168496 656850.667547 6869005.580994 6.000000
35000 656853.181560 6868987.627473 656863.180425 6868987.778179 656862.530443 6869030.902357 656852.531579 6869030.751651 656853.181560 6868987.627473 18.000000
40000 656872.025071 6869007.735400 656871.949718 6869012.734832 656858.316927 6869012.529354 656858.392280 6869007.529922 656872.025071 6869007.735400 6.000000
45000 656860.296179 6868980.394958 656870.295043 6868980.545664 656869.612267 6869025.845638 656859.613403 6869025.694932 656860.296179 6868980.394958 18.000000
50000 656869.916534 6869037.637974 656869.765828 6869047.636839 656850.028822 6869047.339356 656850.179528 6869037.340492 656869.916534 6869037.637974 18.000000
55000 656859.666821 6868981.450854 656869.665685 6868981.601560 656868.958906 6869028.494072 656858.960042 6869028.343366 656859.666821 6868981.450854 18.000000
60000 656866.388585 6868981.735822 656866.313232 6868986.735255 656849.960764 6868986.488785 656850.036117 6868981.489353 656866.388585 6868981.735822 6.000000
60000 656866.895688 6869005.027436 656871.895120 6869005.102789 656871.590344 6869025.323692 656866.590912 6869025.248338 656866.895688 6869005.027436 6.000000
65000 656854.232096 6868986.202885 656864.230960 6868986.353591 656863.582604 6869029.369981 656853.583739 6869029.219275 656854.232096 6868986.202885 18.000000
70000 656849.511917 6869001.938803 656854.511349 6869002.014156 656854.329738 6869014.063489 656849.330306 6869013.988136 656849.511917 6869001.938803 6.000000
70000 656866.616419 6869003.833355 656871.615851 6869003.908708 656871.306036 6869024.463903 656866.306604 6869024.388550 656866.616419 6869003.833355 6.000000
70000 656863.871018 6868978.741689 656863.795665 6868983.741122 656849.636533 6868983.527711 656849.711887 6868978.528278 656863.871018 6868978.741689 6.000000
70000 656861.164412 6869040.273196 656861.089059 6869045.272628 656855.263632 6869045.184825 656855.338985 6869040.185393 656861.164412 6869040.273196 6.000000
75000 656858.653312 6869002.373074 656868.652177 6869002.523780 656868.154342 6869035.553490 656858.155478 6869035.402784 656858.653312 6869002.373074 18.000000
85000 656858.827342 6869013.518903 656868.826206 6869013.669609 656868.316022 6869047.518748 656858.317157 6869047.368042 656858.827342 6869013.518903 18.000000
90000 656849.960341 6868996.821533 656859.959205 6868996.972239 656859.576638 6869022.354368 656849.577773 6869022.203662 656849.960341 6868996.821533 18.000000
95000 656857.275589 6868985.580177 656867.274453 6868985.730883 656866.794819 6869017.553037 656856.795955 6869017.402331 656857.275589 6868985.580177 18.000000
95000 656870.574716 6869036.220722 656870.424010 6869046.219586 656851.164032 6869045.929294 656851.314738 6869035.930430 656870.574716 6869036.220722 18.000000
105000 656857.181622 6868979.812363 656867.180486 6868979.963069 656866.491826 6869025.653422 656856.492962 6869025.502716 656857.181622 6868979.812363 18.000000
110000 656856.228191 6869001.981939 656866.227055 6869002.132645 656865.617413 6869042.580458 656855.618549 6869042.429752 656856.228191 6869001.981939 18.000000
110000 656850.083524 6869007.636285 656855.082956 6869007.711638 656854.983772 6869014.292178 656849.984340 6869014.216825 656850.083524 6869007.636285 6.000000
115000 656852.343460 6868987.335397 656862.342325 6868987.486103 656861.968500 6869012.288168 656851.969636 6869012.137462 656852.343460 6868987.335397 18.000000
120000 656855.021982 6869001.462998 656865.020846 6869001.613704 656864.353970 6869045.858798 656854.355105 6869045.708092 656855.021982 6869001.462998 18.000000
125000 656862.139300 6868994.711239 656872.138165 6868994.861945 656871.622708 6869029.060866 656861.623843 6869028.910160 656862.139300 6868994.711239 18.000000
130000 656853.889337 6868978.963815 656863.888201 6868979.114521 656863.315149 6869017.134676 656853.316285 6869016.983970 656853.889337 6868978.963815 18.000000
130000 656870.457396 6869029.153261 656870.306690 6869039.152125 656851.261327 6869038.865068 656851.412033 6869028.866203 656870.457396 6869029.153261 18.000000
135000 656857.122095 6868979.406875 656867.120960 6868979.557581 656866.435597 6869025.029170 656856.436733 6869024.878464 656857.122095 6868979.406875 18.000000
140000 656854.724232 6868992.290596 656864.723096 6868992.441302 656864.313702 6869019.603300 656854.314838 6869019.452594 656854.724232 6868992.290596 18.000000
145000 656860.452110 6868996.813130 656870.450975 6868996.963836 656869.805300 6869039.802296 656859.806436 6869039.651590 656860.452110 6868996.813130 18.000000
145000 656872.059232 6868978.140986 656871.908526 6868988.139850 656851.566904 6868987.833255 656851.717610 6868977.834390 656872.059232 6868978.140986 18.000000
145000 656849.315159 6869028.189631 656854.314591 6869028.264984 656854.054931 6869045.492616 656849.055498 6869045.417263 656849.315159 6869028.189631 6.000000
150000 656857.313440 6868983.668243 656867.312304 6868983.818949 656866.886233 6869012.087397 656856.887369 6869011.936691 656857.313440 6868983.668243 18.000000
150000 656871.427080 6869037.003219 656871.351727 6869042.002651 656856.758161 6869041.782692 656856.833514 6869036.783260 656871.427080 6869037.003219 6.000000
155000 656853.063080 6868985.109827 656863.061945 6868985.260533 656862.462099 6869025.058352 656852.463235 6869024.907646 656853.063080 6868985.109827 18.000000
160000 656852.136645 6868983.101467 656862.135510 6868983.252173 656861.485456 6869026.381173 656851.486591 6869026.230467 656852.136645 6868983.101467 18.000000
165000 656849.449594 6868993.909165 656854.449027 6868993.984518 656854.253594 6869006.950833 656849.254162 6869006.875480 656849.449594 6868993.909165 6.000000
170000 656870.136806 6869035.572382 656869.986100 6869045.571246 656850.806715 6869045.282169 656850.957421 6869035.283304 656870.136806 6869035.572382 18.000000
170000 656863.907417 6868979.058815 656868.906849 6868979.134168 656868.597959 6868999.628062 656863.598527 6868999.552709 656863.907417 6868979.058815 6.000000
175000 656856.787362 6869000.925648 656866.786226 6869001.076354 656866.360405 6869029.328214 656856.361541 6869029.177508 656856.787362 6869000.925648 18.000000
180000 656858.346696 6869009.882518 656868.345561 6869010.033224 656867.804808 6869045.910437 656857.805944 6869045.759731 656858.346696 6869009.882518 18.000000
185000 656862.157366 6868990.351857 656872.156231 6868990.502563 656871.627289 6869025.596171 656861.628424 6869025.445464 656862.157366 6868990.351857 18.000000
190000 656858.459860 6868979.350843 656868.458724 6868979.501549 656867.901876 6869016.446622 656857.903012 6869016.295916 656858.459860 6868979.350843 18.000000
190000 656849.708403 6869038.563389 656854.707835 6869038.638742 656854.567253 6869047.965859 656849.567821 6869047.890506 656849.708403 6869038.563389 6.000000
195000 656852.832475 6868979.767687 656862.831339 6868979.918393 656862.319203 6869013.897004 656852.320339 6869013.746297 656852.832475 6868979.767687 18.000000
200000 656850.132457 6869011.622774 656860.131321 6869011.773480 656859.690885 6869040.995014 656849.692021 6869040.844308 656850.132457 6869011.622774 18.000000
205000 656871.726643 6869032.580283 656871.575937 6869042.579147 656849.949811 6869042.253191 656850.100517 6869032.254327 656871.726643 6869032.580283 18.000000
205000 656852.530475 6868979.130201 656862.529339 6868979.280907 656861.891485 6869021.600474 656851.892621 6869021.449768 656852.530475 6868979.130201 18.000000
210000 656852.487443 6868980.061342 656862.486308 6868980.212048 656861.736589 6869029.953499 656851.737724 6869029.802793 656852.487443 6868980.061342 18.000000
215000 656866.565363 6869007.541298 656871.564795 6869007.616651 656871.303714 6869024.938519 656866.304282 6869024.863166 656866.565363 6869007.541298 6.000000
220000 656849.337367 6868998.418946 656854.336799 6868998.494300 656853.972580 6869022.659061 656848.973148 6869022.583708 656849.337367 6868998.418946 6.000000
220000 656866.189158 6869025.327427 656871.188590 6869025.402780 656870.889751 6869045.229811 656865.890319 6869045.154458 656866.189158 6869025.327427 6.000000
225000 656853.966894 6868979.811952 656858.966327 6868979.887305 656858.698708 6868997.642911 656853.699276 6868997.567558 656853.966894 6868979.811952 6.000000
225000 656858.054725 6869000.886644 656868.053589 6869001.037351 656867.612541 6869030.299533 656857.613676 6869030.148827 656858.054725 6869000.886644 18.000000
230000 656852.178468 6868990.680252 656862.177332 6868990.830958 656861.452448 6869038.924727 656851.453583 6869038.774021 656852.178468 6868990.680252 18.000000
235000 656869.768058 6868983.029842 656869.617352 6868993.028707 656849.695649 6868992.728440 656849.846355 6868982.729576 656869.768058 6868983.029842 18.000000
240000 656852.830294 6869007.052181 656862.829158 6869007.202887 656862.208719 6869048.367013 656852.209855 6869048.216307 656852.830294 6869007.052181 18.000000
245000 656860.661413 6868982.343992 656870.660278 6868982.494698 656869.998232 6869026.419277 656859.999368 6869026.268571 656860.661413 6868982.343992 18.000000
250000 656860.947883 6869000.137311 656870.946747 6869000.288017 656870.317402 6869042.043023 656860.318538 6869041.892317 656860.947883 6869000.137311 18.000000
255000 656859.721559 6868989.072832 656869.720423 6868989.223538 656869.176961 6869025.280495 656859.178097 6869025.129789 656859.721559 6868989.072832 18.000000
260000 656852.233394 6869008.285190 656862.232258 6869008.435896 656861.669201 6869045.792956 656851.670336 6869045.642250 656852.233394 6869008.285190 18.000000
260000 656872.015798 6868988.871256 656871.865092 6868998.870121 656850.699147 6868998.551101 656850.849853 6868988.552237 656872.015798 6868988.871256 18.000000
265000 656867.090891 6868979.610814 656872.090323 6868979.686167 656871.838231 6868996.411658 656866.838799 6868996.336305 656867.090891 6868979.610814 6.000000
265000 656869.547158 6869018.410996 656869.396452 6869028.409860 656849.895208 6869028.115931 656850.045914 6869018.117067 656869.547158 6869018.410996 18.000000
270000 656859.848840 6868998.698947 656869.847704 6868998.849653 656869.467200 6869024.094874 656859.468336 6869023.944168 656859.848840 6868998.698947 18.000000
275000 656854.917780 6868997.090723 656864.916645 6868997.241429 656864.246194 6869041.723682 656854.247330 6869041.572976 656854.917780 6868997.090723 18.000000
280000 656871.506001 6869038.751829 656871.355295 6869048.750693 656849.390968 6869048.419640 656849.541674 6869038.420776 656871.506001 6869038.751829 18.000000
285000 656859.547053 6868989.731136 656869.545917 6868989.881842 656869.007009 6869025.636639 656859.008145 6869025.485933 656859.547053 6868989.731136 18.000000
290000 656849.510952 6869008.612178 656859.509816 6869008.762884 656858.995989 6869042.853678 656848.997124 6869042.702972 656849.510952 6869008.612178 18.000000
295000 656871.742035 6869041.085310 656871.666682 6869046.084742 656860.421463 6869045.915251 656860.496816 6869040.915818 656871.742035 6869041.085310 6.000000
300000 656855.872365 6869004.969832 656865.871229 6869005.120538 656865.216491 6869048.560303 656855.217627 6869048.409597 656855.872365 6869004.969832 18.000000
305000 656852.072437 6868980.334890 656862.071302 6868980.485596 656861.601954 6869011.625295 656851.603090 6869011.474589 656852.072437 6868980.334890 18.000000
310000 656866.765439 6869012.955805 656871.764871 6869013.031158 656871.509482 6869029.975392 656866.510050 6869029.900039 656866.765439 6869012.955805 6.000000
315000 656850.210322 6868981.898471 656860.209187 6868982.049177 656859.727535 6869014.005227 656849.728671 6869013.854521 656850.210322 6868981.898471 18.000000
315000 656871.669582 6869024.888092 656871.518876 6869034.886957 656849.614469 6869034.556807 656849.765175 6869024.557942 656871.669582 6869024.888092 18.000000
320000 656856.512846 6868982.851424 656866.511710 6868983.002130 656865.795465 6869030.522694 656855.796601 6869030.371988 656856.512846 6868982.851424 18.000000
325000 656852.023769 6868980.661656 656862.022633 6868980.812362 656861.415512 6869021.092904 656851.416648 6869020.942198 656852.023769 6868980.661656 18.000000
330000 656861.658277 6868995.459273 656871.657141 6868995.609979 656870.988031 6869040.003296 656860.989167 6869039.852590 656861.658277 6868995.459273 18.000000
335000 656852.761404 6869000.314786 656862.760269 6869000.465492 656862.125999 6869042.547244 656852.127135 6869042.396538 656852.761404 6869000.314786 18.000000
340000 656849.939657 6868989.892128 656859.938521 6868990.042834 656859.549520 6869015.851814 656849.550656 6869015.701108 656849.939657 6868989.892128 18.000000
345000 656861.288608 6868989.625869 656871.287472 6868989.776575 656870.761466 6869024.675383 656860.762602 6869024.524677 656861.288608 6868989.625869 18.000000
355000 656855.434857 6869003.868428 656865.433721 6869004.019134 656864.785979 6869046.994782 656854.787114 6869046.844075 656855.434857 6869003.868428 18.000000
360000 656860.230950 6868996.231049 656870.229815 6868996.381755 656869.614799 6869037.186067 656859.615935 6869037.035361 656860.230950 6868996.231049 18.000000
365000 656872.202113 6868986.985623 656872.051407 6868996.984487 656851.277476 6868996.671376 656851.428182 6868986.672512 656872.202113 6868986.985623 18.000000
365000 656858.885586 6869006.944619 656868.884451 6869007.095325 656868.383441 6869040.335708 656858.384577 6869040.185002 656858.885586 6869006.944619 18.000000
370000 656857.476707 6868996.356748 656867.475572 6868996.507454 656866.800784 6869041.277437 656856.801920 6869041.126731 656857.476707 6868996.356748 18.000000
375000 656857.496387 6868981.917529 656867.495252 6868982.068235 656866.802826 6869028.008480 656856.803961 6869027.857774 656857.496387 6868981.917529 18.000000
380000 656849.597447 6868983.566499 656859.596312 6868983.717205 656858.842998 6869033.697144 656848.844134 6869033.546438 656849.597447 6868983.566499 18.000000
385000 656859.841837 6868980.220690 656869.840701 6868980.371396 656869.281344 6869017.482966 656859.282479 6869017.332260 656859.841837 6868980.220690 18.000000
385000 656865.125996 6869039.925153 656870.125428 6869040.000506 656870.046376 6869045.245388 656865.046944 6869045.170035 656865.125996 6869039.925153 6.000000
390000 656859.263404 6868984.083296 656869.262268 6868984.234002 656868.517313 6869033.659374 656858.518449 6869033.508668 656859.263404 6868984.083296 18.000000
395000 656853.687869 6869005.499551 656863.686734 6869005.650257 656863.045814 6869048.173234 656853.046950 6869048.022528 656853.687869 6869005.499551 18.000000
400000 656870.488693 6869038.108959 656870.337987 6869048.107823 656850.868653 6869047.814375 656851.019359 6869037.815511 656870.488693 6869038.108959 18.000000
400000 656860.794080 6868983.361424 656870.792944 6868983.512130 656870.220214 6869021.510927 656860.221350 6869021.360221 656860.794080 6868983.361424 18.000000
405000 656871.731417 6869036.984711 656871.656064 6869041.984143 656857.824484 6869041.775669 656857.899837 6869036.776237 656871.731417 6869036.984711 6.000000
405000 656871.830003 6868996.892957 656871.754650 6869001.892389 656859.876849 6869001.713363 656859.952202 6868996.713931 656871.830003 6868996.892957 6.000000
410000 656851.398074 6868999.720712 656861.396938 6868999.871418 656860.687479 6869046.941765 656850.688614 6869046.791059 656851.398074 6868999.720712 18.000000
415000 656870.527486 6869034.384671 656870.376780 6869044.383535 656849.397151 6869044.067324 656849.547857 6869034.068459 656870.527486 6869034.384671 18.000000
415000 656872.132794 6868991.618526 656871.982088 6869001.617390 656849.138267 6869001.273081 656849.288973 6868991.274216 656872.132794 6868991.618526 18.000000
415000 656871.185614 6869007.793574 656871.034908 6869017.792438 656850.105378 6869017.476982 656850.256084 6869007.478117 656871.185614 6869007.793574 18.000000
420000 656872.132794 6868991.618526 656871.982088 6869001.617390 656849.138267 6869001.273081 656849.288973 6868991.274216 656872.132794 6868991.618526 18.000000
420000 656871.185614 6869007.793574 656871.034908 6869017.792438 656850.105378 6869017.476982 656850.256084 6869007.478117 656871.185614 6869007.793574 18.000000
420000 656871.041918 6869030.587196 656870.891212 6869040.586061 656850.103716 6869040.272745 656850.254422 6869030.273881 656871.041918 6869030.587196 18.000000
425000 656869.896646 6868987.851094 656869.745940 6868997.849959 656849.211405 6868997.540456 656849.362111 6868987.541591 656869.896646 6868987.851094 18.000000
425000 656850.592515 6869006.600738 656860.591379 6869006.751444 656860.045315 6869042.981051 656850.046451 6869042.830345 656850.592515 6869006.600738 18.000000
430000 656855.967919 6868987.674415 656865.966784 6868987.825121 656865.227451 6869036.877490 656855.228586 6869036.726784 656855.967919 6868987.674415 18.000000
435000 656852.846274 6868994.537623 656862.845138 6868994.688329 656862.150988 6869040.743000 656852.152123 6869040.592294 656852.846274 6868994.537623 18.000000
440000 656851.078768 6868978.053796 656861.077632 6868978.204502 656860.342581 6869026.972805 656850.343717 6869026.822099 656851.078768 6868978.053796 18.000000
445000 656866.913760 6869016.709462 656871.913192 6869016.784815 656871.642364 6869034.753435 656866.642932 6869034.678082 656866.913760 6869016.709462 6.000000
450000 656851.143148 6868983.255723 656861.142013 6868983.406429 656860.525475 6869024.311687 656850.526611 6869024.160981 656851.143148 6868983.255723 18.000000
455000 656862.048764 6868992.394713 656872.047628 6868992.545419 656871.356120 6869038.424776 656861.357255 6869038.274070 656862.048764 6868992.394713 18.000000
460000 656870.728232 6869034.075250 656870.577526 6869044.074115 656848.747574 6869043.745087 656848.898280 6869033.746222 656870.728232 6869034.075250 18.000000
460000 656854.393967 6868985.772246 656864.392831 6868985.922952 656863.749246 6869028.622765 656853.750382 6869028.472059 656854.393967 6868985.772246 18.000000
465000 656849.607541 6869003.806238 656859.606405 6869003.956944 656858.934779 6869048.517210 656848.935915 6869048.366504 656849.607541 6869003.806238 18.000000
470000 656871.688459 6869037.739217 656871.613106 6869042.738649 656857.288541 6869042.522744 656857.363894 6869037.523312 656871.688459 6869037.739217 6.000000
470000 656866.990426 6868987.804510 656871.989858 6868987.879863 656871.755205 6869003.448349 656866.755773 6869003.372996 656866.990426 6868987.804510 6.000000
475000 656850.508533 6869002.097054 656860.507397 6869002.247760 656859.848458 6869045.966240 656849.849594 6869045.815534 656850.508533 6869002.097054 18.000000
480000 656871.923318 6868982.130526 656871.772612 6868992.129390 656850.894720 6868991.814712 656851.045426 6868981.815847 656871.923318 6868982.130526 18.000000
480000 656856.137468 6869015.364744 656866.136332 6869015.515450 656865.661049 6869047.048963 656855.662185 6869046.898257 656856.137468 6869015.364744 18.000000
485000 656850.247157 6868986.710031 656860.246022 6868986.860737 656859.572558 6869031.542912 656849.573693 6869031.392206 656850.247157 6868986.710031 18.000000
490000 656869.690419 6869034.086747 656869.539713 6869044.085611 656848.944057 6869043.775187 656849.094763 6869033.776322 656869.690419 6869034.086747 18.000000
490000 656855.534158 6868993.530255 656865.533022 6868993.680961 656865.062485 6869024.899629 656855.063620 6869024.748923 656855.534158 6868993.530255 18.000000
495000 656849.002907 6869019.721889 656854.002339 6869019.797242 656853.907783 6869026.070717 656848.908351 6869025.995364 656849.002907 6869019.721889 6.000000
495000 656849.973654 6868982.987494 656854.973086 6868983.062847 656854.614760 6869006.836643 656849.615327 6869006.761290 656849.973654 6868982.987494 6.000000
495000 656866.338824 6869000.152404 656871.338256 6869000.227757 656871.006006 6869022.271476 656866.006574 6869022.196123 656866.338824 6869000.152404 6.000000
500000 656855.977297 6868984.328321 656865.976162 6868984.479028 656865.282840 6869030.478732 656855.283975 6869030.328026 656855.977297 6868984.328321 18.000000
505000 656862.062530 6868994.165780 656872.061394 6868994.316487 656871.513129 6869030.692117 656861.514264 6869030.541411 656862.062530 6868994.165780 18.000000
505000 656869.928601 6869038.973736 656869.777895 6869048.972600 656849.292906 6869048.663844 656849.443612 6869038.664980 656869.928601 6869038.973736 18.000000
510000 656855.332816 6868994.203903 656865.331680 6868994.354610 656864.668170 6869038.376372 656854.669306 6869038.225666 656855.332816 6868994.203903 18.000000
515000 656860.833289 6868978.274072 656870.832153 6868978.424778 656870.089894 6869027.671344 656860.091029 6869027.520637 656860.833289 6868978.274072 18.000000
520000 656856.170105 6868977.320088 656866.168969 6868977.470794 656865.595718 6869015.504178 656855.596854 6869015.353472 656856.170105 6868977.320088 18.000000
525000 656870.119614 6868979.849299 656869.968908 6868989.848163 656850.496873 6868989.554675 656850.647579 6868979.555810 656870.119614 6868979.849299 18.000000
525000 656850.070449 6868995.313319 656860.069314 6868995.464025 656859.667974 6869022.091602 656849.669110 6869021.940896 656850.070449 6868995.313319 18.000000
530000 656866.523986 6869011.483367 656871.523419 6869011.558720 656871.317385 6869025.228413 656866.317952 6869025.153060 656866.523986 6869011.483367 6.000000
530000 656849.476304 6869006.192249 656854.475736 6869006.267602 656854.228233 6869022.688609 656849.228801 6869022.613256 656849.476304 6869006.192249 6.000000
535000 656859.510936 6869017.332848 656869.509800 6869017.483554 656869.100328 6869044.650722 656859.101463 6869044.500016 656859.510936 6869017.332848 18.000000
540000 656851.559253 6868995.958305 656861.558117 6868996.109011 656860.818813 6869045.159465 656850.819949 6869045.008759 656851.559253 6868995.958305 18.000000
545000 656871.645331 6869019.329531 656871.494625 6869029.328395 656849.616937 6869028.998648 656849.767643 6869018.999783 656871.645331 6869019.329531 18.000000
545000 656849.304103 6868988.594425 656854.303535 6868988.669778 656854.145270 6868999.170116 656849.145838 6868999.094763 656849.304103 6868988.594425 6.000000
545000 656866.924309 6868978.654126 656871.923742 6868978.729479 656871.587695 6869001.025123 656866.588262 6869000.949770 656866.924309 6868978.654126 6.000000
550000 656871.394780 6869029.074069 656871.244073 6869039.072933 656849.695362 6869038.748144 656849.846068 6869028.749280 656871.394780 6869029.074069 18.000000
550000 656849.533963 6868993.798124 656854.533395 6868993.873477 656854.320651 6869007.988363 656849.321219 6869007.913010 656849.533963 6868993.798124 6.000000
555000 656871.394780 6869029.074069 656871.244073 6869039.072933 656849.695362 6869038.748144 656849.846068 6869028.749280 656871.394780 6869029.074069 18.000000
555000 656870.598062 6869011.247978 656870.447356 6869021.246843 656850.170592 6869020.941225 656850.321298 6869010.942360 656870.598062 6869011.247978 18.000000
560000 656871.324095 6868977.128658 656871.173389 6868987.127522 656850.453857 6868986.815230 656850.604563 6868976.816366 656871.324095 6868977.128658 18.000000
560000 656860.788607 6869005.216820 656870.787472 6869005.367526 656870.221086 6869042.945412 656860.222222 6869042.794706 656860.788607 6869005.216820 18.000000
565000 656870.413478 6868997.555623 656870.262771 6869007.554488 656849.071911 6869007.235092 656849.222617 6868997.236228 656870.413478 6868997.555623 18.000000
565000 656869.998719 6869022.912023 656869.848013 6869032.910887 656850.055809 6869032.612573 656850.206515 6869022.613709 656869.998719 6869022.912023 18.000000
565000 656872.146786 6868981.184804 656871.996080 6868991.183669 656851.055026 6868990.868038 656851.205732 6868980.869174 656872.146786 6868981.184804 18.000000
570000 656872.146786 6868981.184804 656871.996080 6868991.183669 656851.055026 6868990.868038 656851.205732 6868980.869174 656872.146786 6868981.184804 18.000000
570000 656871.500600 6869006.261542 656871.349894 6869016.260406 656849.843812 6869015.936260 656849.994518 6869005.937395 656871.500600 6869006.261542 18.000000
575000 656872.146786 6868981.184804 656871.996080 6868991.183669 656851.055026 6868990.868038 656851.205732 6868980.869174 656872.146786 6868981.184804 18.000000
575000 656871.500600 6869006.261542 656871.349894 6869016.260406 656849.843812 6869015.936260 656849.994518 6869005.937395 656871.500600 6869006.261542 18.000000
580000 656871.500600 6869006.261542 656871.349894 6869016.260406 656849.843812 6869015.936260 656849.994518 6869005.937395 656871.500600 6869006.261542 18.000000
580000 656871.770456 6869034.878946 656871.619750 6869044.877810 656849.871349 6869044.550011 656850.022055 6869034.551147 656871.770456 6869034.878946 18.000000
580000 656871.504408 6868989.515691 656871.353702 6868999.514556 656849.566412 6868999.186171 656849.717119 6868989.187306 656871.504408 6868989.515691 18.000000
585000 656871.500600 6869006.261542 656871.349894 6869016.260406 656849.843812 6869015.936260 656849.994518 6869005.937395 656871.500600 6869006.261542 18.000000
585000 656871.770456 6869034.878946 656871.619750 6869044.877810 656849.871349 6869044.550011 656850.022055 6869034.551147 656871.770456 6869034.878946 18.000000
585000 656871.504408 6868989.515691 656871.353702 6868999.514556 656849.566412 6868999.186171 656849.717119 6868989.187306 656871.504408 6868989.515691 18.000000
590000 656871.500600 6869006.261542 656871.349894 6869016.260406 656849.843812 6869015.936260 656849.994518 6869005.937395 656871.500600 6869006.261542 18.000000
590000 656871.504408 6868989.515691 656871.353702 6868999.514556 656849.566412 6868999.186171 656849.717119 6868989.187306 656871.504408 6868989.515691 18.000000
590000 656871.515058 6869021.292210 656871.364352 6869031.291075 656849.064810 6869030.954969 656849.215516 6869020.956105 656871.515058 6869021.292210 18.000000
595000 656871.500600 6869006.261542 656871.349894 6869016.260406 656849.843812 6869015.936260 656849.994518 6869005.937395 656871.500600 6869006.261542 18.000000
595000 656871.515058 6869021.292210 656871.364352 6869031.291075 656849.064810 6869030.954969 656849.215516 6869020.956105 656871.515058 6869021.292210 18.000000
595000 656871.852937 6868980.690048 656871.702231 6868990.688913 656850.239284 6868990.365416 656850.389990 6868980.366552 656871.852937 6868980.690048 18.000000
600000 656871.500600 6869006.261542 656871.349894 6869016.260406 656849.843812 6869015.936260 656849.994518 6869005.937395 656871.500600 6869006.261542 18.000000
600000 656871.852937 6868980.690048 656871.702231 6868990.688913 656850.239284 6868990.365416 656850.389990 6868980.366552 656871.852937 6868980.690048 18.000000
600000 656865.545744 6869039.539173 656865.470391 6869044.538605 656848.834957 6869044.287870 656848.910310 6869039.288438 656865.545744 6869039.539173 6.000000
605000 656871.852937 6868980.690048 656871.702231 6868990.688913 656850.239284 6868990.365416 656850.389990 6868980.366552 656871.852937 6868980.690048 18.000000
605000 656871.464712 6869002.236785 656871.314006 6869012.235649 656850.423293 6869011.920777 656850.573999 6869001.921913 656871.464712 6869002.236785 18.000000
605000 656859.612215 6869036.977237 656859.536862 6869041.976669 656848.856146 6869041.815686 656848.931499 6869036.816253 656859.612215 6869036.977237 6.000000
610000 656859.387511 6868996.575895 656869.386375 6868996.726601 656868.644929 6869045.919225 656858.646064 6869045.768519 656859.387511 6868996.575895 18.000000
615000 656857.935333 6869012.743997 656857.859980 6869017.743429 656848.972604 6869017.609476 656849.047957 6869012.610044 656857.935333 6869012.743997 6.000000
615000 656872.079156 6868978.822969 656872.003803 6868983.822401 656860.496571 6868983.648960 656860.571924 6868978.649528 656872.079156 6868978.822969 6.000000
620000 656858.087274 6868984.525900 656868.086138 6868984.676606 656867.417025 6869029.070137 656857.418160 6869028.919431 656858.087274 6868984.525900 18.000000
625000 656857.132202 6868992.417611 656867.131066 6868992.568317 656866.388187 6869041.855932 656856.389323 6869041.705226 656857.132202 6868992.417611 18.000000
630000 656855.706900 6868989.867666 656865.705765 6868990.018372 656864.962420 6869039.336894 656854.963556 6869039.186188 656855.706900 6868989.867666 18.000000
635000 656861.879341 6868988.126388 656871.878206 6868988.277094 656871.199941 6869033.277762 656861.201077 6869033.127055 656861.879341 6868988.126388 18.000000
640000 656859.177845 6868996.071615 656869.176709 6868996.222321 656868.463255 6869043.557760 656858.464390 6869043.407054 656859.177845 6868996.071615 18.000000
645000 656849.270175 6869020.932135 656854.269607 6869021.007488 656854.002584 6869038.723594 656849.003152 6869038.648241 656849.270175 6869020.932135 6.000000
645000 656866.810409 6869011.838296 656871.809842 6869011.913649 656871.504530 6869032.170083 656866.505098 6869032.094730 656866.810409 6869011.838296 6.000000
650000 656849.721648 6868990.399360 656854.721080 6868990.474713 656854.408334 6869011.224452 656849.408902 6869011.149099 656849.721648 6868990.399360 6.000000
650000 656849.264244 6869020.049024 656854.263677 6869020.124377 656854.016643 6869036.514275 656849.017211 6869036.438922 656849.264244 6869020.049024 6.000000
650000 656867.019860 6868993.888960 656872.019292 6868993.964313 656871.716222 6869014.072003 656866.716790 6869013.996650 656867.019860 6868993.888960 6.000000
650000 656866.747634 6869019.914486 656871.747066 6869019.989839 656871.515728 6869035.338373 656866.516296 6869035.263020 656866.747634 6869019.914486 6.000000
655000 656850.756862 6869011.434495 656860.755726 6869011.585201 656860.206149 6869048.047879 656850.207285 6869047.897173 656850.756862 6869011.434495 18.000000
655000 656871.477144 6868989.016629 656871.326438 6868999.015493 656851.370657 6868998.714714 656851.521363 6868988.715849 656871.477144 6868989.016629 18.000000
660000 656854.871333 6868996.567727 656864.870198 6868996.718433 656864.138067 6869045.292979 656854.139202 6869045.142273 656854.871333 6868996.567727 18.000000
665000 656860.834543 6868979.930075 656870.833407 6868980.080781 656870.088951 6869029.473088 656860.090086 6869029.322382 656860.834543 6868979.930075 18.000000
665000 656869.626069 6869036.946202 656869.475363 6869046.945066 656848.793240 6869046.633339 656848.943946 6869036.634474 656869.626069 6869036.946202 18.000000
670000 656849.600258 6868995.280240 656859.599122 6868995.430946 656858.910168 6869041.140848 656848.911303 6869040.990142 656849.600258 6868995.280240 18.000000
675000 656861.891126 6868979.574210 656871.889990 6868979.724916 656871.212113 6869024.699851 656861.213249 6869024.549145 656861.891126 6868979.574210 18.000000
680000 656853.717247 6868989.484069 656863.716111 6868989.634775 656862.986321 6869038.053985 656852.987457 6869037.903279 656853.717247 6868989.484069 18.000000
685000 656851.243131 6869004.350807 656861.241995 6869004.501513 656860.688601 6869041.217452 656850.689737 6869041.066746 656851.243131 6869004.350807 18.000000
685000 656869.770766 6868986.322702 656869.620060 6868996.321567 656850.725317 6868996.036779 656850.876023 6868986.037915 656869.770766 6868986.322702 18.000000
690000 656852.233733 6868994.809977 656862.232597 6868994.960683 656861.561176 6869039.507332 656851.562311 6869039.356626 656852.233733 6868994.809977 18.000000
695000 656852.233733 6868994.809977 656862.232597 6868994.960683 656861.561176 6869039.507332 656851.562311 6869039.356626 656852.233733 6868994.809977 18.000000
700000 656871.401646 6868995.007472 656871.250939 6869005.006336 656849.332427 6869004.675973 656849.483133 6868994.677109 656871.401646 6868995.007472 18.000000
700000 656857.409648 6869017.999404 656867.408513 6869018.150110 656866.955397 6869048.212917 656856.956532 6869048.062211 656857.409648 6869017.999404 18.000000
705000 656861.065049 6868985.447658 656871.063913 6868985.598364 656870.423519 6869028.086444 656860.424655 6869027.935738 656861.065049 6868985.447658 18.000000
705000 656871.039684 6869037.108591 656870.888978 6869047.107455 656850.793501 6869046.804570 656850.944207 6869036.805705 656871.039684 6869037.108591 18.000000
710000 656855.409156 6868981.405324 656865.408021 6868981.556030 656864.863068 6869017.711871 656854.864204 6869017.561165 656855.409156 6868981.405324 18.000000
710000 656871.141330 6869032.622649 656870.990624 6869042.621513 656849.967199 6869042.304641 656850.117905 6869032.305777 656871.141330 6869032.622649 18.000000
715000 656855.409156 6868981.405324 656865.408021 6868981.556030 656864.863068 6869017.711871 656854.864204 6869017.561165 656855.409156 6868981.405324 18.000000
715000 656871.141330 6869032.622649 656870.990624 6869042.621513 656849.967199 6869042.304641 656850.117905 6869032.305777 656871.141330 6869032.622649 18.000000
720000 656855.409156 6868981.405324 656865.408021 6868981.556030 656864.863068 6869017.711871 656854.864204 6869017.561165 656855.409156 6868981.405324 18.000000
720000 656871.141330 6869032.622649 656870.990624 6869042.621513 656849.967199 6869042.304641 656850.117905 6869032.305777 656871.141330 6869032.622649 18.000000
725000 656855.409156 6868981.405324 656865.408021 6868981.556030 656864.863068 6869017.711871 656854.864204 6869017.561165 656855.409156 6868981.405324 18.000000
725000 656871.141330 6869032.622649 656870.990624 6869042.621513 656849.967199 6869042.304641 656850.117905 6869032.305777 656871.141330 6869032.622649 18.000000
730000 656855.409156 6868981.405324 656865.408021 6868981.556030 656864.863068 6869017.711871 656854.864204 6869017.561165 656855.409156 6868981.405324 18.000000
730000 656870.574698 6869024.861378 656870.423992 6869034.860242 656849.598484 6869034.546353 656849.749190 6869024.547489 656870.574698 6869024.861378 18.000000
735000 656870.574698 6869024.861378 656870.423992 6869034.860242 656849.598484 6869034.546353 656849.749190 6869024.547489 656870.574698 6869024.861378 18.000000
735000 656871.600566 6868989.039767 656871.449860 6868999.038631 656849.673447 6868998.710410 656849.824153 6868988.711546 656871.600566 6868989.039767 18.000000
740000 656870.574698 6869024.861378 656870.423992 6869034.860242 656849.598484 6869034.546353 656849.749190 6869024.547489 656870.574698 6869024.861378 18.000000
740000 656871.600566 6868989.039767 656871.449860 6868999.038631 656849.673447 6868998.710410 656849.824153 6868988.711546 656871.600566 6868989.039767 18.000000
745000 656871.600566 6868989.039767 656871.449860 6868999.038631 656849.673447 6868998.710410 656849.824153 6868988.711546 656871.600566 6868989.039767 18.000000
745000 656869.545503 6869007.704135 656869.394797 6869017.702999 656849.809825 6869017.407808 656849.960531 6869007.408944 656869.545503 6869007.704135 18.000000
750000 656859.805286 6868979.495381 656869.804151 6868979.646087 656869.088173 6869027.148893 656859.089309 6869026.998187 656859.805286 6868979.495381 18.000000
755000 656861.232086 6869005.820719 656871.230950 6869005.971425 656870.609782 6869047.183948 656860.610917 6869047.033242 656861.232086 6869005.820719 18.000000
755000 656871.203704 6868980.576844 656871.052998 6868990.575708 656851.406720 6868990.279593 656851.557426 6868980.280729 656871.203704 6868980.576844 18.000000
760000 656853.710010 6868989.351453 656863.708875 6868989.502159 656863.069916 6869031.895018 656853.071052 6869031.744312 656853.710010 6868989.351453 18.000000
765000 656871.173392 6869033.401230 656871.022686 6869043.400095 656850.359595 6869043.088654 656850.510301 6869033.089790 656871.173392 6869033.401230 18.000000
765000 656860.506108 6868985.690410 656870.504972 6868985.841116 656869.973685 6869021.090319 656859.974821 6869020.939613 656860.506108 6868985.690410 18.000000
770000 656871.173392 6869033.401230 656871.022686 6869043.400095 656850.359595 6869043.088654 656850.510301 6869033.089790 656871.173392 6869033.401230 18.000000
770000 656871.544657 6869014.893379 656871.393951 6869024.892243 656849.798624 6869024.566752 656849.949330 6869014.567887 656871.544657 6869014.893379 18.000000
770000 656871.291445 6868985.803353 656871.140739 6868995.802217 656849.279384 6868995.472716 656849.430090 6868985.473851 656871.291445 6868985.803353 18.000000
775000 656871.291445 6868985.803353 656871.140739 6868995.802217 656849.279384 6868995.472716 656849.430090 6868985.473851 656871.291445 6868985.803353 18.000000
775000 656871.924532 6869010.860603 656871.773826 6869020.859467 656849.856828 6869020.529127 656850.007534 6869010.530263 656871.924532 6869010.860603 18.000000
780000 656870.578008 6869009.399084 656870.427302 6869019.397949 656849.007364 6869019.075100 656849.158070 6869009.076236 656870.578008 6869009.399084 18.000000
780000 656871.742717 6868984.427865 656871.592011 6868994.426729 656849.294458 6868994.090653 656849.445164 6868984.091789 656871.742717 6868984.427865 18.000000
785000 656870.578008 6869009.399084 656870.427302 6869019.397949 656849.007364 6869019.075100 656849.158070 6869009.076236 656870.578008 6869009.399084 18.000000
785000 656871.742717 6868984.427865 656871.592011 6868994.426729 656849.294458 6868994.090653 656849.445164 6868984.091789 656871.742717 6868984.427865 18.000000
790000 656860.866911 6868983.259382 656870.865775 6868983.410088 656870.122475 6869032.725670 656860.123611 6869032.574964 656860.866911 6868983.259382 18.000000
795000 656851.284766 6868980.859851 656861.283630 6868981.010557 656860.600067 6869026.362742 656850.601203 6869026.212035 656851.284766 6868980.859851 18.000000
800000 656871.629072 6868989.368012 656871.478366 6868999.366877 656849.442870 6868999.034751 656849.593576 6868989.035886 656871.629072 6868989.368012 18.000000
800000 656859.024711 6869004.531385 656869.023576 6869004.682091 656868.346642 6869049.594454 656858.347778 6869049.443748 656859.024711 6869004.531385 18.000000
805000 656871.629072 6868989.368012 656871.478366 6868999.366877 656849.442870 6868999.034751 656849.593576 6868989.035886 656871.629072 6868989.368012 18.000000
805000 656859.024711 6869004.531385 656869.023576 6869004.682091 656868.346642 6869049.594454 656858.347778 6869049.443748 656859.024711 6869004.531385 18.000000
810000 656871.629072 6868989.368012 656871.478366 6868999.366877 656849.442870 6868999.034751 656849.593576 6868989.035886 656871.629072 6868989.368012 18.000000
810000 656859.024711 6869004.531385 656869.023576 6869004.682091 656868.346642 6869049.594454 656858.347778 6869049.443748 656859.024711 6869004.531385 18.000000
815000 656871.629072 6868989.368012 656871.478366 6868999.366877 656849.442870 6868999.034751 656849.593576 6868989.035886 656871.629072 6868989.368012 18.000000
815000 656859.024711 6869004.531385 656869.023576 6869004.682091 656868.346642 6869049.594454 656858.347778 6869049.443748 656859.024711 6869004.531385 18.000000
820000 656871.629072 6868989.368012 656871.478366 6868999.366877 656849.442870 6868999.034751 656849.593576 6868989.035886 656871.629072 6868989.368012 18.000000
820000 656849.625644 6869010.462311 656859.624509 6869010.613017 656859.200473 6869038.746430 656849.201609 6869038.595724 656849.625644 6869010.462311 18.000000
825000 656871.629072 6868989.368012 656871.478366 6868999.366877 656849.442870 6868999.034751 656849.593576 6868989.035886 656871.629072 6868989.368012 18.000000
825000 656871.274873 6869033.742142 656871.124166 6869043.741006 656849.367974 6869043.413090 656849.518680 6869033.414225 656871.274873 6869033.742142 18.000000
825000 656870.163048 6869005.932115 656870.012342 6869015.930979 656849.924031 6869015.628202 656850.074737 6869005.629338 656870.163048 6869005.932115 18.000000
830000 656871.629072 6868989.368012 656871.478366 6868999.366877 656849.442870 6868999.034751 656849.593576 6868989.035886 656871.629072 6868989.368012 18.000000
830000 656871.274873 6869033.742142 656871.124166 6869043.741006 656849.367974 6869043.413090 656849.518680 6869033.414225 656871.274873 6869033.742142 18.000000
830000 656870.859386 6869009.636625 656870.708680 6869019.635489 656849.797825 6869019.320314 656849.948531 6869009.321450 656870.859386 6869009.636625 18.000000
835000 656871.629072 6868989.368012 656871.478366 6868999.366877 656849.442870 6868999.034751 656849.593576 6868989.035886 656871.629072 6868989.368012 18.000000
835000 656871.274873 6869033.742142 656871.124166 6869043.741006 656849.367974 6869043.413090 656849.518680 6869033.414225 656871.274873 6869033.742142 18.000000
835000 656870.859386 6869009.636625 656870.708680 6869019.635489 656849.797825 6869019.320314 656849.948531 6869009.321450 656870.859386 6869009.636625 18.000000
840000 656871.274873 6869033.742142 656871.124166 6869043.741006 656849.367974 6869043.413090 656849.518680 6869033.414225 656871.274873 6869033.742142 18.000000
840000 656870.859386 6869009.636625 656870.708680 6869019.635489 656849.797825 6869019.320314 656849.948531 6869009.321450 656870.859386 6869009.636625 18.000000
840000 656871.742078 6868989.481354 656871.591372 6868999.480219 656849.963243 6868999.154233 656850.113949 6868989.155368 656871.742078 6868989.481354 18.000000
845000 656871.274873 6869033.742142 656871.124166 6869043.741006 656849.367974 6869043.413090 656849.518680 6869033.414225 656871.274873 6869033.742142 18.000000
845000 656870.859386 6869009.636625 656870.708680 6869019.635489 656849.797825 6869019.320314 656849.948531 6869009.321450 656870.859386 6869009.636625 18.000000
845000 656871.742078 6868989.481354 656871.591372 6868999.480219 656849.963243 6868999.154233 656850.113949 6868989.155368 656871.742078 6868989.481354 18.000000
850000 656871.274873 6869033.742142 656871.124166 6869043.741006 656849.367974 6869043.413090 656849.518680 6869033.414225 656871.274873 6869033.742142 18.000000
850000 656870.859386 6869009.636625 656870.708680 6869019.635489 656849.797825 6869019.320314 656849.948531 6869009.321450 656870.859386 6869009.636625 18.000000
850000 656871.742078 6868989.481354 656871.591372 6868999.480219 656849.963243 6868999.154233 656850.113949 6868989.155368 656871.742078 6868989.481354 18.000000
855000 656871.274873 6869033.742142 656871.124166 6869043.741006 656849.367974 6869043.413090 656849.518680 6869033.414225 656871.274873 6869033.742142 18.000000
855000 656870.859386 6869009.636625 656870.708680 6869019.635489 656849.797825 6869019.320314 656849.948531 6869009.321450 656870.859386 6869009.636625 18.000000
855000 656871.742078 6868989.481354 656871.591372 6868999.480219 656849.963243 6868999.154233 656850.113949 6868989.155368 656871.742078 6868989.481354 18.000000
860000 656871.274873 6869033.742142 656871.124166 6869043.741006 656849.367974 6869043.413090 656849.518680 6869033.414225 656871.274873 6869033.742142 18.000000
860000 656870.859386 6869009.636625 656870.708680 6869019.635489 656849.797825 6869019.320314 656849.948531 6869009.321450 656870.859386 6869009.636625 18.000000
860000 656871.742078 6868989.481354 656871.591372 6868999.480219 656849.963243 6868999.154233 656850.113949 6868989.155368 656871.742078 6868989.481354 18.000000
865000 656871.274873 6869033.742142 656871.124166 6869043.741006 656849.367974 6869043.413090 656849.518680 6869033.414225 656871.274873 6869033.742142 18.000000
865000 656871.742078 6868989.481354 656871.591372 6868999.480219 656849.963243 6868999.154233 656850.113949 6868989.155368 656871.742078 6868989.481354 18.000000
865000 656871.590784 6869006.562505 656871.440078 6869016.561369 656849.874149 6869016.236321 656850.024855 6869006.237456 656871.590784 6869006.562505 18.000000
870000 656871.274873 6869033.742142 656871.124166 6869043.741006 656849.367974 6869043.413090 656849.518680 6869033.414225 656871.274873 6869033.742142 18.000000
870000 656871.742078 6868989.481354 656871.591372 6868999.480219 656849.963243 6868999.154233 656850.113949 6868989.155368 656871.742078 6868989.481354 18.000000
870000 656871.590784 6869006.562505 656871.440078 6869016.561369 656849.874149 6869016.236321 656850.024855 6869006.237456 656871.590784 6869006.562505 18.000000
875000 656871.274873 6869033.742142 656871.124166 6869043.741006 656849.367974 6869043.413090 656849.518680 6869033.414225 656871.274873 6869033.742142 18.000000
875000 656871.742078 6868989.481354 656871.591372 6868999.480219 656849.963243 6868999.154233 656850.113949 6868989.155368 656871.742078 6868989.481354 18.000000
875000 656871.590784 6869006.562505 656871.440078 6869016.561369 656849.874149 6869016.236321 656850.024855 6869006.237456 656871.590784 6869006.562505 18.000000
880000 656871.742078 6868989.481354 656871.591372 6868999.480219 656849.963243 6868999.154233 656850.113949 6868989.155368 656871.742078 6868989.481354 18.000000
880000 656871.590784 6869006.562505 656871.440078 6869016.561369 656849.874149 6869016.236321 656850.024855 6869006.237456 656871.590784 6869006.562505 18.000000
880000 656871.174727 6869035.490833 656871.024021 6869045.489697 656848.828862 6869045.155165 656848.979568 6869035.156301 656871.174727 6869035.490833 18.000000
885000 656871.742078 6868989.481354 656871.591372 6868999.480219 656849.963243 6868999.154233 656850.113949 6868989.155368 656871.742078 6868989.481354 18.000000
885000 656871.590784 6869006.562505 656871.440078 6869016.561369 656849.874149 6869016.236321 656850.024855 6869006.237456 656871.590784 6869006.562505 18.000000
885000 656871.174727 6869035.490833 656871.024021 6869045.489697 656848.828862 6869045.155165 656848.979568 6869035.156301 656871.174727 6869035.490833 18.000000
890000 656871.742078 6868989.481354 656871.591372 6868999.480219 656849.963243 6868999.154233 656850.113949 6868989.155368 656871.742078 6868989.481354 18.000000
890000 656871.590784 6869006.562505 656871.440078 6869016.561369 656849.874149 6869016.236321 656850.024855 6869006.237456 656871.590784 6869006.562505 18.000000
890000 656871.174727 6869035.490833 656871.024021 6869045.489697 656848.828862 6869045.155165 656848.979568 6869035.156301 656871.174727 6869035.490833 18.000000
895000 656871.742078 6868989.481354 656871.591372 6868999.480219 656849.963243 6868999.154233 656850.113949 6868989.155368 656871.742078 6868989.481354 18.000000
895000 656871.590784 6869006.562505 656871.440078 6869016.561369 656849.874149 6869016.236321 656850.024855 6869006.237456 656871.590784 6869006.562505 18.000000
895000 656871.174727 6869035.490833 656871.024021 6869045.489697 656848.828862 6869045.155165 656848.979568 6869035.156301 656871.174727 6869035.490833 18.000000
900000 656871.742078 6868989.481354 656871.591372 6868999.480219 656849.963243 6868999.154233 656850.113949 6868989.155368 656871.742078 6868989.481354 18.000000
900000 656871.590784 6869006.562505 656871.440078 6869016.561369 656849.874149 6869016.236321 656850.024855 6869006.237456 656871.590784 6869006.562505 18.000000
900000 656871.174727 6869035.490833 656871.024021 6869045.489697 656848.828862 6869045.155165 656848.979568 6869035.156301 656871.174727 6869035.490833 18.000000
905000 656871.742078 6868989.481354 656871.591372 6868999.480219 656849.963243 6868999.154233 656850.113949 6868989.155368 656871.742078 6868989.481354 18.000000
905000 656871.174727 6869035.490833 656871.024021 6869045.489697 656848.828862 6869045.155165 656848.979568 6869035.156301 656871.174727 6869035.490833 18.000000
905000 656871.217211 6869018.788962 656871.066505 6869028.787826 656850.293059 6869028.474722 656850.443765 6869018.475858 656871.217211 6869018.788962 18.000000
910000 656871.742078 6868989.481354 656871.591372 6868999.480219 656849.963243 6868999.154233 656850.113949 6868989.155368 656871.742078 6868989.481354 18.000000
910000 656871.174727 6869035.490833 656871.024021 6869045.489697 656848.828862 6869045.155165 656848.979568 6869035.156301 656871.174727 6869035.490833 18.000000
910000 656871.217211 6869018.788962 656871.066505 6869028.787826 656850.293059 6869028.474722 656850.443765 6869018.475858 656871.217211 6869018.788962 18.000000
915000 656871.174727 6869035.490833 656871.024021 6869045.489697 656848.828862 6869045.155165 656848.979568 6869035.156301 656871.174727 6869035.490833 18.000000
915000 656871.217211 6869018.788962 656871.066505 6869028.787826 656850.293059 6869028.474722 656850.443765 6869018.475858 656871.217211 6869018.788962 18.000000
915000 656871.731608 6868991.499677 656871.580902 6869001.498541 656849.294542 6869001.162634 656849.445248 6868991.163770 656871.731608 6868991.499677 18.000000
920000 656871.174727 6869035.490833 656871.024021 6869045.489697 656848.828862 6869045.155165 656848.979568 6869035.156301 656871.174727 6869035.490833 18.000000
920000 656871.217211 6869018.788962 656871.066505 6869028.787826 656850.293059 6869028.474722 656850.443765 6869018.475858 656871.217211 6869018.788962 18.000000
920000 656871.731608 6868991.499677 656871.580902 6869001.498541 656849.294542 6869001.162634 656849.445248 6868991.163770 656871.731608 6868991.499677 18.000000
925000 656871.174727 6869035.490833 656871.024021 6869045.489697 656848.828862 6869045.155165 656848.979568 6869035.156301 656871.174727 6869035.490833 18.000000
925000 656871.217211 6869018.788962 656871.066505 6869028.787826 656850.293059 6869028.474722 656850.443765 6869018.475858 656871.217211 6869018.788962 18.000000
925000 656871.731608 6868991.499677 656871.580902 6869001.498541 656849.294542 6869001.162634 656849.445248 6868991.163770 656871.731608 6868991.499677 18.000000
930000 656871.174727 6869035.490833 656871.024021 6869045.489697 656848.828862 6869045.155165 656848.979568 6869035.156301 656871.174727 6869035.490833 18.000000
930000 656871.217211 6869018.788962 656871.066505 6869028.787826 656850.293059 6869028.474722 656850.443765 6869018.475858 656871.217211 6869018.788962 18.000000
930000 656871.731608 6868991.499677 656871.580902 6869001.498541 656849.294542 6869001.162634 656849.445248 6868991.163770 656871.731608 6868991.499677 18.000000
935000 656871.174727 6869035.490833 656871.024021 6869045.489697 656848.828862 6869045.155165 656848.979568 6869035.156301 656871.174727 6869035.490833 18.000000
935000 656871.217211 6869018.788962 656871.066505 6869028.787826 656850.293059 6869028.474722 656850.443765 6869018.475858 656871.217211 6869018.788962 18.000000
935000 656871.731608 6868991.499677 656871.580902 6869001.498541 656849.294542 6869001.162634 656849.445248 6868991.163770 656871.731608 6868991.499677 18.000000
940000 656871.174727 6869035.490833 656871.024021 6869045.489697 656848.828862 6869045.155165 656848.979568 6869035.156301 656871.174727 6869035.490833 18.000000
940000 656871.217211 6869018.788962 656871.066505 6869028.787826 656850.293059 6869028.474722 656850.443765 6869018.475858 656871.217211 6869018.788962 18.000000
940000 656871.731608 6868991.499677 656871.580902 6869001.498541 656849.294542 6869001.162634 656849.445248 6868991.163770 656871.731608 6868991.499677 18.000000
945000 656871.174727 6869035.490833 656871.024021 6869045.489697 656848.828862 6869045.155165 656848.979568 6869035.156301 656871.174727 6869035.490833 18.000000
945000 656871.217211 6869018.788962 656871.066505 6869028.787826 656850.293059 6869028.474722 656850.443765 6869018.475858 656871.217211 6869018.788962 18.000000
945000 656871.731608 6868991.499677 656871.580902 6869001.498541 656849.294542 6869001.162634 656849.445248 6868991.163770 656871.731608 6868991.499677 18.000000
950000 656871.174727 6869035.490833 656871.024021 6869045.489697 656848.828862 6869045.155165 656848.979568 6869035.156301 656871.174727 6869035.490833 18.000000
950000 656871.217211 6869018.788962 656871.066505 6869028.787826 656850.293059 6869028.474722 656850.443765 6869018.475858 656871.217211 6869018.788962 18.000000
950000 656871.731608 6868991.499677 656871.580902 6869001.498541 656849.294542 6869001.162634 656849.445248 6868991.163770 656871.731608 6868991.499677 18.000000
955000 656871.174727 6869035.490833 656871.024021 6869045.489697 656848.828862 6869045.155165 656848.979568 6869035.156301 656871.174727 6869035.490833 18.000000
955000 656871.217211 6869018.788962 656871.066505 6869028.787826 656850.293059 6869028.474722 656850.443765 6869018.475858 656871.217211 6869018.788962 18.000000
955000 656871.731608 6868991.499677 656871.580902 6869001.498541 656849.294542 6869001.162634 656849.445248 6868991.163770 656871.731608 6868991.499677 18.000000
960000 656871.174727 6869035.490833 656871.024021 6869045.489697 656848.828862 6869045.155165 656848.979568 6869035.156301 656871.174727 6869035.490833 18.000000
960000 656871.217211 6869018.788962 656871.066505 6869028.787826 656850.293059 6869028.474722 656850.443765 6869018.475858 656871.217211 6869018.788962 18.000000
960000 656871.731608 6868991.499677 656871.580902 6869001.498541 656849.294542 6869001.162634 656849.445248 6868991.163770 656871.731608 6868991.499677 18.000000
965000 656871.174727 6869035.490833 656871.024021 6869045.489697 656848.828862 6869045.155165 656848.979568 6869035.156301 656871.174727 6869035.490833 18.000000
965000 656871.217211 6869018.788962 656871.066505 6869028.787826 656850.293059 6869028.474722 656850.443765 6869018.475858 656871.217211 6869018.788962 18.000000
965000 656871.731608 6868991.499677 656871.580902 6869001.498541 656849.294542 6869001.162634 656849.445248 6868991.163770 656871.731608 6868991.499677 18.000000
970000 656871.731608 6868991.499677 656871.580902 6869001.498541 656849.294542 6869001.162634 656849.445248 6868991.163770 656871.731608 6868991.499677 18.000000
970000 656871.558140 6869035.506218 656871.407434 6869045.505082 656848.836857 6869045.164891 656848.987563 6869035.166027 656871.558140 6869035.506218 18.000000
970000 656871.756200 6869005.195838 656871.605493 6869015.194702 656849.302071 6869014.858538 656849.452778 6869004.859674 656871.756200 6869005.195838 18.000000
975000 656871.558140 6869035.506218 656871.407434 6869045.505082 656848.836857 6869045.164891 656848.987563 6869035.166027 656871.558140 6869035.506218 18.000000
975000 656871.756200 6869005.195838 656871.605493 6869015.194702 656849.302071 6869014.858538 656849.452778 6869004.859674 656871.756200 6869005.195838 18.000000
980000 656871.558140 6869035.506218 656871.407434 6869045.505082 656848.836857 6869045.164891 656848.987563 6869035.166027 656871.558140 6869035.506218 18.000000
980000 656871.756200 6869005.195838 656871.605493 6869015.194702 656849.302071 6869014.858538 656849.452778 6869004.859674 656871.756200 6869005.195838 18.000000
985000 656871.558140 6869035.506218 656871.407434 6869045.505082 656848.836857 6869045.164891 656848.987563 6869035.166027 656871.558140 6869035.506218 18.000000
985000 656871.756200 6869005.195838 656871.605493 6869015.194702 656849.302071 6869014.858538 656849.452778 6869004.859674 656871.756200 6869005.195838 18.000000
990000 656871.558140 6869035.506218 656871.407434 6869045.505082 656848.836857 6869045.164891 656848.987563 6869035.166027 656871.558140 6869035.506218 18.000000
990000 656871.756200 6869005.195838 656871.605493 6869015.194702 656849.302071 6869014.858538 656849.452778 6869004.859674 656871.756200 6869005.195838 18.000000
990000 656871.445673 6868980.901960 656871.294967 6868990.900824 656849.329460 6868990.569753 656849.480166 6868980.570889 656871.445673 6868980.901960 18.000000
995000 656871.558140 6869035.506218 656871.407434 6869045.505082 656848.836857 6869045.164891 656848.987563 6869035.166027 656871.558140 6869035.506218 18.000000
995000 656871.756200 6869005.195838 656871.605493 6869015.194702 656849.302071 6869014.858538 656849.452778 6869004.859674 656871.756200 6869005.195838 18.000000
995000 656871.445673 6868980.901960 656871.294967 6868990.900824 656849.329460 6868990.569753 656849.480166 6868980.570889 656871.445673 6868980.901960 18.000000
1000000 656871.756200 6869005.195838 656871.605493 6869015.194702 656849.302071 6869014.858538 656849.452778 6869004.859674 656871.756200 6869005.195838 18.000000
1000000 656871.445673 6868980.901960 656871.294967 6868990.900824 656849.329460 6868990.569753 656849.480166 6868980.570889 656871.445673 6868980.901960 18.000000
1000000 656871.089018 6869021.867124 656870.938312 6869031.865989 656848.933945 6869031.534332 656849.084652 6869021.535467 656871.089018 6869021.867124 18.000000
1005000 656871.756200 6869005.195838 656871.605493 6869015.194702 656849.302071 6869014.858538 656849.452778 6869004.859674 656871.756200 6869005.195838 18.000000
1005000 656871.445673 6868980.901960 656871.294967 6868990.900824 656849.329460 6868990.569753 656849.480166 6868980.570889 656871.445673 6868980.901960 18.000000
1005000 656871.089018 6869021.867124 656870.938312 6869031.865989 656848.933945 6869031.534332 656849.084652 6869021.535467 656871.089018 6869021.867124 18.000000
1010000 656871.756200 6869005.195838 656871.605493 6869015.194702 656849.302071 6869014.858538 656849.452778 6869004.859674 656871.756200 6869005.195838 18.000000
1010000 656871.445673 6868980.901960 656871.294967 6868990.900824 656849.329460 6868990.569753 656849.480166 6868980.570889 656871.445673 6868980.901960 18.000000
1010000 656871.089018 6869021.867124 656870.938312 6869031.865989 656848.933945 6869031.534332 656849.084652 6869021.535467 656871.089018 6869021.867124 18.000000
1011524 656871.756200 6869005.195838 656871.605493 6869015.194702 656849.302071 6869014.858538 656849.452778 6869004.859674 656871.756200 6869005.195838 18.000000
1011524 656871.445673 6868980.901960 656871.294967 6868990.900824 656849.329460 6868990.569753 656849.480166 6868980.570889 656871.445673 6868980.901960 18.000000
1011524 656871.089018 6869021.867124 656870.938312 6869031.865989 656848.933945 6869031.534332 656849.084652 6869021.535467 656871.089018 6869021.867124 18.000000
1011524 656871.492102 6869039.293901 656871.341396 6869049.292765 656849.048996 6869048.956767 656849.199702 6869038.957902 656871.492102 6869039.293901 18.000000
