5000 656858.268458 6868975.244575 656868.267323 6868975.395282 656867.596980 6869019.870383 656857.598116 6869019.719677 656858.268458 6868975.244575 18.000000
10000 656851.122335 6868977.498386 656861.121199 6868977.649093 656860.537309 6869016.388334 656850.538444 6869016.237628 656851.122335 6868977.498386 18.000000
15000 656852.701376 6868996.790825 656862.700240 6868996.941531 656862.047775 6869040.230521 656852.048911 6869040.079815 656852.701376 6868996.790825 18.000000
20000 656851.349050 6869011.563721 656861.347915 6869011.714427 656860.766640 6869050.280125 656850.767776 6869050.129419 656851.349050 6869011.563721 18.000000
20000 656851.448933 6868987.780348 656861.447797 6868987.931054 656861.238345 6869001.827527 656851.239481 6869001.676821 656851.448933 6868987.780348 18.000000
25000 656857.495377 6868979.351999 656867.494241 6868979.502706 656866.793096 6869026.021408 656856.794232 6869025.870702 656857.495377 6868979.351999 18.000000
30000 656871.752769 6869022.972413 656871.602063 6869032.971278 656857.654261 6869032.761052 656857.804967 6869022.762188 656871.752769 6869022.972413 18.000000
35000 656856.417066 6869009.610237 656866.415930 6869009.760943 656865.892237 6869044.506350 656855.893372 6869044.355644 656856.417066 6869009.610237 18.000000
40000 656868.695825 6869023.557509 656868.545119 6869033.556373 656850.901980 6869033.290450 656851.052686 6869023.291586 656868.695825 6869023.557509 18.000000
40000 656871.569266 6869010.625365 656871.493913 6869015.624798 656860.659554 6869015.461499 656860.734907 6869010.462067 656871.569266 6869010.625365 6.000000
45000 656857.588731 6869015.135127 656867.587596 6869015.285833 656867.138671 6869045.070567 656857.139806 6869044.919861 656857.588731 6869015.135127 18.000000
45000 656859.389321 6868987.374359 656869.388186 6868987.525065 656869.071108 6869008.562130 656859.072244 6869008.411424 656859.389321 6868987.374359 18.000000
50000 656860.768349 6869023.022555 656860.692996 6869028.021987 656849.053908 6869027.846559 656849.129261 6869022.847127 656860.768349 6869023.022555 6.000000
55000 656859.177110 6868993.373694 656869.175975 6868993.524400 656868.557988 6869034.525858 656858.559123 6869034.375152 656859.177110 6868993.373694 18.000000
70000 656871.803444 6868988.446760 656871.652738 6868998.445624 656850.019178 6868998.119556 656850.169884 6868988.120692 656871.803444 6868988.446760 18.000000
70000 656854.542793 6869010.039660 656864.541657 6869010.190366 656864.130446 6869037.472894 656854.131582 6869037.322188 656854.542793 6869010.039660 18.000000
75000 656861.961993 6868996.506613 656871.960857 6868996.657319 656871.223283 6869045.592968 656861.224419 6869045.442262 656861.961993 6868996.506613 18.000000
80000 656854.314756 6869005.250813 656864.313621 6869005.401519 656863.718622 6869044.877781 656853.719758 6869044.727075 656854.314756 6869005.250813 18.000000
85000 656849.740737 6868990.357186 656859.739602 6868990.507892 656859.148958 6869029.695211 656849.150094 6869029.544505 656849.740737 6868990.357186 18.000000
90000 656859.860870 6868977.043296 656869.859734 6868977.194002 656869.287298 6869015.173294 656859.288434 6869015.022588 656859.860870 6868977.043296 18.000000
90000 656860.738017 6869036.385240 656865.737449 6869036.460593 656865.660579 6869041.560653 656860.661147 6869041.485300 656860.738017 6869036.385240 6.000000
95000 656850.308049 6869002.939616 656860.306913 6869003.090322 656859.701360 6869043.266838 656849.702496 6869043.116132 656850.308049 6869002.939616 18.000000
100000 656854.575990 6868981.509359 656864.574854 6868981.660065 656863.977451 6869021.295849 656853.978587 6869021.145143 656854.575990 6868981.509359 18.000000
100000 656864.218560 6869029.104524 656864.067854 6869039.103389 656851.355241 6869038.911780 656851.505947 6869028.912916 656864.218560 6869029.104524 18.000000
105000 656867.094690 6868979.888917 656872.094122 6868979.964270 656871.800238 6868999.462495 656866.800806 6868999.387142 656867.094690 6868979.888917 6.000000
110000 656851.362544 6868986.574155 656861.361408 6868986.724861 656860.798288 6869024.086066 656850.799424 6869023.935360 656851.362544 6868986.574155 18.000000
115000 656855.939304 6868997.039915 656865.938169 6868997.190621 656865.234549 6869043.873529 656855.235685 6869043.722823 656855.939304 6868997.039915 18.000000
120000 656861.853392 6869014.926452 656871.852256 6869015.077158 656871.425038 6869043.421686 656861.426174 6869043.270980 656861.853392 6869014.926452 18.000000
125000 656871.837829 6869034.606185 656871.762476 6869039.605617 656863.294446 6869039.477985 656863.369799 6869034.478553 656871.837829 6869034.606185 6.000000
125000 656850.108860 6869002.108157 656855.108292 6869002.183510 656854.778909 6869024.037035 656849.779477 6869023.961682 656850.108860 6869002.108157 6.000000
130000 656856.095511 6868996.150642 656866.094375 6868996.301348 656865.497313 6869035.914496 656855.498449 6869035.763790 656856.095511 6868996.150642 18.000000
130000 656850.982830 6868982.215454 656860.981694 6868982.366160 656860.541628 6869011.563158 656850.542763 6869011.412452 656850.982830 6868982.215454 18.000000
135000 656860.141519 6868999.780683 656860.066166 6869004.780115 656850.253928 6869004.632222 656850.329281 6868999.632790 656860.141519 6868999.780683 6.000000
140000 656851.462836 6868993.636585 656861.461700 6868993.787291 656860.737131 6869041.860126 656850.738267 6869041.709420 656851.462836 6868993.636585 18.000000
140000 656866.624711 6869016.434283 656871.624143 6869016.509636 656871.502827 6869024.558535 656866.503395 6869024.483182 656866.624711 6869016.434283 6.000000
145000 656849.855144 6868975.347940 656859.854009 6868975.498646 656859.107410 6869025.033101 656849.108545 6869024.882395 656849.855144 6868975.347940 18.000000
150000 656855.141058 6868996.078091 656865.139922 6868996.228797 656864.671972 6869027.275794 656854.673108 6869027.125088 656855.141058 6868996.078091 18.000000
155000 656851.487005 6868979.580805 656861.485869 6868979.731511 656860.951816 6869015.164208 656850.952952 6869015.013502 656851.487005 6868979.580805 18.000000
160000 656851.577251 6868988.401813 656861.576115 6868988.552520 656861.246628 6869010.412954 656851.247763 6869010.262248 656851.577251 6868988.401813 18.000000
160000 656849.677219 6869014.045090 656859.676083 6869014.195797 656859.258364 6869041.910079 656849.259500 6869041.759373 656849.677219 6869014.045090 18.000000
165000 656857.746391 6868991.829632 656867.745255 6868991.980338 656867.116860 6869033.672322 656857.117996 6869033.521616 656857.746391 6868991.829632 18.000000
170000 656851.737447 6869017.043539 656861.736311 6869017.194245 656861.378368 6869040.942608 656851.379504 6869040.791902 656851.737447 6869017.043539 18.000000
175000 656860.917674 6868978.280056 656870.916538 6868978.430762 656870.196878 6869026.177876 656860.198014 6869026.027170 656860.917674 6868978.280056 18.000000
180000 656866.750126 6869005.963328 656871.749558 6869006.038681 656871.486473 6869023.493533 656866.487041 6869023.418180 656866.750126 6869005.963328 6.000000
185000 656859.458093 6868993.414479 656869.456957 6868993.565185 656868.722668 6869042.282937 656858.723803 6869042.132231 656859.458093 6868993.414479 18.000000
190000 656858.577428 6868979.344711 656868.576292 6868979.495418 656867.986919 6869018.598463 656857.988054 6869018.447757 656858.577428 6868979.344711 18.000000
195000 656870.175848 6869024.193985 656870.025142 6869034.192850 656848.999192 6869033.875940 656849.149898 6869023.877076 656870.175848 6869024.193985 18.000000
195000 656855.491739 6868980.143511 656865.490603 6868980.294217 656864.934036 6869017.220651 656854.935172 6869017.069945 656855.491739 6868980.143511 18.000000
200000 656855.452346 6868998.382739 656865.451210 6868998.533445 656864.886916 6869035.972516 656854.888052 6869035.821810 656855.452346 6868998.382739 18.000000
205000 656871.609714 6869033.424511 656871.459008 6869043.423376 656849.662758 6869043.094856 656849.813464 6869033.095991 656871.609714 6869033.424511 18.000000
205000 656866.531611 6868983.067843 656871.531043 6868983.143196 656871.184217 6869006.154022 656866.184785 6869006.078669 656866.531611 6868983.067843 6.000000
205000 656849.602285 6868991.710344 656859.601150 6868991.861050 656859.294835 6869012.184081 656849.295970 6869012.033375 656849.602285 6868991.710344 18.000000
210000 656857.657995 6868985.195551 656867.656859 6868985.346257 656867.068730 6869024.366737 656857.069866 6869024.216031 656857.657995 6868985.195551 18.000000
215000 656850.028310 6869007.018874 656860.027174 6869007.169580 656859.439813 6869046.139131 656849.440948 6869045.988425 656850.028310 6869007.018874 18.000000
220000 656849.451474 6868979.991568 656854.450906 6868980.066921 656854.176606 6868998.265877 656849.177173 6868998.190524 656849.451474 6868979.991568 6.000000
220000 656849.538922 6869013.712816 656854.538354 6869013.788169 656854.304105 6869029.329872 656849.304673 6869029.254519 656849.538922 6869013.712816 6.000000
225000 656849.529662 6868993.432053 656859.528526 6868993.582759 656859.197621 6869015.537282 656849.198756 6869015.386576 656849.529662 6868993.432053 18.000000
230000 656861.798887 6868984.841791 656871.797751 6868984.992497 656871.131885 6869029.170622 656861.133020 6869029.019916 656861.798887 6868984.841791 18.000000
230000 656849.144668 6869030.217006 656854.144101 6869030.292359 656854.031139 6869037.786973 656849.031707 6869037.711620 656849.144668 6869030.217006 6.000000
235000 656860.235535 6869019.016302 656870.234399 6869019.167008 656869.787686 6869048.804990 656859.788822 6869048.654284 656860.235535 6869019.016302 18.000000
235000 656851.852210 6868999.232939 656861.851074 6868999.383645 656861.228643 6869040.679950 656851.229779 6869040.529244 656851.852210 6868999.232939 18.000000
240000 656856.812488 6868983.599334 656866.811352 6868983.750040 656866.134183 6869028.678072 656856.135319 6869028.527366 656856.812488 6868983.599334 18.000000
245000 656866.502450 6869015.656614 656871.501883 6869015.731967 656871.277487 6869030.619896 656866.278055 6869030.544543 656866.502450 6869015.656614 6.000000
245000 656871.582146 6868987.522584 656871.431440 6868997.521448 656849.261102 6868997.187290 656849.411808 6868987.188425 656871.582146 6868987.522584 18.000000
250000 656854.616767 6868995.017925 656864.615631 6868995.168631 656863.897920 6869042.786472 656853.899056 6869042.635766 656854.616767 6868995.017925 18.000000
255000 656866.789770 6868998.103651 656871.789202 6868998.179004 656871.540466 6869014.681877 656866.541034 6869014.606524 656866.789770 6868998.103651 6.000000
255000 656859.025934 6868990.510857 656858.950581 6868995.510289 656849.465104 6868995.367321 656849.540457 6868990.367889 656859.025934 6868990.510857 6.000000
255000 656854.934661 6869018.486337 656859.934093 6869018.561690 656859.701575 6869033.988543 656854.702143 6869033.913190 656854.934661 6869018.486337 6.000000
260000 656852.254245 6868985.811938 656862.253109 6868985.962644 656861.766155 6869018.270452 656851.767291 6869018.119746 656852.254245 6868985.811938 18.000000
265000 656866.046200 6868987.270340 656865.970847 6868992.269772 656849.385211 6868992.019788 656849.460564 6868987.020356 656866.046200 6868987.270340 6.000000
265000 656871.348050 6869034.525564 656871.272697 6869039.524996 656863.601361 6869039.409372 656863.676714 6869034.409939 656871.348050 6869034.525564 6.000000
265000 656849.215169 6869025.327735 656854.214601 6869025.403088 656854.085552 6869033.965070 656849.086120 6869033.889717 656849.215169 6869025.327735 6.000000
270000 656857.650398 6868979.587092 656867.649262 6868979.737798 656867.188918 6869010.280129 656857.190054 6869010.129423 656857.650398 6868979.587092 18.000000
275000 656854.795640 6868977.887091 656864.794504 6868978.037797 656864.311106 6869010.109763 656854.312241 6869009.959057 656854.795640 6868977.887091 18.000000
275000 656871.498223 6869031.637520 656871.347517 6869041.636385 656849.238904 6869041.303157 656849.389610 6869031.304292 656871.498223 6869031.637520 18.000000
280000 656858.424211 6868994.497152 656868.423076 6868994.647858 656867.807216 6869035.508142 656857.808352 6869035.357436 656858.424211 6868994.497152 18.000000
285000 656864.633830 6869041.660705 656864.558477 6869046.660138 656848.942857 6869046.424774 656849.018210 6869041.425342 656864.633830 6869041.660705 6.000000
285000 656852.207837 6868981.273345 656862.206701 6868981.424051 656861.703898 6869014.783402 656851.705034 6869014.632695 656852.207837 6868981.273345 18.000000
290000 656859.078447 6868999.718513 656869.077311 6868999.869219 656868.619412 6869030.249324 656858.620548 6869030.098618 656859.078447 6868999.718513 18.000000
295000 656858.024253 6868978.595036 656868.023117 6868978.745742 656867.308592 6869026.152241 656857.309727 6869026.001535 656858.024253 6868978.595036 18.000000
300000 656870.330963 6869009.895283 656870.180257 6869019.894147 656851.011642 6869019.605231 656851.162348 6869009.606367 656870.330963 6869009.895283 18.000000
300000 656864.601398 6868979.353188 656869.600830 6868979.428541 656869.499439 6868986.155519 656864.500007 6868986.080166 656864.601398 6868979.353188 6.000000
305000 656852.860781 6868986.372852 656862.859645 6868986.523558 656862.451772 6869013.584669 656852.452907 6869013.433963 656852.860781 6868986.372852 18.000000
305000 656860.794673 6869034.774034 656860.719320 6869039.773466 656849.021915 6869039.597159 656849.097268 6869034.597727 656860.794673 6869034.774034 6.000000
310000 656856.455018 6868992.957533 656866.453883 6868993.108239 656865.710430 6869042.433982 656855.711565 6869042.283275 656856.455018 6868992.957533 18.000000
315000 656866.941185 6868989.744960 656871.940617 6868989.820313 656871.745794 6869002.746194 656866.746362 6869002.670841 656866.941185 6868989.744960 6.000000
315000 656870.380549 6869037.450656 656870.229843 6869047.449520 656849.276325 6869047.133702 656849.427031 6869037.134838 656870.380549 6869037.450656 18.000000
320000 656850.021336 6868999.281796 656855.020768 6868999.357149 656854.670974 6869022.564838 656849.671542 6869022.489485 656850.021336 6868999.281796 6.000000
320000 656868.092887 6869037.006758 656868.017534 6869042.006190 656859.230526 6869041.873750 656859.305879 6869036.874317 656868.092887 6869037.006758 6.000000
325000 656870.918728 6869032.732061 656870.768022 6869042.730926 656849.771283 6869042.414456 656849.921989 6869032.415592 656870.918728 6869032.732061 18.000000
330000 656861.213165 6868981.142771 656871.212029 6868981.293477 656870.472273 6869030.373922 656860.473409 6869030.223215 656861.213165 6868981.142771 18.000000
335000 656851.396913 6869002.839645 656861.395777 6869002.990352 656860.740111 6869046.491706 656850.741246 6869046.341000 656851.396913 6869002.839645 18.000000
340000 656857.015950 6869001.792216 656867.014814 6869001.942922 656866.370603 6869044.684248 656856.371739 6869044.533542 656857.015950 6869001.792216 18.000000
345000 656861.192973 6868989.148233 656861.117620 6868994.147665 656849.669466 6868993.975115 656849.744819 6868988.975683 656861.192973 6868989.148233 6.000000
345000 656871.767842 6869008.933256 656871.692489 6869013.932688 656857.816102 6869013.723539 656857.891455 6869008.724107 656871.767842 6869008.933256 6.000000
345000 656871.395002 6869041.063858 656871.319649 6869046.063290 656864.922936 6869045.966877 656864.998289 6869040.967445 656871.395002 6869041.063858 6.000000
345000 656849.491572 6869031.342979 656854.491005 6869031.418332 656854.242687 6869047.893415 656849.243255 6869047.818062 656849.491572 6869031.342979 6.000000
345000 656850.269367 6869009.539828 656855.268800 6869009.615181 656855.065608 6869023.096319 656850.066175 6869023.020966 656850.269367 6869009.539828 6.000000
350000 656849.632694 6868999.821130 656859.631559 6868999.971836 656858.931411 6869046.424380 656848.932547 6869046.273674 656849.632694 6868999.821130 18.000000
355000 656867.103840 6868985.684032 656872.103272 6868985.759385 656871.801569 6869005.776409 656866.802137 6869005.701056 656867.103840 6868985.684032 6.000000
355000 656853.393140 6869014.251361 656858.392572 6869014.326714 656858.128875 6869031.822190 656853.129443 6869031.746837 656853.393140 6869014.251361 6.000000
360000 656861.668661 6868978.955086 656871.667526 6868979.105792 656871.255384 6869006.450081 656861.256519 6869006.299375 656861.668661 6868978.955086 18.000000
365000 656866.839022 6869003.095297 656871.838454 6869003.170650 656871.494204 6869026.010502 656866.494772 6869025.935149 656866.839022 6869003.095297 6.000000
365000 656855.762777 6869037.408627 656855.687424 6869042.408059 656849.036576 6869042.307816 656849.111929 6869037.308383 656855.762777 6869037.408627 6.000000
365000 656849.571616 6868987.075483 656854.571048 6868987.150836 656854.307494 6869004.636805 656849.308062 6869004.561452 656849.571616 6868987.075483 6.000000
370000 656859.658393 6868980.834364 656869.657257 6868980.985070 656868.911077 6869030.491768 656858.912212 6869030.341061 656859.658393 6868980.834364 18.000000
375000 656862.253127 6868976.677364 656872.251991 6868976.828070 656871.519627 6869025.418113 656861.520762 6869025.267407 656862.253127 6868976.677364 18.000000
375000 656854.469995 6869003.729663 656854.394642 6869008.729095 656849.183998 6869008.650558 656849.259351 6869003.651126 656854.469995 6869003.729663 6.000000
380000 656849.518882 6869000.721265 656854.518314 6869000.796618 656854.285250 6869016.259656 656849.285818 6869016.184303 656849.518882 6869000.721265 6.000000
380000 656854.058761 6869022.694250 656853.983408 6869027.693682 656848.906850 6869027.617167 656848.982203 6869022.617735 656854.058761 6869022.694250 6.000000
380000 656865.513621 6868994.440184 656870.513053 6868994.515537 656870.270497 6869010.608328 656865.271065 6869010.532975 656865.513621 6868994.440184 6.000000
380000 656864.105919 6869019.521346 656869.105351 6869019.596699 656868.866450 6869035.447046 656863.867017 6869035.371693 656864.105919 6869019.521346 6.000000
385000 656854.029773 6868977.239395 656864.028638 6868977.390101 656863.304450 6869025.437616 656853.305586 6869025.286910 656854.029773 6868977.239395 18.000000
390000 656870.248631 6868984.829398 656870.097925 6868994.828262 656849.330808 6868994.515253 656849.481514 6868984.516389 656870.248631 6868984.829398 18.000000
390000 656858.019133 6869006.729466 656868.017997 6869006.880172 656867.372175 6869049.728397 656857.373311 6869049.577691 656858.019133 6869006.729466 18.000000
395000 656850.324340 6868993.750943 656860.323204 6868993.901649 656859.606718 6869041.438233 656849.607853 6869041.287527 656850.324340 6868993.750943 18.000000
400000 656869.311080 6868999.925565 656869.160373 6869009.924430 656849.951748 6869009.634911 656850.102454 6868999.636047 656869.311080 6868999.925565 18.000000
405000 656871.865159 6868990.195298 656871.714453 6869000.194162 656851.495488 6868999.889416 656851.646194 6868989.890551 656871.865159 6868990.195298 18.000000
405000 656871.787669 6869033.804694 656871.712316 6869038.804127 656855.954779 6869038.566624 656856.030132 6869033.567192 656871.787669 6869033.804694 6.000000
410000 656866.452035 6869022.405743 656871.451468 6869022.481096 656871.278274 6869033.971963 656866.278841 6869033.896610 656866.452035 6869022.405743 6.000000
415000 656870.742552 6869023.627443 656870.591846 6869033.626308 656849.839885 6869033.313528 656849.990592 6869023.314663 656870.742552 6869023.627443 18.000000
415000 656861.279747 6868977.712142 656871.278611 6868977.862848 656870.735881 6869013.871280 656860.737016 6869013.720574 656861.279747 6868977.712142 18.000000
420000 656871.971529 6868983.421846 656871.820823 6868993.420710 656850.119316 6868993.093618 656850.270022 6868983.094754 656871.971529 6868983.421846 18.000000
420000 656870.547396 6869014.539607 656870.396690 6869024.538471 656850.408650 6869024.237205 656850.559357 6869014.238341 656870.547396 6869014.539607 18.000000
425000 656854.336525 6868997.086124 656864.335389 6868997.236830 656863.598042 6869046.157422 656853.599178 6869046.006716 656854.336525 6868997.086124 18.000000
430000 656852.927646 6869003.762840 656862.926510 6869003.913546 656862.358338 6869041.609973 656852.359473 6869041.459267 656852.927646 6869003.762840 18.000000
430000 656871.849885 6868990.693585 656871.699179 6869000.692449 656849.388801 6869000.356180 656849.539507 6868990.357316 656871.849885 6868990.693585 18.000000
435000 656870.235109 6868988.693738 656870.084403 6868998.692603 656851.196655 6868998.407921 656851.347361 6868988.409056 656870.235109 6868988.693738 18.000000
435000 656866.700071 6869020.178175 656871.699503 6869020.253528 656871.333720 6869044.522055 656866.334288 6869044.446702 656866.700071 6869020.178175 6.000000
440000 656849.618935 6868991.089231 656859.617799 6868991.239937 656859.086421 6869026.495155 656849.087557 6869026.344449 656849.618935 6868991.089231 18.000000
445000 656871.918458 6868980.245727 656871.767752 6868990.244592 656851.224583 6868989.934958 656851.375289 6868979.936094 656871.918458 6868980.245727 18.000000
445000 656853.487111 6868996.187199 656863.485975 6868996.337905 656862.937892 6869032.701466 656852.939027 6869032.550760 656853.487111 6868996.187199 18.000000
450000 656851.622782 6868999.492770 656861.621646 6868999.643476 656860.909834 6869046.869965 656850.910969 6869046.719259 656851.622782 6868999.492770 18.000000
455000 656853.301686 6868987.661107 656863.300550 6868987.811813 656862.597781 6869034.438266 656852.598917 6869034.287560 656853.301686 6868987.661107 18.000000
460000 656869.035762 6869036.808786 656868.885056 6869046.807651 656850.456210 6869046.529885 656850.606916 6869036.531021 656869.035762 6869036.808786 18.000000
460000 656866.781976 6868999.274268 656871.781409 6868999.349621 656871.702969 6869004.553820 656866.703537 6869004.478467 656866.781976 6868999.274268 6.000000
465000 656866.879409 6869004.906778 656871.878841 6869004.982131 656871.617070 6869022.349854 656866.617637 6869022.274501 656866.879409 6869004.906778 6.000000
465000 656871.616161 6869032.275768 656871.540808 6869037.275200 656861.274288 6869037.120460 656861.349641 6869032.121028 656871.616161 6869032.275768 6.000000
470000 656860.614642 6868987.768949 656870.613507 6868987.919655 656869.874037 6869036.981069 656859.875173 6869036.830363 656860.614642 6868987.768949 18.000000
475000 656854.564134 6868994.494460 656864.562999 6868994.645166 656863.922039 6869037.170793 656853.923175 6869037.020087 656854.564134 6868994.494460 18.000000
480000 656870.748482 6869028.342599 656870.597776 6869038.341463 656848.985187 6869038.015711 656849.135893 6869028.016847 656870.748482 6869028.342599 18.000000
480000 656871.627360 6869006.206862 656871.476654 6869016.205726 656849.287843 6869015.871289 656849.438549 6869005.872425 656871.627360 6869006.206862 18.000000
485000 656866.714517 6869018.360792 656871.713949 6869018.436145 656871.375428 6869040.895928 656866.375996 6869040.820575 656866.714517 6869018.360792 6.000000
485000 656849.340242 6869009.262901 656854.339675 6869009.338254 656854.172692 6869020.417008 656849.173260 6869020.341655 656849.340242 6869009.262901 6.000000
490000 656853.687970 6868982.815966 656863.686834 6868982.966672 656863.101132 6869021.826089 656853.102268 6869021.675383 656853.687970 6868982.815966 18.000000
495000 656858.294335 6868991.864442 656868.293200 6868992.015148 656867.551239 6869041.241845 656857.552375 6869041.091139 656858.294335 6868991.864442 18.000000
500000 656857.047406 6868995.709914 656867.046271 6868995.860620 656866.296965 6869045.574668 656856.298101 6869045.423962 656857.047406 6868995.709914 18.000000
505000 656855.550816 6868997.454681 656865.549680 6868997.605387 656864.819412 6869046.056348 656854.820548 6869045.905642 656855.550816 6868997.454681 18.000000
510000 656871.636210 6868977.322957 656871.485504 6868987.321822 656849.459704 6868986.989842 656849.610410 6868976.990977 656871.636210 6868977.322957 18.000000
510000 656851.345710 6869004.067068 656861.344574 6869004.217775 656860.829977 6869038.359659 656850.831112 6869038.208953 656851.345710 6869004.067068 18.000000
510000 656866.862359 6869025.405835 656871.861791 6869025.481188 656871.754531 6869032.597591 656866.755099 6869032.522238 656866.862359 6869025.405835 6.000000
515000 656855.166284 6868985.186315 656865.165148 6868985.337021 656864.533919 6869027.217071 656854.535054 6869027.066365 656855.166284 6868985.186315 18.000000
520000 656850.359667 6868980.589093 656860.358531 6868980.739799 656859.642952 6869028.216151 656849.644088 6869028.065445 656850.359667 6868980.589093 18.000000
525000 656851.803218 6868982.655132 656861.802082 6868982.805838 656861.066766 6869031.591678 656851.067902 6869031.440972 656851.803218 6868982.655132 18.000000
530000 656871.381387 6869004.458544 656871.230681 6869014.457408 656850.294836 6869014.141856 656850.445542 6869004.142992 656871.381387 6869004.458544 18.000000
530000 656870.204863 6869035.762058 656870.054157 6869045.760922 656848.882860 6869045.441822 656849.033566 6869035.442958 656870.204863 6869035.762058 18.000000
530000 656871.302774 6868979.683856 656871.152068 6868989.682720 656850.774425 6868989.375582 656850.925131 6868979.376718 656871.302774 6868979.683856 18.000000
535000 656858.319019 6869020.176028 656868.317883 6869020.326734 656867.890250 6869048.698809 656857.891386 6869048.548103 656858.319019 6869020.176028 18.000000
535000 656865.873522 6868979.610894 656870.872954 6868979.686247 656870.704383 6868990.870445 656865.704950 6868990.795092 656865.873522 6868979.610894 6.000000
540000 656853.243177 6868982.574774 656863.242041 6868982.725480 656862.508891 6869031.367616 656852.510027 6869031.216910 656853.243177 6868982.574774 18.000000
545000 656857.050532 6868994.498951 656867.049396 6868994.649657 656866.332507 6869042.212952 656856.333643 6869042.062246 656857.050532 6868994.498951 18.000000
550000 656859.558576 6869002.476203 656869.557440 6869002.626909 656868.862046 6869048.764069 656858.863182 6869048.613363 656859.558576 6869002.476203 18.000000
555000 656857.394071 6868997.653548 656867.392936 6868997.804254 656866.705702 6869043.399994 656856.706838 6869043.249288 656857.394071 6868997.653548 18.000000
560000 656857.987814 6868997.558154 656867.986678 6868997.708860 656867.396951 6869036.835364 656857.398086 6869036.684658 656857.987814 6868997.558154 18.000000
565000 656860.609710 6868977.360621 656870.608574 6868977.511327 656870.046338 6869014.813871 656860.047474 6869014.663165 656860.609710 6868977.360621 18.000000
570000 656858.157165 6868980.137931 656868.156029 6868980.288637 656867.556813 6869020.044682 656857.557949 6869019.893976 656858.157165 6868980.137931 18.000000
570000 656871.644129 6869039.341298 656871.568776 6869044.340730 656864.027324 6869044.227063 656864.102677 6869039.227631 656871.644129 6869039.341298 6.000000
575000 656851.734672 6869011.215815 656861.733536 6869011.366521 656861.207785 6869046.248417 656851.208921 6869046.097711 656851.734672 6869011.215815 18.000000
575000 656871.839136 6868979.551285 656871.688430 6868989.550150 656851.802534 6868989.250423 656851.953240 6868979.251559 656871.839136 6868979.551285 18.000000
580000 656856.178179 6869000.935082 656866.177044 6869001.085788 656865.450677 6869049.277899 656855.451812 6869049.127193 656856.178179 6869000.935082 18.000000
585000 656867.213782 6868979.957998 656872.213215 6868980.033351 656871.871067 6869002.733763 656866.871635 6869002.658410 656867.213782 6868979.957998 6.000000
585000 656849.225346 6869001.948530 656854.224778 6869002.023883 656854.086518 6869011.197007 656849.087086 6869011.121654 656849.225346 6869001.948530 6.000000
585000 656861.758932 6869038.635208 656861.683579 6869043.634640 656848.818652 6869043.440736 656848.894006 6869038.441304 656861.758932 6869038.635208 6.000000
585000 656869.907055 6869020.630431 656869.831702 6869025.629863 656855.312540 6869025.411026 656855.387893 6869020.411593 656869.907055 6869020.630431 6.000000
590000 656859.043426 6868980.700979 656869.042290 6868980.851685 656868.386252 6869024.377689 656858.387388 6869024.226983 656859.043426 6868980.700979 18.000000
595000 656856.505705 6868988.316402 656866.504570 6868988.467108 656865.761814 6869037.746575 656855.762949 6869037.595869 656856.505705 6868988.316402 18.000000
600000 656851.062285 6868991.763910 656861.061149 6868991.914616 656860.347612 6869039.255547 656850.348747 6869039.104841 656851.062285 6868991.763910 18.000000
605000 656855.861937 6869000.060826 656865.860801 6869000.211532 656865.144275 6869047.750767 656855.145411 6869047.600061 656855.861937 6869000.060826 18.000000
610000 656849.136628 6869023.892967 656854.136060 6869023.968320 656853.851752 6869042.831258 656848.852320 6869042.755905 656849.136628 6869023.892967 6.000000
610000 656872.089599 6868984.273755 656871.938893 6868994.272619 656851.527233 6868993.964968 656851.677939 6868983.966104 656872.089599 6868984.273755 18.000000
610000 656866.833771 6869014.139487 656871.833203 6869014.214840 656871.477122 6869037.839702 656866.477690 6869037.764348 656866.833771 6869014.139487 6.000000
615000 656849.136628 6869023.892967 656854.136060 6869023.968320 656853.851752 6869042.831258 656848.852320 6869042.755905 656849.136628 6869023.892967 6.000000
615000 656872.089599 6868984.273755 656871.938893 6868994.272619 656851.527233 6868993.964968 656851.677939 6868983.966104 656872.089599 6868984.273755 18.000000
615000 656866.833771 6869014.139487 656871.833203 6869014.214840 656871.477122 6869037.839702 656866.477690 6869037.764348 656866.833771 6869014.139487 6.000000
620000 656853.862452 6868983.384783 656863.861317 6868983.535490 656863.164995 6869029.734195 656853.166131 6869029.583489 656853.862452 6868983.384783 18.000000
625000 656870.331541 6869038.661665 656870.180835 6869048.660530 656849.600920 6869048.350343 656849.751626 6869038.351478 656870.331541 6869038.661665 18.000000
625000 656870.539276 6868995.681343 656870.388570 6869005.680208 656850.841830 6869005.385593 656850.992536 6868995.386729 656870.539276 6868995.681343 18.000000
625000 656870.059335 6869022.292790 656869.908629 6869032.291654 656849.304287 6869031.981099 656849.454993 6869021.982235 656870.059335 6869022.292790 18.000000
630000 656870.331541 6869038.661665 656870.180835 6869048.660530 656849.600920 6869048.350343 656849.751626 6869038.351478 656870.331541 6869038.661665 18.000000
630000 656849.272026 6868996.246113 656854.271458 6868996.321466 656853.974598 6869016.017234 656848.975165 6869015.941881 656849.272026 6868996.246113 6.000000
635000 656849.824765 6868993.358423 656854.824198 6868993.433776 656854.471200 6869016.854065 656849.471767 6869016.778712 656849.824765 6868993.358423 6.000000
635000 656871.196516 6869039.629472 656871.045810 6869049.628336 656848.913546 6869049.294752 656849.064252 6869039.295887 656871.196516 6869039.629472 18.000000
640000 656871.610123 6869038.088186 656871.459417 6869048.087050 656849.016565 6869047.748785 656849.167271 6869037.749920 656871.610123 6869038.088186 18.000000
640000 656861.273849 6868992.104239 656871.272713 6868992.254945 656870.797520 6869023.782473 656860.798656 6869023.631767 656861.273849 6868992.104239 18.000000
645000 656850.193643 6868992.076378 656860.192507 6868992.227084 656859.863680 6869014.043703 656849.864816 6869013.892997 656850.193643 6868992.076378 18.000000
645000 656871.790424 6869038.699102 656871.715071 6869043.698535 656863.433680 6869043.573715 656863.509033 6869038.574283 656871.790424 6869038.699102 6.000000
650000 656849.409653 6868999.878277 656854.409085 6868999.953630 656854.137373 6869017.980813 656849.137941 6869017.905460 656849.409653 6868999.878277 6.000000
655000 656852.058991 6868998.582426 656862.057855 6868998.733132 656861.308139 6869048.474400 656851.309274 6869048.323694 656852.058991 6868998.582426 18.000000
660000 656850.652186 6869000.298985 656860.651050 6869000.449691 656859.931226 6869048.207724 656849.932361 6869048.057018 656850.652186 6869000.298985 18.000000
660000 656870.512965 6868981.104465 656870.362259 6868991.103329 656849.498207 6868990.788860 656849.648913 6868980.789995 656870.512965 6868981.104465 18.000000
665000 656850.661694 6868987.600088 656860.660559 6868987.750794 656859.992388 6869032.081798 656849.993523 6869031.931091 656850.661694 6868987.600088 18.000000
670000 656854.128703 6868997.177994 656864.127567 6868997.328700 656863.387970 6869046.398597 656853.389106 6869046.247891 656854.128703 6868997.177994 18.000000
670000 656871.152670 6868981.277816 656871.001964 6868991.276680 656849.674622 6868990.955228 656849.825328 6868980.956363 656871.152670 6868981.277816 18.000000
675000 656854.128703 6868997.177994 656864.127567 6868997.328700 656863.387970 6869046.398597 656853.389106 6869046.247891 656854.128703 6868997.177994 18.000000
675000 656871.152670 6868981.277816 656871.001964 6868991.276680 656849.674622 6868990.955228 656849.825328 6868980.956363 656871.152670 6868981.277816 18.000000
680000 656871.874275 6868979.518043 656871.723568 6868989.516907 656849.631861 6868989.183934 656849.782567 6868979.185069 656871.874275 6868979.518043 18.000000
680000 656856.961989 6868994.214375 656866.960854 6868994.365081 656866.266837 6869040.410848 656856.267973 6869040.260142 656856.961989 6868994.214375 18.000000
685000 656871.874275 6868979.518043 656871.723568 6868989.516907 656849.631861 6868989.183934 656849.782567 6868979.185069 656871.874275 6868979.518043 18.000000
685000 656871.494063 6869001.672393 656871.343357 6869011.671257 656850.137912 6869011.351642 656850.288618 6869001.352778 656871.494063 6869001.672393 18.000000
690000 656871.874275 6868979.518043 656871.723568 6868989.516907 656849.631861 6868989.183934 656849.782567 6868979.185069 656871.874275 6868979.518043 18.000000
690000 656871.494063 6869001.672393 656871.343357 6869011.671257 656850.137912 6869011.351642 656850.288618 6869001.352778 656871.494063 6869001.672393 18.000000
690000 656871.261801 6869020.790738 656871.111095 6869030.789602 656850.059355 6869030.472304 656850.210061 6869020.473439 656871.261801 6869020.790738 18.000000
692440 656871.874275 6868979.518043 656871.723568 6868989.516907 656849.631861 6868989.183934 656849.782567 6868979.185069 656871.874275 6868979.518043 18.000000
692440 656871.374936 6869029.838318 656871.224230 6869039.837183 656849.514709 6869039.509970 656849.665415 6869029.511106 656871.374936 6869029.838318 18.000000
692440 656872.123016 6868995.355185 656871.972310 6869005.354050 656849.120607 6869005.009621 656849.271313 6868995.010757 656872.123016 6868995.355185 18.000000
692440 656869.647464 6869013.814718 656869.496757 6869023.813582 656849.199578 6869023.507656 656849.350284 6869013.508792 656869.647464 6869013.814718 18.000000
