5000 656849.403298 6869011.548994 656859.402162 6869011.699700 656858.982884 6869039.517480 656848.984020 6869039.366774 656849.403298 6869011.548994 18.000000
10000 656866.871942 6869021.547432 656871.871374 6869021.622785 656871.706276 6869032.576523 656866.706844 6869032.501170 656866.871942 6869021.547432 6.000000
10000 656871.799486 6869002.870057 656871.724133 6869007.869489 656858.866413 6869007.675693 656858.941766 6869002.676261 656871.799486 6869002.870057 6.000000
10000 656849.716963 6869016.375400 656854.716395 6869016.450753 656854.443428 6869034.561233 656849.443996 6869034.485880 656849.716963 6869016.375400 6.000000
15000 656856.160528 6868985.311061 656866.159392 6868985.461767 656865.643813 6869019.668813 656855.644949 6869019.518107 656856.160528 6868985.311061 18.000000
20000 656856.744612 6868990.473160 656866.743476 6868990.623866 656866.113905 6869032.393904 656856.115041 6869032.243198 656856.744612 6868990.473160 18.000000
25000 656856.239728 6869001.662025 656866.238592 6869001.812731 656865.560905 6869046.775075 656855.562041 6869046.624369 656856.239728 6869001.662025 18.000000
30000 656849.337418 6869001.872304 656854.336850 6869001.947657 656854.024691 6869022.658436 656849.025259 6869022.583083 656849.337418 6869001.872304 6.000000
35000 656865.646766 6868986.896031 656865.571413 6868991.895463 656849.781709 6868991.657476 656849.857062 6868986.658044 656865.646766 6868986.896031 6.000000
35000 656857.940898 6869004.241713 656857.865544 6869009.241146 656849.065894 6869009.108514 656849.141247 6869004.109082 656857.940898 6869004.241713 6.000000
40000 656854.546496 6868985.558503 656864.545360 6868985.709209 656863.880211 6869029.839730 656853.881347 6869029.689023 656854.546496 6868985.558503 18.000000
45000 656867.157470 6868984.935101 656872.156903 6868985.010454 656871.815206 6869007.680931 656866.815774 6869007.605578 656867.157470 6868984.935101 6.000000
45000 656871.649727 6868976.865291 656871.574374 6868981.864723 656857.012869 6868981.645247 656857.088222 6868976.645815 656871.649727 6868976.865291 6.000000
45000 656856.510893 6869017.186365 656861.510325 6869017.261718 656861.204784 6869037.533419 656856.205352 6869037.458066 656856.510893 6869017.186365 6.000000
45000 656850.253473 6869012.014480 656855.252905 6869012.089833 656854.996540 6869029.098878 656849.997107 6869029.023525 656850.253473 6869012.014480 6.000000
50000 656855.234965 6869013.757621 656855.159612 6869018.757053 656849.448067 6869018.670967 656849.523420 6869013.671535 656855.234965 6869013.757621 6.000000
50000 656859.937609 6868997.111632 656869.936473 6868997.262338 656869.220911 6869044.737606 656859.222047 6869044.586900 656859.937609 6868997.111632 18.000000
55000 656865.890543 6869023.774494 656870.889975 6869023.849847 656870.797077 6869030.013352 656865.797645 6869029.937999 656865.890543 6869023.774494 6.000000
55000 656871.617628 6868990.891044 656871.542275 6868995.890476 656861.618418 6868995.740901 656861.693771 6868990.741468 656871.617628 6868990.891044 6.000000
55000 656865.562772 6869038.663905 656865.487419 6869043.663337 656852.624592 6869043.469464 656852.699945 6869038.470032 656865.562772 6869038.663905 6.000000
60000 656855.486496 6868977.721215 656865.485360 6868977.871921 656864.900838 6869016.653057 656854.901974 6869016.502351 656855.486496 6868977.721215 18.000000
60000 656871.132675 6869020.238279 656870.981969 6869030.237144 656850.245850 6869029.924602 656850.396556 6869019.925738 656871.132675 6869020.238279 18.000000
65000 656867.775725 6869028.588511 656867.700372 6869033.587943 656858.345049 6869033.446937 656858.420402 6869028.447505 656867.775725 6869028.588511 6.000000
70000 656871.648100 6869038.596050 656871.497394 6869048.594914 656850.704921 6869048.281524 656850.855627 6869038.282659 656871.648100 6869038.596050 18.000000
70000 656849.591602 6868982.770551 656854.591034 6868982.845904 656854.427747 6868993.679454 656849.428315 6868993.604101 656849.591602 6868982.770551 6.000000
75000 656852.304731 6868981.843598 656862.303596 6868981.994304 656861.821854 6869013.956348 656851.822989 6869013.805642 656852.304731 6868981.843598 18.000000
80000 656854.602462 6869011.436755 656864.601326 6869011.587461 656864.118860 6869043.597546 656854.119995 6869043.446840 656854.602462 6869011.436755 18.000000
85000 656863.125501 6868987.151259 656863.050148 6868992.150691 656849.295143 6868991.943371 656849.370496 6868986.943939 656863.125501 6868987.151259 6.000000
90000 656866.803683 6869029.948354 656871.803116 6869030.023707 656871.521544 6869048.705107 656866.522111 6869048.629754 656866.803683 6869029.948354 6.000000
95000 656857.249407 6869006.971247 656867.248272 6869007.121953 656866.757057 6869039.712469 656856.758193 6869039.561763 656857.249407 6869006.971247 18.000000
100000 656856.796586 6869006.367971 656856.721233 6869011.367403 656849.009487 6869011.251169 656849.084840 6869006.251737 656856.796586 6869006.367971 6.000000
100000 656867.018483 6868990.234106 656872.017916 6868990.309459 656871.926391 6868996.381820 656866.926959 6868996.306467 656867.018483 6868990.234106 6.000000
100000 656859.029795 6868982.368840 656858.954442 6868987.368272 656851.501723 6868987.255942 656851.577076 6868982.256510 656859.029795 6868982.368840 6.000000
115000 656860.425063 6868993.527806 656870.423927 6868993.678512 656869.781732 6869036.286094 656859.782868 6869036.135388 656860.425063 6868993.527806 18.000000
120000 656867.127212 6868981.463921 656872.126644 6868981.539274 656871.862740 6868999.048498 656866.863307 6868998.973145 656867.127212 6868981.463921 6.000000
120000 656870.998505 6869038.887879 656870.847799 6869048.886743 656849.338582 6869048.562549 656849.489288 6869038.563685 656870.998505 6869038.887879 18.000000
120000 656856.716812 6869006.757622 656856.641459 6869011.757054 656851.063204 6869011.672977 656851.138557 6869006.673545 656856.716812 6869006.757622 6.000000
125000 656857.131727 6868988.192232 656867.130592 6868988.342938 656866.570461 6869025.505788 656856.571597 6869025.355082 656857.131727 6868988.192232 18.000000
125000 656869.349438 6869028.199538 656869.198732 6869038.198402 656850.985242 6869037.923883 656851.135948 6869027.925018 656869.349438 6869028.199538 18.000000
130000 656857.338133 6868983.719660 656857.262780 6868988.719093 656849.330169 6868988.599530 656849.405522 6868983.600098 656857.338133 6868983.719660 6.000000
135000 656853.499122 6869000.515949 656863.497987 6869000.666655 656862.872530 6869042.163692 656852.873666 6869042.012986 656853.499122 6869000.515949 18.000000
140000 656871.973869 6868998.404246 656871.823163 6869008.403110 656849.153892 6869008.061432 656849.304598 6868998.062568 656871.973869 6868998.404246 18.000000
145000 656859.366695 6868997.533183 656869.365560 6868997.683889 656868.836352 6869032.795135 656858.837487 6869032.644429 656859.366695 6868997.533183 18.000000
150000 656858.161330 6869014.470402 656868.160194 6869014.621108 656867.792558 6869039.012554 656857.793694 6869038.861848 656858.161330 6869014.470402 18.000000
155000 656871.751753 6869041.180705 656871.676400 6869046.180137 656859.805986 6869046.001222 656859.881339 6869041.001790 656871.751753 6869041.180705 6.000000
155000 656867.034751 6868991.985988 656872.034183 6868992.061341 656871.693798 6869014.644820 656866.694366 6869014.569467 656867.034751 6868991.985988 6.000000
155000 656870.235790 6869021.395113 656870.160437 6869026.394545 656851.410084 6869026.111934 656851.485437 6869021.112501 656870.235790 6869021.395113 6.000000
160000 656853.672661 6868990.617488 656863.671526 6868990.768194 656863.248243 6869018.851648 656853.249379 6869018.700942 656853.672661 6868990.617488 18.000000
165000 656867.014381 6869006.073282 656872.013813 6869006.148635 656871.888687 6869014.450328 656866.889255 6869014.374975 656867.014381 6869006.073282 6.000000
165000 656867.233325 6869042.890099 656867.157972 6869047.889531 656849.949594 6869047.630161 656850.024947 6869042.630728 656867.233325 6869042.890099 6.000000
170000 656866.692533 6869023.834271 656871.691965 6869023.909624 656871.357393 6869046.107430 656866.357961 6869046.032077 656866.692533 6869023.834271 6.000000
175000 656851.950431 6868982.487550 656861.949296 6868982.638256 656861.421953 6869017.625744 656851.423089 6869017.475037 656851.950431 6868982.487550 18.000000
175000 656862.444655 6869036.225625 656867.444087 6869036.300978 656867.352522 6869042.376040 656862.353090 6869042.300687 656862.444655 6869036.225625 6.000000
180000 656866.246395 6869015.095263 656871.245827 6869015.170616 656870.900078 6869038.109992 656865.900646 6869038.034639 656866.246395 6869015.095263 6.000000
185000 656857.653111 6868996.299173 656867.651975 6868996.449879 656867.166760 6869028.642392 656857.167895 6869028.491685 656857.653111 6868996.299173 18.000000
190000 656855.076337 6868993.607251 656865.075201 6868993.757957 656864.338573 6869042.630857 656854.339709 6869042.480151 656855.076337 6868993.607251 18.000000
195000 656852.552904 6868998.353440 656862.551768 6868998.504146 656862.109657 6869027.836803 656852.110793 6869027.686097 656852.552904 6868998.353440 18.000000
200000 656871.191595 6869004.475107 656871.040889 6869014.473972 656849.878810 6869014.155010 656850.029516 6869004.156146 656871.191595 6869004.475107 18.000000
200000 656849.696066 6869024.122974 656859.694931 6869024.273680 656859.344413 6869047.529375 656849.345549 6869047.378669 656849.696066 6869024.122974 18.000000
205000 656870.468738 6869034.628763 656870.318031 6869044.627627 656848.902183 6869044.304841 656849.052889 6869034.305976 656870.468738 6869034.628763 18.000000
210000 656854.274367 6868999.722561 656864.273231 6868999.873267 656863.614003 6869043.610903 656853.615139 6869043.460197 656854.274367 6868999.722561 18.000000
215000 656858.051987 6869000.278853 656868.050851 6869000.429559 656867.308662 6869049.671447 656857.309797 6869049.520741 656858.051987 6869000.278853 18.000000
220000 656851.669545 6869001.570842 656861.668409 6869001.721548 656861.147123 6869036.307173 656851.148259 6869036.156467 656851.669545 6869001.570842 18.000000
225000 656850.700352 6868994.588434 656860.699216 6868994.739140 656860.285236 6869022.205370 656850.286372 6869022.054664 656850.700352 6868994.588434 18.000000
230000 656871.717006 6869017.893186 656871.641653 6869022.892618 656859.868356 6869022.715167 656859.943709 6869017.715735 656871.717006 6869017.893186 6.000000
235000 656855.042095 6868983.280975 656865.040959 6868983.431681 656864.409729 6869025.311728 656854.410865 6869025.161022 656855.042095 6868983.280975 18.000000
240000 656849.624814 6869022.721260 656854.624246 6869022.796613 656854.303190 6869044.097622 656849.303758 6869044.022269 656849.624814 6869022.721260 6.000000
245000 656851.461554 6868981.292927 656861.460418 6868981.443633 656861.018548 6869010.760305 656851.019684 6869010.609599 656851.461554 6868981.292927 18.000000
250000 656866.614358 6869023.740758 656871.613790 6869023.816111 656871.512288 6869030.550453 656866.512856 6869030.475100 656866.614358 6869023.740758 6.000000
255000 656855.141991 6868978.000559 656865.140856 6868978.151265 656864.686418 6869008.301746 656854.687554 6869008.151040 656855.141991 6868978.000559 18.000000
260000 656859.093485 6868983.421466 656869.092350 6868983.572172 656868.476297 6869024.445262 656858.477433 6869024.294556 656859.093485 6868983.421466 18.000000
260000 656870.893804 6869037.044066 656870.743098 6869047.042930 656849.600798 6869046.724267 656849.751504 6869036.725402 656870.893804 6869037.044066 18.000000
265000 656870.893804 6869037.044066 656870.743098 6869047.042930 656849.600798 6869046.724267 656849.751504 6869036.725402 656870.893804 6869037.044066 18.000000
265000 656857.685315 6868985.497622 656867.684179 6868985.648328 656866.986280 6869031.951653 656856.987416 6869031.800947 656857.685315 6868985.497622 18.000000
270000 656870.893804 6869037.044066 656870.743098 6869047.042930 656849.600798 6869046.724267 656849.751504 6869036.725402 656870.893804 6869037.044066 18.000000
270000 656863.155604 6868992.628666 656863.080251 6868997.628098 656849.248250 6868997.419618 656849.323603 6868992.420185 656863.155604 6868992.628666 6.000000
275000 656851.779344 6868992.604037 656861.778208 6868992.754743 656861.028861 6869042.471534 656851.029997 6869042.320828 656851.779344 6868992.604037 18.000000
280000 656854.179629 6868989.867390 656864.178493 6868990.018096 656863.457750 6869037.837076 656853.458886 6869037.686370 656854.179629 6868989.867390 18.000000
285000 656869.520596 6868989.317560 656869.445243 6868994.316992 656855.138552 6868994.101358 656855.213905 6868989.101925 656869.520596 6868989.317560 6.000000
285000 656867.332326 6869011.340555 656867.256973 6869016.339987 656859.365297 6869016.221041 656859.440650 6869011.221609 656867.332326 6869011.340555 6.000000
290000 656854.977332 6868989.905958 656864.976196 6868990.056665 656864.290519 6869035.549145 656854.291655 6869035.398439 656854.977332 6868989.905958 18.000000
295000 656853.631279 6868995.098259 656863.630144 6868995.248965 656862.882358 6869044.862156 656852.883494 6869044.711450 656853.631279 6868995.098259 18.000000
295000 656871.465955 6868977.537411 656871.315249 6868987.536276 656849.489404 6868987.207310 656849.640110 6868977.208445 656871.465955 6868977.537411 18.000000
300000 656854.213116 6868982.161564 656864.211981 6868982.312270 656863.531568 6869027.455477 656853.532704 6869027.304771 656854.213116 6868982.161564 18.000000
305000 656852.269997 6868999.102657 656862.268861 6868999.253363 656861.583443 6869044.728635 656851.584579 6869044.577929 656852.269997 6868999.102657 18.000000
310000 656851.714932 6868992.479459 656861.713796 6868992.630165 656860.983012 6869041.115370 656850.984148 6869040.964664 656851.714932 6868992.479459 18.000000
315000 656849.994054 6869002.336737 656859.992918 6869002.487443 656859.351491 6869045.044063 656849.352627 6869044.893357 656849.994054 6869002.336737 18.000000
320000 656857.551445 6869006.549643 656867.550309 6869006.700349 656866.926113 6869048.113748 656856.927249 6869047.963042 656857.551445 6869006.549643 18.000000
325000 656855.693441 6868986.317004 656865.692305 6868986.467710 656865.171725 6869021.006578 656855.172860 6869020.855872 656855.693441 6868986.317004 18.000000
330000 656861.254802 6868990.967444 656871.253666 6868991.118150 656870.578573 6869035.908409 656860.579708 6869035.757702 656861.254802 6868990.967444 18.000000
335000 656870.766651 6868980.161360 656870.615945 6868990.160224 656850.226283 6868989.852905 656850.376989 6868979.854040 656870.766651 6868980.161360 18.000000
335000 656852.288633 6868998.321139 656862.287498 6868998.471845 656861.603579 6869043.847627 656851.604715 6869043.696921 656852.288633 6868998.321139 18.000000
340000 656871.190653 6869038.977058 656871.115300 6869043.976490 656849.040662 6869043.643774 656849.116015 6869038.644342 656871.190653 6869038.977058 6.000000
340000 656866.801421 6869001.713141 656871.800853 6869001.788494 656871.430273 6869026.375312 656866.430841 6869026.299959 656866.801421 6869001.713141 6.000000
345000 656855.403482 6868987.618455 656865.402347 6868987.769161 656864.700784 6869034.315570 656854.701920 6869034.164864 656855.403482 6868987.618455 18.000000
350000 656858.549178 6868984.587697 656868.548043 6868984.738403 656867.829143 6869032.435103 656857.830278 6869032.284397 656858.549178 6868984.587697 18.000000
355000 656854.591551 6869003.513086 656864.590415 6869003.663792 656863.906604 6869049.032493 656853.907739 6869048.881787 656854.591551 6869003.513086 18.000000
355000 656870.980570 6868989.284250 656870.829864 6868999.283114 656850.212729 6868998.972366 656850.363435 6868988.973502 656870.980570 6868989.284250 18.000000
360000 656871.432296 6869037.236018 656871.281590 6869047.234882 656850.217446 6869046.917397 656850.368152 6869036.918533 656871.432296 6869037.236018 18.000000
360000 656866.796822 6869007.630945 656871.796254 6869007.706298 656871.629618 6869018.762074 656866.630186 6869018.686721 656866.796822 6869007.630945 6.000000
360000 656849.506918 6868983.231550 656854.506350 6868983.306904 656854.286320 6868997.905215 656849.286888 6868997.829862 656849.506918 6868983.231550 6.000000
365000 656855.774977 6868980.294389 656865.773842 6868980.445096 656865.099136 6869025.209676 656855.100271 6869025.058970 656855.774977 6868980.294389 18.000000
365000 656861.436956 6868985.865542 656871.435820 6868986.016248 656870.735335 6869032.491227 656860.736470 6869032.340520 656861.436956 6868985.865542 18.000000
370000 656871.713018 6869006.028627 656871.562312 6869016.027492 656849.409507 6869015.693597 656849.560213 6869005.694733 656871.713018 6869006.028627 18.000000
370000 656871.561380 6869038.376562 656871.410673 6869048.375426 656848.918109 6869048.036411 656849.068815 6869038.037547 656871.561380 6869038.376562 18.000000
375000 656859.981974 6869024.385594 656859.906621 6869029.385026 656849.066692 6869029.221644 656849.142045 6869024.222211 656859.981974 6869024.385594 6.000000
375000 656866.490552 6869032.950844 656871.489984 6869033.026197 656871.268364 6869047.729981 656866.268932 6869047.654628 656866.490552 6869032.950844 6.000000
380000 656859.684113 6868990.212874 656869.682978 6868990.363580 656868.959443 6869038.367766 656858.960579 6869038.217060 656859.684113 6868990.212874 18.000000
385000 656849.459829 6869020.785800 656854.459261 6869020.861153 656854.224416 6869036.442340 656849.224984 6869036.366987 656849.459829 6869020.785800 6.000000
390000 656849.203268 6869010.787901 656854.202701 6869010.863254 656853.973454 6869026.073054 656848.974021 6869025.997701 656849.203268 6869010.787901 6.000000
390000 656866.876987 6868981.374626 656871.876419 6868981.449979 656871.596643 6869000.012188 656866.597211 6868999.936835 656866.876987 6868981.374626 6.000000
395000 656866.737812 6869029.650235 656871.737244 6869029.725588 656871.636962 6869036.378971 656866.637530 6869036.303618 656866.737812 6869029.650235 6.000000
395000 656871.168682 6868984.273676 656871.093329 6868989.273108 656861.912443 6868989.134731 656861.987796 6868984.135298 656871.168682 6868984.273676 6.000000
395000 656866.311698 6868996.071354 656871.311130 6868996.146707 656871.058332 6869012.919088 656866.058900 6869012.843735 656866.311698 6868996.071354 6.000000
400000 656854.886526 6868979.816017 656864.885390 6868979.966723 656864.319935 6869017.482888 656854.321070 6869017.332182 656854.886526 6868979.816017 18.000000
400000 656870.087380 6869038.362309 656869.936674 6869048.361173 656849.576093 6869048.054292 656849.726799 6869038.055428 656870.087380 6869038.362309 18.000000
405000 656862.085132 6868985.276655 656872.083996 6868985.427361 656871.553071 6869020.652542 656861.554207 6869020.501836 656862.085132 6868985.276655 18.000000
410000 656852.348356 6868990.639697 656862.347221 6868990.790403 656861.665650 6869036.010431 656851.666786 6869035.859725 656852.348356 6868990.639697 18.000000
415000 656870.838620 6869037.501990 656870.687914 6869047.500855 656849.046521 6869047.174669 656849.197227 6869037.175804 656870.838620 6869037.501990 18.000000
415000 656858.840851 6868983.280515 656868.839715 6868983.431221 656868.380825 6869013.877092 656858.381961 6869013.726386 656858.840851 6868983.280515 18.000000
420000 656866.709977 6869019.468652 656871.709409 6869019.544005 656871.464919 6869035.765099 656866.465487 6869035.689746 656866.709977 6869019.468652 6.000000
425000 656854.632425 6868990.689386 656864.631289 6868990.840093 656863.922674 6869037.854449 656853.923809 6869037.703742 656854.632425 6868990.689386 18.000000
430000 656871.677625 6869020.261174 656871.526919 6869030.260039 656851.036484 6869029.951200 656851.187190 6869019.952336 656871.677625 6869020.261174 18.000000
430000 656855.495660 6868980.057702 656865.494524 6868980.208408 656865.027214 6869011.212945 656855.028350 6869011.062239 656855.495660 6868980.057702 18.000000
435000 656852.149786 6868987.905520 656862.148651 6868988.056226 656861.417340 6869036.576355 656851.418476 6869036.425649 656852.149786 6868987.905520 18.000000
440000 656850.987754 6868988.243816 656860.986619 6868988.394522 656860.291766 6869034.495769 656850.292902 6869034.345063 656850.987754 6868988.243816 18.000000
445000 656870.784824 6868979.491763 656870.634118 6868989.490627 656849.974727 6868989.179242 656850.125433 6868979.180378 656870.784824 6868979.491763 18.000000
445000 656865.516913 6869014.359819 656865.441560 6869019.359251 656849.294643 6869019.115880 656849.369996 6869014.116447 656865.516913 6869014.359819 6.000000
450000 656855.840279 6868985.188193 656865.839144 6868985.338899 656865.105500 6869034.013800 656855.106636 6869033.863094 656855.840279 6868985.188193 18.000000
455000 656854.537528 6868984.369761 656864.536392 6868984.520467 656863.785265 6869034.355394 656853.786400 6869034.204688 656854.537528 6868984.369761 18.000000
460000 656871.103170 6869039.032071 656870.952464 6869049.030935 656849.238504 6869048.703655 656849.389210 6869038.704791 656871.103170 6869039.032071 18.000000
460000 656871.553529 6869023.371263 656871.402823 6869033.370127 656849.810369 6869033.044679 656849.961076 6869023.045814 656871.553529 6869023.371263 18.000000
465000 656871.103170 6869039.032071 656870.952464 6869049.030935 656849.238504 6869048.703655 656849.389210 6869038.704791 656871.103170 6869039.032071 18.000000
465000 656857.001160 6868986.942742 656867.000024 6868987.093448 656866.387187 6869027.753219 656856.388323 6869027.602513 656857.001160 6868986.942742 18.000000
470000 656850.800192 6868980.135825 656860.799057 6868980.286531 656860.298152 6869013.519955 656850.299288 6869013.369248 656850.800192 6868980.135825 18.000000
470000 656870.652878 6869030.480538 656870.502172 6869040.479403 656850.768492 6869040.181971 656850.919198 6869030.183106 656870.652878 6869030.480538 18.000000
475000 656870.652878 6869030.480538 656870.502172 6869040.479403 656850.768492 6869040.181971 656850.919198 6869030.183106 656870.652878 6869030.480538 18.000000
475000 656849.525202 6868984.797562 656859.524067 6868984.948268 656858.977029 6869021.242469 656848.978165 6869021.091763 656849.525202 6868984.797562 18.000000
480000 656870.300169 6868984.432332 656870.149463 6868994.431196 656849.398297 6868994.118428 656849.549003 6868984.119564 656870.300169 6868984.432332 18.000000
480000 656853.008887 6869001.983369 656863.007751 6869002.134075 656862.409013 6869041.858427 656852.410149 6869041.707721 656853.008887 6869001.983369 18.000000
485000 656859.331933 6868997.173038 656859.256580 6869002.172470 656849.222620 6869002.021235 656849.297973 6868997.021803 656859.331933 6868997.173038 6.000000
485000 656866.045122 6868982.478384 656865.969768 6868987.477816 656849.442401 6868987.228711 656849.517754 6868982.229278 656866.045122 6868982.478384 6.000000
485000 656863.912088 6869015.568232 656863.836735 6869020.567664 656849.214190 6869020.347268 656849.289543 6869015.347836 656863.912088 6869015.568232 6.000000
490000 656866.619224 6869030.635667 656871.618657 6869030.711020 656871.369862 6869047.217776 656866.370429 6869047.142423 656866.619224 6869030.635667 6.000000
490000 656866.679276 6868984.844193 656871.678708 6868984.919547 656871.306156 6869009.637169 656866.306724 6869009.561816 656866.679276 6868984.844193 6.000000
490000 656849.665043 6869023.718775 656854.664475 6869023.794128 656854.335010 6869045.653071 656849.335578 6869045.577718 656849.665043 6869023.718775 6.000000
495000 656856.042476 6868994.831536 656866.041340 6868994.982242 656865.387053 6869038.392091 656855.388189 6869038.241385 656856.042476 6868994.831536 18.000000
500000 656859.703998 6868980.820520 656869.702862 6868980.971226 656868.991811 6869028.147193 656858.992947 6869027.996487 656859.703998 6868980.820520 18.000000
505000 656861.669577 6868990.747941 656871.668441 6868990.898647 656870.948504 6869038.664148 656860.949640 6869038.513442 656861.669577 6868990.747941 18.000000
510000 656849.685395 6868983.103212 656859.684260 6868983.253918 656858.965216 6869030.960181 656848.966351 6869030.809475 656849.685395 6868983.103212 18.000000
515000 656854.749287 6868989.443349 656864.748152 6868989.594055 656864.064816 6869034.931188 656854.065952 6869034.780482 656854.749287 6868989.443349 18.000000
520000 656851.436280 6868988.776195 656861.435145 6868988.926901 656860.718259 6869036.489944 656850.719395 6869036.339238 656851.436280 6868988.776195 18.000000
525000 656851.169556 6868989.757741 656861.168420 6868989.908447 656860.445115 6869037.897387 656850.446251 6869037.746681 656851.169556 6868989.757741 18.000000
530000 656854.252206 6868979.465968 656864.251070 6868979.616674 656863.603852 6869022.557509 656853.604988 6869022.406803 656854.252206 6868979.465968 18.000000
535000 656849.527415 6869000.612567 656854.526848 6869000.687921 656854.288645 6869016.491874 656849.289213 6869016.416521 656849.527415 6869000.612567 6.000000
535000 656866.353985 6869019.447678 656871.353417 6869019.523031 656871.008823 6869042.385764 656866.009391 6869042.310411 656866.353985 6869019.447678 6.000000
540000 656869.685724 6869038.218906 656869.535018 6869048.217770 656849.897189 6869047.921782 656850.047896 6869037.922918 656869.685724 6869038.218906 18.000000
540000 656871.408809 6869002.725106 656871.258103 6869012.723970 656850.112610 6869012.405258 656850.263316 6869002.406394 656871.408809 6869002.725106 18.000000
545000 656849.279134 6869031.560030 656854.278566 6869031.635383 656854.049310 6869046.845799 656849.049878 6869046.770446 656849.279134 6869031.560030 6.000000
545000 656871.832234 6869008.646594 656871.756881 6869013.646026 656858.569720 6869013.447265 656858.645073 6869008.447833 656871.832234 6869008.646594 6.000000
545000 656849.461949 6868989.733503 656854.461381 6868989.808856 656854.261899 6869003.043861 656849.262466 6869002.968508 656849.461949 6868989.733503 6.000000
545000 656867.070645 6868984.245696 656872.070077 6868984.321050 656871.922148 6868994.135659 656866.922716 6868994.060306 656867.070645 6868984.245696 6.000000
550000 656869.996120 6869035.112726 656869.845414 6869045.111590 656849.894772 6869044.810888 656850.045478 6869034.812023 656869.996120 6869035.112726 18.000000
550000 656851.565527 6868983.348964 656861.564391 6868983.499670 656860.944051 6869024.657236 656850.945187 6869024.506530 656851.565527 6868983.348964 18.000000
555000 656869.996120 6869035.112726 656869.845414 6869045.111590 656849.894772 6869044.810888 656850.045478 6869034.812023 656869.996120 6869035.112726 18.000000
555000 656861.623619 6869006.751496 656861.548266 6869011.750928 656849.117042 6869011.563561 656849.192395 6869006.564128 656861.623619 6869006.751496 6.000000
555000 656872.022004 6868995.803572 656871.946651 6869000.803004 656862.139990 6869000.655195 656862.215344 6868995.655762 656872.022004 6868995.803572 6.000000
560000 656851.451026 6868994.534081 656861.449890 6868994.684787 656860.729231 6869042.498195 656850.730367 6869042.347489 656851.451026 6868994.534081 18.000000
565000 656862.191579 6868980.620897 656872.190443 6868980.771603 656871.638053 6869017.420935 656861.639188 6869017.270229 656862.191579 6868980.620897 18.000000
565000 656869.422955 6869036.858385 656869.272249 6869046.857249 656848.801699 6869046.548711 656848.952405 6869036.549847 656869.422955 6869036.858385 18.000000
570000 656854.326053 6868998.978475 656864.324917 6868999.129182 656863.632550 6869045.065521 656853.633685 6869044.914815 656854.326053 6868998.978475 18.000000
575000 656872.074880 6868980.136113 656871.924174 6868990.134978 656849.723973 6868989.800369 656849.874679 6868979.801505 656872.074880 6868980.136113 18.000000
575000 656871.072555 6869032.246411 656870.921849 6869042.245275 656849.474261 6869041.922010 656849.624968 6869031.923146 656871.072555 6869032.246411 18.000000
580000 656849.593731 6868979.194653 656859.592595 6868979.345359 656858.956365 6869021.557183 656848.957501 6869021.406477 656849.593731 6868979.194653 18.000000
580000 656870.445480 6869035.488550 656870.294774 6869045.487414 656848.902855 6869045.164989 656849.053561 6869035.166124 656870.445480 6869035.488550 18.000000
585000 656855.026926 6869004.423138 656865.025790 6869004.573844 656864.363887 6869048.489027 656854.365022 6869048.338321 656855.026926 6869004.423138 18.000000
590000 656869.700085 6869036.788164 656869.549379 6869046.787028 656850.876804 6869046.505589 656851.027510 6869036.506725 656869.700085 6869036.788164 18.000000
590000 656854.132223 6868983.903962 656864.131087 6868984.054668 656863.470074 6869027.910766 656853.471210 6869027.760060 656854.132223 6868983.903962 18.000000
595000 656854.132223 6868983.903962 656864.131087 6868984.054668 656863.470074 6869027.910766 656853.471210 6869027.760060 656854.132223 6868983.903962 18.000000
595000 656871.302248 6869034.265814 656871.151542 6869044.264679 656848.923758 6869043.929654 656849.074464 6869033.930790 656871.302248 6869034.265814 18.000000
600000 656854.132223 6868983.903962 656864.131087 6868984.054668 656863.470074 6869027.910766 656853.471210 6869027.760060 656854.132223 6868983.903962 18.000000
600000 656871.302248 6869034.265814 656871.151542 6869044.264679 656848.923758 6869043.929654 656849.074464 6869033.930790 656871.302248 6869034.265814 18.000000
605000 656854.132223 6868983.903962 656864.131087 6868984.054668 656863.470074 6869027.910766 656853.471210 6869027.760060 656854.132223 6868983.903962 18.000000
605000 656871.302248 6869034.265814 656871.151542 6869044.264679 656848.923758 6869043.929654 656849.074464 6869033.930790 656871.302248 6869034.265814 18.000000
610000 656871.302248 6869034.265814 656871.151542 6869044.264679 656848.923758 6869043.929654 656849.074464 6869033.930790 656871.302248 6869034.265814 18.000000
610000 656853.417973 6868984.014647 656863.416837 6868984.165353 656862.762569 6869027.573975 656852.763704 6869027.423269 656853.417973 6868984.014647 18.000000
615000 656871.302248 6869034.265814 656871.151542 6869044.264679 656848.923758 6869043.929654 656849.074464 6869033.930790 656871.302248 6869034.265814 18.000000
615000 656853.417973 6868984.014647 656863.416837 6868984.165353 656862.762569 6869027.573975 656852.763704 6869027.423269 656853.417973 6868984.014647 18.000000
620000 656871.302248 6869034.265814 656871.151542 6869044.264679 656848.923758 6869043.929654 656849.074464 6869033.930790 656871.302248 6869034.265814 18.000000
620000 656871.047023 6869017.200714 656870.896317 6869027.199579 656850.248229 6869026.888364 656850.398935 6869016.889500 656871.047023 6869017.200714 18.000000
620000 656850.498153 6868978.509614 656855.497586 6868978.584967 656855.290843 6868992.301706 656850.291410 6868992.226353 656850.498153 6868978.509614 6.000000
625000 656871.685992 6869026.873277 656871.535286 6869036.872142 656850.304892 6869036.552150 656850.455598 6869026.553286 656871.685992 6869026.873277 18.000000
625000 656849.795118 6868981.556683 656854.794550 6868981.632036 656854.428702 6869005.904904 656849.429270 6869005.829551 656849.795118 6868981.556683 6.000000
625000 656866.888736 6868986.690390 656871.888169 6868986.765744 656871.563437 6869008.310640 656866.564005 6869008.235287 656866.888736 6868986.690390 6.000000
630000 656866.990813 6868985.334154 656871.990245 6868985.409507 656871.667200 6869006.842497 656866.667768 6869006.767144 656866.990813 6868985.334154 6.000000
630000 656871.782349 6869027.944601 656871.631643 6869037.943465 656851.044087 6869037.633163 656851.194793 6869027.634298 656871.782349 6869027.944601 18.000000
630000 656849.402530 6868985.165484 656854.401962 6868985.240837 656854.053522 6869008.358731 656849.054090 6869008.283377 656849.402530 6868985.165484 6.000000
635000 656866.990813 6868985.334154 656871.990245 6868985.409507 656871.667200 6869006.842497 656866.667768 6869006.767144 656866.990813 6868985.334154 6.000000
635000 656871.782349 6869027.944601 656871.631643 6869037.943465 656851.044087 6869037.633163 656851.194793 6869027.634298 656871.782349 6869027.944601 18.000000
635000 656849.331814 6868984.601506 656854.331246 6868984.676859 656854.203019 6868993.184304 656849.203587 6868993.108951 656849.331814 6868984.601506 6.000000
640000 656861.662367 6868989.408643 656871.661231 6868989.559349 656870.995518 6869033.727251 656860.996654 6869033.576545 656861.662367 6868989.408643 18.000000
645000 656870.248392 6868985.055520 656870.097686 6868995.054385 656851.685575 6868994.776872 656851.836281 6868984.778007 656870.248392 6868985.055520 18.000000
645000 656849.717334 6869001.459436 656859.716199 6869001.610142 656859.260923 6869031.816193 656849.262059 6869031.665487 656849.717334 6869001.459436 18.000000
650000 656870.697382 6869022.516533 656870.546676 6869032.515397 656849.609564 6869032.199826 656849.760270 6869022.200962 656870.697382 6869022.516533 18.000000
650000 656857.360665 6868982.411219 656857.285312 6868987.410651 656849.378259 6868987.291474 656849.453612 6868982.292042 656857.360665 6868982.411219 6.000000
655000 656870.697382 6869022.516533 656870.546676 6869032.515397 656849.609564 6869032.199826 656849.760270 6869022.200962 656870.697382 6869022.516533 18.000000
655000 656859.815816 6868979.499907 656869.814681 6868979.650613 656869.276846 6869015.334208 656859.277982 6869015.183502 656859.815816 6868979.499907 18.000000
660000 656872.101504 6868981.210291 656872.026151 6868986.209723 656856.715378 6868985.978954 656856.790731 6868980.979522 656872.101504 6868981.210291 6.000000
660000 656867.030974 6868994.403113 656872.030407 6868994.478466 656871.713762 6869015.486806 656866.714330 6869015.411453 656867.030974 6868994.403113 6.000000
665000 656849.187910 6869003.912369 656854.187342 6869003.987722 656853.975236 6869018.060246 656848.975804 6869017.984893 656849.187910 6869003.912369 6.000000
665000 656849.405055 6868982.339414 656854.404488 6868982.414767 656854.185580 6868996.938557 656849.186148 6868996.863204 656849.405055 6868982.339414 6.000000
665000 656849.471668 6869024.049175 656854.471100 6869024.124528 656854.145202 6869045.746810 656849.145770 6869045.671456 656849.471668 6869024.049175 6.000000
670000 656869.914240 6869005.569397 656869.763534 6869015.568261 656850.457270 6869015.277271 656850.607976 6869005.278407 656869.914240 6869005.569397 18.000000
675000 656871.750589 6868997.567233 656871.599883 6869007.566097 656851.194364 6869007.258539 656851.345070 6868997.259674 656871.750589 6868997.567233 18.000000
675000 656861.877770 6869021.003155 656871.876634 6869021.153861 656871.492471 6869046.641877 656861.493607 6869046.491171 656861.877770 6869021.003155 18.000000
680000 656850.978554 6868978.590095 656860.977418 6868978.740801 656860.364498 6869019.406089 656850.365634 6869019.255383 656850.978554 6868978.590095 18.000000
680000 656870.551302 6869035.937350 656870.400596 6869045.936214 656849.947996 6869045.627946 656850.098702 6869035.629082 656870.551302 6869035.937350 18.000000
685000 656850.978554 6868978.590095 656860.977418 6868978.740801 656860.364498 6869019.406089 656850.365634 6869019.255383 656850.978554 6868978.590095 18.000000
685000 656871.603192 6869036.868654 656871.452486 6869046.867518 656849.923076 6869046.543020 656850.073782 6869036.544155 656871.603192 6869036.868654 18.000000
690000 656850.978554 6868978.590095 656860.977418 6868978.740801 656860.364498 6869019.406089 656850.365634 6869019.255383 656850.978554 6868978.590095 18.000000
690000 656871.142874 6869034.388550 656870.992168 6869044.387414 656848.776399 6869044.052571 656848.927105 6869034.053707 656871.142874 6869034.388550 18.000000
695000 656871.142874 6869034.388550 656870.992168 6869044.387414 656848.776399 6869044.052571 656848.927105 6869034.053707 656871.142874 6869034.388550 18.000000
695000 656851.171529 6868986.826421 656861.170394 6868986.977127 656860.558868 6869027.549901 656850.560003 6869027.399195 656851.171529 6868986.826421 18.000000
700000 656871.142874 6869034.388550 656870.992168 6869044.387414 656848.776399 6869044.052571 656848.927105 6869034.053707 656871.142874 6869034.388550 18.000000
700000 656851.171529 6868986.826421 656861.170394 6868986.977127 656860.558868 6869027.549901 656850.560003 6869027.399195 656851.171529 6868986.826421 18.000000
705000 656849.572691 6868986.252967 656854.572124 6868986.328320 656854.330570 6869002.354629 656849.331138 6869002.279276 656849.572691 6868986.252967 6.000000
705000 656860.815291 6869008.444874 656860.739937 6869013.444306 656849.093452 6869013.268766 656849.168806 6869008.269334 656860.815291 6869008.444874 6.000000
705000 656869.734247 6869038.316070 656869.583541 6869048.314934 656850.059054 6869048.020655 656850.209760 6869038.021791 656869.734247 6869038.316070 18.000000
705000 656867.048106 6868989.192754 656872.047538 6868989.268108 656871.881400 6869000.290871 656866.881967 6869000.215517 656867.048106 6868989.192754 6.000000
710000 656870.940915 6869032.878472 656870.790209 6869042.877337 656848.814370 6869042.546110 656848.965076 6869032.547245 656870.940915 6869032.878472 18.000000
710000 656851.334904 6868978.343513 656861.333769 6868978.494219 656860.778890 6869015.308637 656850.780026 6869015.157931 656851.334904 6868978.343513 18.000000
715000 656871.340763 6868983.167081 656871.190057 6868993.165945 656849.295131 6868992.835938 656849.445837 6868982.837073 656871.340763 6868983.167081 18.000000
715000 656856.938722 6868999.812468 656866.937586 6868999.963175 656866.446839 6869032.522668 656856.447975 6869032.371962 656856.938722 6868999.812468 18.000000
720000 656871.340763 6868983.167081 656871.190057 6868993.165945 656849.295131 6868992.835938 656849.445837 6868982.837073 656871.340763 6868983.167081 18.000000
720000 656856.938722 6868999.812468 656866.937586 6868999.963175 656866.446839 6869032.522668 656856.447975 6869032.371962 656856.938722 6868999.812468 18.000000
725000 656871.340763 6868983.167081 656871.190057 6868993.165945 656849.295131 6868992.835938 656849.445837 6868982.837073 656871.340763 6868983.167081 18.000000
725000 656856.938722 6868999.812468 656866.937586 6868999.963175 656866.446839 6869032.522668 656856.447975 6869032.371962 656856.938722 6868999.812468 18.000000
730000 656852.997694 6868979.289066 656862.996558 6868979.439772 656862.251935 6869028.843117 656852.253071 6869028.692411 656852.997694 6868979.289066 18.000000
735000 656852.810119 6868982.061886 656862.808983 6868982.212592 656862.112006 6869028.454789 656852.113142 6869028.304083 656852.810119 6868982.061886 18.000000
740000 656861.371122 6868992.584521 656871.369987 6868992.735227 656870.646922 6869040.708231 656860.648058 6869040.557525 656861.371122 6868992.584521 18.000000
745000 656871.208274 6868978.241420 656871.057568 6868988.240284 656849.255210 6868987.911672 656849.405916 6868977.912808 656871.208274 6868978.241420 18.000000
745000 656849.184754 6869011.856042 656854.184186 6869011.931395 656854.051758 6869020.717601 656849.052325 6869020.642248 656849.184754 6869011.856042 6.000000
745000 656849.120246 6869030.624695 656854.119678 6869030.700048 656853.942785 6869042.436332 656848.943353 6869042.360979 656849.120246 6869030.624695 6.000000
750000 656871.208274 6868978.241420 656871.057568 6868988.240284 656849.255210 6868987.911672 656849.405916 6868977.912808 656871.208274 6868978.241420 18.000000
750000 656872.017824 6869006.303491 656871.942471 6869011.302923 656861.852397 6869011.150843 656861.927750 6869006.151410 656872.017824 6869006.303491 6.000000
755000 656857.815390 6868984.458681 656867.814255 6868984.609387 656867.121368 6869030.580230 656857.122503 6869030.429524 656857.815390 6868984.458681 18.000000
755000 656871.764549 6869036.758207 656871.613843 6869046.757071 656849.419592 6869046.422552 656849.570298 6869036.423688 656871.764549 6869036.758207 18.000000
760000 656857.815390 6868984.458681 656867.814255 6868984.609387 656867.121368 6869030.580230 656857.122503 6869030.429524 656857.815390 6868984.458681 18.000000
760000 656871.764549 6869036.758207 656871.613843 6869046.757071 656849.419592 6869046.422552 656849.570298 6869036.423688 656871.764549 6869036.758207 18.000000
765000 656857.815390 6868984.458681 656867.814255 6868984.609387 656867.121368 6869030.580230 656857.122503 6869030.429524 656857.815390 6868984.458681 18.000000
765000 656871.764549 6869036.758207 656871.613843 6869046.757071 656849.419592 6869046.422552 656849.570298 6869036.423688 656871.764549 6869036.758207 18.000000
770000 656871.764549 6869036.758207 656871.613843 6869046.757071 656849.419592 6869046.422552 656849.570298 6869036.423688 656871.764549 6869036.758207 18.000000
770000 656872.231917 6868981.417463 656872.156564 6868986.416895 656867.143660 6868986.341339 656867.219013 6868981.341907 656872.231917 6868981.417463 6.000000
775000 656871.764549 6869036.758207 656871.613843 6869046.757071 656849.419592 6869046.422552 656849.570298 6869036.423688 656871.764549 6869036.758207 18.000000
775000 656870.885491 6869013.578965 656870.734785 6869023.577829 656849.139371 6869023.252336 656849.290077 6869013.253472 656870.885491 6869013.578965 18.000000
775000 656849.398284 6868981.334906 656854.397716 6868981.410259 656854.313993 6868986.964999 656849.314561 6868986.889646 656849.398284 6868981.334906 6.000000
780000 656871.764549 6869036.758207 656871.613843 6869046.757071 656849.419592 6869046.422552 656849.570298 6869036.423688 656871.764549 6869036.758207 18.000000
780000 656871.197445 6868998.042327 656871.046739 6869008.041191 656849.851571 6869007.721731 656850.002277 6868997.722867 656871.197445 6868998.042327 18.000000
780000 656871.787378 6869015.592627 656871.636672 6869025.591491 656850.100373 6869025.266890 656850.251079 6869015.268025 656871.787378 6869015.592627 18.000000
785000 656871.764549 6869036.758207 656871.613843 6869046.757071 656849.419592 6869046.422552 656849.570298 6869036.423688 656871.764549 6869036.758207 18.000000
785000 656871.197445 6868998.042327 656871.046739 6869008.041191 656849.851571 6869007.721731 656850.002277 6868997.722867 656871.197445 6868998.042327 18.000000
785000 656871.787378 6869015.592627 656871.636672 6869025.591491 656850.100373 6869025.266890 656850.251079 6869015.268025 656871.787378 6869015.592627 18.000000
785000 656870.831148 6868981.119090 656870.680442 6868991.117954 656850.335419 6868990.811307 656850.486125 6868980.812443 656870.831148 6868981.119090 18.000000
790000 656871.764549 6869036.758207 656871.613843 6869046.757071 656849.419592 6869046.422552 656849.570298 6869036.423688 656871.764549 6869036.758207 18.000000
790000 656871.197445 6868998.042327 656871.046739 6869008.041191 656849.851571 6869007.721731 656850.002277 6868997.722867 656871.197445 6868998.042327 18.000000
790000 656871.787378 6869015.592627 656871.636672 6869025.591491 656850.100373 6869025.266890 656850.251079 6869015.268025 656871.787378 6869015.592627 18.000000
790000 656870.831148 6868981.119090 656870.680442 6868991.117954 656850.335419 6868990.811307 656850.486125 6868980.812443 656870.831148 6868981.119090 18.000000
795000 656871.764549 6869036.758207 656871.613843 6869046.757071 656849.419592 6869046.422552 656849.570298 6869036.423688 656871.764549 6869036.758207 18.000000
795000 656871.197445 6868998.042327 656871.046739 6869008.041191 656849.851571 6869007.721731 656850.002277 6868997.722867 656871.197445 6868998.042327 18.000000
795000 656871.787378 6869015.592627 656871.636672 6869025.591491 656850.100373 6869025.266890 656850.251079 6869015.268025 656871.787378 6869015.592627 18.000000
795000 656870.831148 6868981.119090 656870.680442 6868991.117954 656850.335419 6868990.811307 656850.486125 6868980.812443 656870.831148 6868981.119090 18.000000
800000 656871.764549 6869036.758207 656871.613843 6869046.757071 656849.419592 6869046.422552 656849.570298 6869036.423688 656871.764549 6869036.758207 18.000000
800000 656871.197445 6868998.042327 656871.046739 6869008.041191 656849.851571 6869007.721731 656850.002277 6868997.722867 656871.197445 6868998.042327 18.000000
800000 656871.787378 6869015.592627 656871.636672 6869025.591491 656850.100373 6869025.266890 656850.251079 6869015.268025 656871.787378 6869015.592627 18.000000
800000 656870.831148 6868981.119090 656870.680442 6868991.117954 656850.335419 6868990.811307 656850.486125 6868980.812443 656870.831148 6868981.119090 18.000000
805000 656871.764549 6869036.758207 656871.613843 6869046.757071 656849.419592 6869046.422552 656849.570298 6869036.423688 656871.764549 6869036.758207 18.000000
805000 656871.197445 6868998.042327 656871.046739 6869008.041191 656849.851571 6869007.721731 656850.002277 6868997.722867 656871.197445 6868998.042327 18.000000
805000 656871.787378 6869015.592627 656871.636672 6869025.591491 656850.100373 6869025.266890 656850.251079 6869015.268025 656871.787378 6869015.592627 18.000000
805000 656870.831148 6868981.119090 656870.680442 6868991.117954 656850.335419 6868990.811307 656850.486125 6868980.812443 656870.831148 6868981.119090 18.000000
810000 656871.764549 6869036.758207 656871.613843 6869046.757071 656849.419592 6869046.422552 656849.570298 6869036.423688 656871.764549 6869036.758207 18.000000
810000 656871.197445 6868998.042327 656871.046739 6869008.041191 656849.851571 6869007.721731 656850.002277 6868997.722867 656871.197445 6868998.042327 18.000000
810000 656871.787378 6869015.592627 656871.636672 6869025.591491 656850.100373 6869025.266890 656850.251079 6869015.268025 656871.787378 6869015.592627 18.000000
810000 656870.831148 6868981.119090 656870.680442 6868991.117954 656850.335419 6868990.811307 656850.486125 6868980.812443 656870.831148 6868981.119090 18.000000
815000 656871.764549 6869036.758207 656871.613843 6869046.757071 656849.419592 6869046.422552 656849.570298 6869036.423688 656871.764549 6869036.758207 18.000000
815000 656871.197445 6868998.042327 656871.046739 6869008.041191 656849.851571 6869007.721731 656850.002277 6868997.722867 656871.197445 6868998.042327 18.000000
815000 656871.787378 6869015.592627 656871.636672 6869025.591491 656850.100373 6869025.266890 656850.251079 6869015.268025 656871.787378 6869015.592627 18.000000
820000 656871.764549 6869036.758207 656871.613843 6869046.757071 656849.419592 6869046.422552 656849.570298 6869036.423688 656871.764549 6869036.758207 18.000000
820000 656871.787378 6869015.592627 656871.636672 6869025.591491 656850.100373 6869025.266890 656850.251079 6869015.268025 656871.787378 6869015.592627 18.000000
820000 656872.049991 6868995.839718 656871.899285 6869005.838582 656850.085787 6869005.509802 656850.236493 6868995.510938 656872.049991 6868995.839718 18.000000
820465 656871.764549 6869036.758207 656871.613843 6869046.757071 656849.419592 6869046.422552 656849.570298 6869036.423688 656871.764549 6869036.758207 18.000000
820465 656871.787378 6869015.592627 656871.636672 6869025.591491 656850.100373 6869025.266890 656850.251079 6869015.268025 656871.787378 6869015.592627 18.000000
820465 656872.049991 6868995.839718 656871.899285 6869005.838582 656850.085787 6869005.509802 656850.236493 6868995.510938 656872.049991 6868995.839718 18.000000
820465 656871.950879 6868978.259494 656871.800173 6868988.258359 656849.703278 6868987.925307 656849.853984 6868977.926443 656871.950879 6868978.259494 18.000000
