5000 656860.255561 6868988.912881 656860.180208 6868993.912313 656849.440937 6868993.750447 656849.516290 6868988.751015 656860.255561 6868988.912881 6.000000
10000 656860.125285 6868997.618166 656870.124149 6868997.768872 656869.524314 6869037.566018 656859.525450 6869037.415312 656860.125285 6868997.618166 18.000000
10000 656855.821879 6868979.147676 656865.820744 6868979.298383 656865.646290 6868990.872835 656855.647425 6868990.722129 656855.821879 6868979.147676 18.000000
15000 656871.447394 6868986.340576 656871.296688 6868996.339441 656853.305797 6868996.068276 656853.456503 6868986.069412 656871.447394 6868986.340576 18.000000
20000 656871.773607 6868994.290370 656871.698254 6868999.289802 656863.793385 6868999.170658 656863.868738 6868994.171226 656871.773607 6868994.290370 6.000000
25000 656861.530523 6868988.880468 656866.529955 6868988.955821 656866.407950 6868997.050458 656861.408518 6868996.975105 656861.530523 6868988.880468 6.000000
30000 656856.479298 6868983.529185 656866.478162 6868983.679891 656865.806241 6869028.259694 656855.807377 6869028.108988 656856.479298 6868983.529185 18.000000
35000 656860.953690 6869041.576530 656860.878337 6869046.575962 656849.193249 6869046.399841 656849.268602 6869041.400408 656860.953690 6869041.576530 6.000000
35000 656862.646988 6869008.084425 656867.646421 6869008.159778 656867.291677 6869031.695912 656862.292244 6869031.620559 656862.646988 6869008.084425 6.000000
40000 656849.356577 6868997.197359 656854.356010 6868997.272712 656854.211820 6869006.839238 656849.212388 6869006.763885 656849.356577 6868997.197359 6.000000
40000 656856.051653 6869013.235043 656861.051086 6869013.310396 656860.787362 6869030.807617 656855.787930 6869030.732264 656856.051653 6869013.235043 6.000000
45000 656871.238518 6869012.191035 656871.087812 6869022.189900 656852.133985 6869021.904221 656852.284691 6869011.905357 656871.238518 6869012.191035 18.000000
60000 656865.449877 6869035.058838 656865.374524 6869040.058270 656848.964476 6869039.810933 656849.039829 6869034.811501 656865.449877 6869035.058838 6.000000
60000 656850.939192 6868977.909924 656860.938056 6868978.060630 656860.555230 6869003.459960 656850.556365 6869003.309254 656850.939192 6868977.909924 18.000000
65000 656857.916919 6868979.049424 656867.915784 6868979.200130 656867.254265 6869023.089764 656857.255401 6869022.939058 656857.916919 6868979.049424 18.000000
70000 656854.330981 6868984.438679 656864.329845 6868984.589385 656863.651214 6869029.614352 656853.652350 6869029.463646 656854.330981 6868984.438679 18.000000
70000 656852.953235 6869004.546346 656862.952099 6869004.697052 656862.280012 6869049.287876 656852.281148 6869049.137170 656852.953235 6869004.546346 18.000000
75000 656871.187058 6869035.615748 656871.036352 6869045.614613 656848.869658 6869045.280509 656849.020364 6869035.281645 656871.187058 6869035.615748 18.000000
75000 656869.642009 6869009.206456 656869.566656 6869014.205889 656855.731498 6869013.997361 656855.806851 6869008.997929 656869.642009 6869009.206456 6.000000
80000 656849.920726 6868986.429200 656854.920158 6868986.504553 656854.680197 6869002.425205 656849.680765 6869002.349852 656849.920726 6868986.429200 6.000000
85000 656862.134601 6868983.955313 656872.133466 6868984.106019 656871.479034 6869027.525437 656861.480170 6869027.374731 656862.134601 6868983.955313 18.000000
90000 656860.636808 6868986.254914 656870.635672 6868986.405620 656870.220811 6869013.930312 656860.221947 6869013.779606 656860.636808 6868986.254914 18.000000
90000 656871.755541 6869033.118842 656871.604835 6869043.117707 656850.369798 6869042.797645 656850.520504 6869032.798781 656871.755541 6869033.118842 18.000000
95000 656870.550228 6868996.401987 656870.399522 6869006.400851 656849.070393 6869006.079372 656849.221099 6868996.080508 656870.550228 6868996.401987 18.000000
100000 656858.997476 6868984.567080 656858.922123 6868989.566512 656849.460511 6868989.423903 656849.535864 6868984.424471 656858.997476 6868984.567080 6.000000
100000 656858.326617 6869008.091102 656868.325481 6869008.241808 656867.808047 6869042.571874 656857.809183 6869042.421168 656858.326617 6869008.091102 18.000000
105000 656850.492136 6868988.494479 656860.491000 6868988.645185 656859.839877 6869031.845101 656849.841013 6869031.694395 656850.492136 6868988.494479 18.000000
110000 656854.426020 6868984.972192 656864.424884 6868985.122899 656863.791873 6869027.121195 656853.793008 6869026.970489 656854.426020 6868984.972192 18.000000
115000 656850.015183 6868995.610584 656855.014615 6868995.685937 656854.778342 6869011.361902 656849.778910 6869011.286549 656850.015183 6868995.610584 6.000000
115000 656863.679904 6868977.593533 656868.679336 6868977.668886 656868.362629 6868998.681430 656863.363197 6868998.606077 656863.679904 6868977.593533 6.000000
125000 656849.939719 6868989.303560 656854.939151 6868989.378913 656854.608733 6869011.301103 656849.609301 6869011.225750 656849.939719 6868989.303560 6.000000
125000 656848.990253 6869026.158744 656853.989686 6869026.234097 656853.905282 6869031.834036 656848.905849 6869031.758683 656848.990253 6869026.158744 6.000000
130000 656866.477148 6869030.062550 656871.476580 6869030.137903 656871.293730 6869042.269428 656866.294298 6869042.194075 656866.477148 6869030.062550 6.000000
130000 656871.474489 6868993.245572 656871.399135 6868998.245004 656853.777867 6868997.979411 656853.853220 6868992.979979 656871.474489 6868993.245572 6.000000
135000 656871.996793 6868986.277170 656871.846087 6868996.276034 656849.210119 6868995.934858 656849.360825 6868985.935994 656871.996793 6868986.277170 18.000000
135000 656850.341966 6869014.054491 656860.340830 6869014.205197 656859.920926 6869042.064492 656849.922062 6869041.913786 656850.341966 6869014.054491 18.000000
140000 656871.498328 6869036.965139 656871.422975 6869041.964571 656860.186701 6869041.795215 656860.262054 6869036.795783 656871.498328 6869036.965139 6.000000
145000 656854.964750 6868994.093105 656864.963614 6868994.243811 656864.413562 6869030.737993 656854.414698 6869030.587287 656854.964750 6868994.093105 18.000000
145000 656869.252772 6869038.258990 656869.102066 6869048.257854 656851.223528 6869047.988383 656851.374234 6869037.989519 656869.252772 6869038.258990 18.000000
150000 656849.398141 6869005.158738 656854.397573 6869005.234091 656854.217282 6869017.195833 656849.217849 6869017.120480 656849.398141 6869005.158738 6.000000
150000 656866.026468 6868975.839236 656871.025900 6868975.914589 656870.926511 6868982.508702 656865.927079 6868982.433349 656866.026468 6868975.839236 6.000000
150000 656871.460638 6868989.347872 656871.385285 6868994.347304 656850.951707 6868994.039323 656851.027060 6868989.039891 656871.460638 6868989.347872 6.000000
150000 656849.060670 6869027.178206 656854.060103 6869027.253559 656853.897660 6869038.031095 656848.898228 6869037.955742 656849.060670 6869027.178206 6.000000
155000 656871.691602 6869038.210538 656871.540896 6869048.209402 656849.485148 6869047.876971 656849.635854 6869037.878106 656871.691602 6869038.210538 18.000000
160000 656853.298136 6868991.712460 656863.297001 6868991.863166 656862.739458 6869028.854327 656852.740594 6869028.703621 656853.298136 6868991.712460 18.000000
165000 656866.275465 6869006.357633 656871.274897 6869006.432986 656871.049927 6869021.359017 656866.050495 6869021.283664 656866.275465 6869006.357633 6.000000
170000 656859.957036 6869004.358089 656869.955900 6869004.508795 656869.395482 6869041.690743 656859.396618 6869041.540037 656859.957036 6869004.358089 18.000000
175000 656861.202730 6868992.448253 656871.201594 6868992.598959 656870.634230 6869030.241738 656860.635366 6869030.091032 656861.202730 6868992.448253 18.000000
180000 656866.708688 6869005.314044 656871.708120 6869005.389397 656871.516430 6869018.107428 656866.516998 6869018.032075 656866.708688 6869005.314044 6.000000
180000 656855.627174 6869041.230409 656855.551821 6869046.229841 656848.872510 6869046.129168 656848.947863 6869041.129736 656855.627174 6869041.230409 6.000000
180000 656871.282484 6868977.132215 656871.207131 6868982.131647 656851.325287 6868981.831981 656851.400640 6868976.832549 656871.282484 6868977.132215 6.000000
185000 656871.610693 6868986.277017 656871.459987 6868996.275881 656853.390150 6868996.003527 656853.540856 6868986.004663 656871.610693 6868986.277017 18.000000
190000 656849.392811 6868997.213295 656854.392243 6868997.288648 656854.197860 6869010.185387 656849.198428 6869010.110034 656849.392811 6868997.213295 6.000000
190000 656871.662448 6868986.527124 656871.587095 6868991.526556 656858.349411 6868991.327034 656858.424764 6868986.327602 656871.662448 6868986.527124 6.000000
190000 656864.542883 6869002.471734 656864.467530 6869007.471167 656850.540354 6869007.261252 656850.615707 6869002.261820 656864.542883 6869002.471734 6.000000
190000 656864.413480 6869037.641461 656864.338127 6869042.640893 656851.930123 6869042.453876 656852.005476 6869037.454443 656864.413480 6869037.641461 6.000000
190000 656866.483111 6869002.368616 656871.482543 6869002.443969 656871.119662 6869026.520011 656866.120230 6869026.444658 656866.483111 6869002.368616 6.000000
195000 656856.707391 6868983.721889 656866.706255 6868983.872595 656866.307308 6869010.341422 656856.308444 6869010.190716 656856.707391 6868983.721889 18.000000
200000 656849.774763 6869004.851272 656854.774195 6869004.926625 656854.537007 6869020.663342 656849.537574 6869020.587989 656849.774763 6869004.851272 6.000000
205000 656855.226014 6868999.745181 656865.224879 6868999.895887 656864.663328 6869037.153006 656854.664463 6869037.002300 656855.226014 6868999.745181 18.000000
210000 656871.335084 6868980.886272 656871.184378 6868990.885136 656849.499691 6868990.558298 656849.650397 6868980.559434 656871.335084 6868980.886272 18.000000
210000 656858.204857 6868996.683916 656868.203721 6868996.834622 656867.528240 6869041.650595 656857.529376 6869041.499889 656858.204857 6868996.683916 18.000000
215000 656858.281923 6869009.036178 656868.280787 6869009.186885 656867.798887 6869041.159394 656857.800023 6869041.008688 656858.281923 6869009.036178 18.000000
220000 656861.360429 6868977.064725 656871.359293 6868977.215431 656870.782730 6869015.468516 656860.783866 6869015.317810 656861.360429 6868977.064725 18.000000
225000 656850.375475 6868990.734049 656860.374340 6868990.884755 656859.644593 6869039.301111 656849.645729 6869039.150405 656850.375475 6868990.734049 18.000000
230000 656871.781919 6869026.101798 656871.706566 6869031.101230 656856.291797 6869030.868894 656856.367150 6869025.869462 656871.781919 6869026.101798 6.000000
230000 656866.166389 6869012.976084 656866.091036 6869017.975516 656849.055899 6869017.718757 656849.131252 6869012.719325 656866.166389 6869012.976084 6.000000
235000 656861.334860 6868981.922684 656871.333724 6868982.073390 656870.870365 6869012.815740 656860.871501 6869012.665034 656861.334860 6868981.922684 18.000000
240000 656866.989685 6868986.802414 656871.989118 6868986.877767 656871.621702 6869011.254609 656866.622270 6869011.179256 656866.989685 6868986.802414 6.000000
245000 656855.410359 6868994.155141 656865.409223 6868994.305847 656864.833175 6869032.524766 656854.834311 6869032.374060 656855.410359 6868994.155141 18.000000
245000 656870.708052 6869040.226499 656870.557346 6869050.225363 656848.811033 6869049.897596 656848.961739 6869039.898732 656870.708052 6869040.226499 18.000000
250000 656856.574613 6869012.341825 656866.573477 6869012.492531 656866.132534 6869041.747683 656856.133670 6869041.596977 656856.574613 6869012.341825 18.000000
255000 656857.410985 6868992.721536 656867.409849 6868992.872242 656866.909491 6869026.069387 656856.910627 6869025.918681 656857.410985 6868992.721536 18.000000
260000 656870.864444 6869012.018486 656870.713737 6869022.017350 656851.264692 6869021.724208 656851.415398 6869011.725344 656870.864444 6869012.018486 18.000000
260000 656866.980866 6868983.399595 656871.980298 6868983.474948 656871.853996 6868991.854706 656866.854564 6868991.779353 656866.980866 6868983.399595 6.000000
265000 656866.354123 6869031.014777 656871.353555 6869031.090131 656871.103514 6869047.679522 656866.104082 6869047.604169 656866.354123 6869031.014777 6.000000
265000 656849.445793 6869013.078775 656854.445225 6869013.154128 656854.149023 6869032.806186 656849.149591 6869032.730833 656849.445793 6869013.078775 6.000000
265000 656866.339359 6868987.192671 656871.338791 6868987.268024 656870.964557 6869012.097235 656865.965125 6869012.021882 656866.339359 6868987.192671 6.000000
270000 656856.470355 6868998.823569 656866.469220 6868998.974275 656865.747977 6869046.826431 656855.749112 6869046.675725 656856.470355 6868998.823569 18.000000
275000 656871.172473 6869027.271942 656871.021767 6869037.270806 656852.512010 6869036.991821 656852.662716 6869026.992957 656871.172473 6869027.271942 18.000000
280000 656858.433594 6868992.810456 656868.432459 6868992.961162 656867.699981 6869041.558707 656857.701117 6869041.408001 656858.433594 6868992.810456 18.000000
285000 656857.346120 6868988.251705 656867.344985 6868988.402411 656866.742605 6869028.368402 656856.743740 6869028.217696 656857.346120 6868988.251705 18.000000
285000 656871.328559 6869033.993549 656871.177853 6869043.992414 656848.978109 6869043.657812 656849.128815 6869033.658948 656871.328559 6869033.993549 18.000000
290000 656858.694511 6868999.817433 656868.693376 6868999.968139 656868.079273 6869040.711880 656858.080409 6869040.561174 656858.694511 6868999.817433 18.000000
295000 656854.418800 6868979.390365 656864.417664 6868979.541071 656863.871508 6869015.776811 656853.872644 6869015.626105 656854.418800 6868979.390365 18.000000
300000 656861.648397 6868991.607206 656871.647262 6868991.757913 656870.932413 6869039.185835 656860.933549 6869039.035128 656861.648397 6868991.607206 18.000000
305000 656853.147420 6868996.507855 656863.146284 6868996.658562 656862.418588 6869044.938838 656852.419724 6869044.788132 656853.147420 6868996.507855 18.000000
310000 656861.753313 6868997.582253 656871.752178 6868997.732959 656871.028795 6869045.727047 656861.029931 6869045.576341 656861.753313 6868997.582253 18.000000
315000 656870.182019 6869037.570498 656870.031313 6869047.569362 656848.761937 6869047.248784 656848.912643 6869037.249919 656870.182019 6869037.570498 18.000000
315000 656853.544762 6868983.395952 656863.543627 6868983.546658 656862.903831 6869025.995051 656852.904967 6869025.844345 656853.544762 6868983.395952 18.000000
320000 656852.654887 6868983.284803 656862.653751 6868983.435509 656862.136777 6869017.735099 656852.137912 6869017.584393 656852.654887 6868983.284803 18.000000
325000 656871.268961 6869032.262451 656871.118255 6869042.261315 656849.764911 6869041.939471 656849.915617 6869031.940606 656871.268961 6869032.262451 18.000000
325000 656859.283574 6868986.051979 656869.282438 6868986.202685 656868.727812 6869023.000343 656858.728948 6869022.849637 656859.283574 6868986.051979 18.000000
330000 656870.293956 6869036.298512 656870.143250 6869046.297377 656849.218829 6869045.981997 656849.369535 6869035.983133 656870.293956 6869036.298512 18.000000
330000 656871.496656 6868999.085159 656871.345950 6869009.084024 656851.043037 6869008.778012 656851.193743 6868998.779147 656871.496656 6868999.085159 18.000000
335000 656856.727154 6868980.720002 656866.726018 6868980.870709 656866.102296 6869022.252650 656856.103432 6869022.101944 656856.727154 6868980.720002 18.000000
340000 656871.758460 6868979.873049 656871.607753 6868989.871913 656851.763494 6868989.572814 656851.914200 6868979.573950 656871.758460 6868979.873049 18.000000
345000 656849.796617 6868999.705005 656859.795481 6868999.855711 656859.152376 6869042.523702 656849.153511 6869042.372996 656849.796617 6868999.705005 18.000000
350000 656870.380099 6869031.798079 656870.229393 6869041.796943 656849.052920 6869041.477764 656849.203626 6869031.478900 656870.380099 6869031.798079 18.000000
350000 656866.857618 6868984.939074 656871.857050 6868985.014427 656871.531067 6869006.642328 656866.531635 6869006.566975 656866.857618 6868984.939074 6.000000
355000 656871.707654 6868978.620379 656871.556948 6868988.619243 656849.285455 6868988.283560 656849.436161 6868978.284696 656871.707654 6868978.620379 18.000000
360000 656866.816175 6869029.622261 656871.815608 6869029.697614 656871.568555 6869046.088785 656866.569123 6869046.013432 656866.816175 6869029.622261 6.000000
360000 656849.348386 6869023.261320 656854.347818 6869023.336673 656854.006292 6869045.995863 656849.006859 6869045.920510 656849.348386 6869023.261320 6.000000
360000 656866.547796 6868997.727648 656871.547228 6868997.803001 656871.319233 6869012.929706 656866.319801 6869012.854353 656866.547796 6868997.727648 6.000000
365000 656855.510637 6868992.341328 656865.509502 6868992.492034 656864.984516 6869027.323123 656854.985652 6869027.172417 656855.510637 6868992.341328 18.000000
365000 656854.625310 6869032.944205 656864.624174 6869033.094911 656864.426272 6869046.225064 656854.427408 6869046.074358 656854.625310 6869032.944205 18.000000
370000 656871.712254 6868977.127332 656871.561548 6868987.126196 656849.625413 6868986.795568 656849.776119 6868976.796703 656871.712254 6868977.127332 18.000000
370000 656863.909495 6869013.884148 656863.834142 6869018.883580 656848.972352 6869018.659578 656849.047705 6869013.660146 656863.909495 6869013.884148 6.000000
375000 656859.202206 6868994.954498 656869.201070 6868995.105204 656868.553331 6869038.080632 656858.554466 6869037.929926 656859.202206 6868994.954498 18.000000
380000 656859.621294 6868987.609816 656869.620158 6868987.760522 656868.888143 6869036.327387 656858.889279 6869036.176681 656859.621294 6868987.609816 18.000000
385000 656858.804424 6869000.560240 656868.803288 6869000.710946 656868.138455 6869044.820520 656858.139591 6869044.669814 656858.804424 6869000.560240 18.000000
390000 656871.683938 6868980.021190 656871.533232 6868990.020054 656849.689005 6868989.690811 656849.839711 6868979.691947 656871.683938 6868980.021190 18.000000
390000 656853.160228 6869026.689871 656858.159660 6869026.765224 656857.935295 6869041.651166 656852.935863 6869041.575813 656853.160228 6869026.689871 6.000000
395000 656851.884592 6868995.434601 656861.883457 6868995.585307 656861.239479 6869038.311151 656851.240615 6869038.160445 656851.884592 6868995.434601 18.000000
400000 656871.432749 6869037.705595 656871.357396 6869042.705027 656849.318395 6869042.372848 656849.393748 6869037.373416 656871.432749 6869037.705595 6.000000
400000 656850.315492 6868988.399382 656855.314925 6868988.474735 656854.990378 6869010.007397 656849.990945 6869009.932044 656850.315492 6868988.399382 6.000000
405000 656856.422942 6869009.164309 656866.421807 6869009.315016 656865.874335 6869045.637980 656855.875471 6869045.487274 656856.422942 6869009.164309 18.000000
410000 656851.310736 6868983.492439 656861.309600 6868983.643146 656860.606322 6869030.303402 656850.607457 6869030.152696 656851.310736 6868983.492439 18.000000
415000 656866.830524 6868978.142847 656871.829956 6868978.218200 656871.582164 6868994.658419 656866.582731 6868994.583065 656866.830524 6868978.142847 6.000000
415000 656849.703567 6868979.612137 656854.702999 6868979.687490 656854.388263 6869000.569270 656849.388830 6869000.493917 656849.703567 6868979.612137 6.000000
420000 656866.727234 6868989.026583 656871.726666 6868989.101936 656871.459007 6869006.860223 656866.459575 6869006.784870 656866.727234 6868989.026583 6.000000
425000 656869.433976 6869018.768931 656869.283270 6869028.767795 656850.086576 6869028.478456 656850.237282 6869018.479592 656869.433976 6869018.768931 18.000000
430000 656854.100907 6868982.201093 656864.099771 6868982.351799 656863.445804 6869025.740385 656853.446940 6869025.589679 656854.100907 6868982.201093 18.000000
435000 656861.065410 6868995.059883 656871.064274 6868995.210589 656870.314747 6869044.939316 656860.315883 6869044.788610 656861.065410 6868995.059883 18.000000
440000 656849.738682 6868983.185598 656859.737546 6868983.336304 656859.274618 6869014.050146 656849.275753 6869013.899440 656849.738682 6868983.185598 18.000000
445000 656871.655187 6868980.869346 656871.504481 6868990.868210 656851.417286 6868990.565449 656851.567992 6868980.566585 656871.655187 6868980.869346 18.000000
445000 656851.028738 6869020.379482 656861.027602 6869020.530188 656860.608776 6869048.317911 656850.609912 6869048.167205 656851.028738 6869020.379482 18.000000
450000 656860.656052 6868989.379080 656870.654917 6868989.529786 656870.035586 6869030.620402 656860.036721 6869030.469696 656860.656052 6868989.379080 18.000000
455000 656862.138025 6868982.709855 656872.136889 6868982.860561 656871.619918 6869017.159946 656861.621054 6869017.009240 656862.138025 6868982.709855 18.000000
460000 656849.514256 6868996.025242 656854.513688 6868996.100595 656854.297733 6869010.428532 656849.298301 6869010.353179 656849.514256 6868996.025242 6.000000
460000 656864.743809 6868982.721109 656864.668456 6868987.720541 656849.583315 6868987.493173 656849.658668 6868982.493741 656864.743809 6868982.721109 6.000000
460000 656866.801805 6869019.314914 656871.801237 6869019.390267 656871.711606 6869025.336965 656866.712174 6869025.261612 656866.801805 6869019.314914 6.000000
465000 656854.903559 6868997.097322 656864.902424 6868997.248028 656864.175249 6869045.493731 656854.176385 6869045.343025 656854.903559 6868997.097322 18.000000
470000 656857.216715 6868986.245445 656867.215579 6868986.396151 656866.623690 6869025.666057 656856.624826 6869025.515351 656857.216715 6868986.245445 18.000000
470000 656871.338389 6869035.094442 656871.187683 6869045.093307 656850.574220 6869044.782614 656850.724926 6869034.783750 656871.338389 6869035.094442 18.000000
475000 656871.338389 6869035.094442 656871.187683 6869045.093307 656850.574220 6869044.782614 656850.724926 6869034.783750 656871.338389 6869035.094442 18.000000
475000 656871.834539 6869018.170985 656871.683833 6869028.169850 656848.944371 6869027.827113 656849.095077 6869017.828249 656871.834539 6869018.170985 18.000000
475000 656859.497813 6868989.459413 656859.422460 6868994.458845 656850.363516 6868994.322305 656850.438869 6868989.322873 656859.497813 6868989.459413 6.000000
480000 656856.265767 6868987.000808 656866.264631 6868987.151514 656865.592924 6869031.717138 656855.594060 6869031.566432 656856.265767 6868987.000808 18.000000
485000 656871.696388 6869040.002186 656871.545682 6869050.001050 656849.533483 6869049.669276 656849.684189 6869039.670411 656871.696388 6869040.002186 18.000000
485000 656851.538910 6868996.699009 656861.537774 6868996.849715 656860.987311 6869033.371195 656850.988447 6869033.220489 656851.538910 6868996.699009 18.000000
490000 656849.701340 6868995.352106 656854.700772 6868995.427459 656854.371580 6869017.268285 656849.372148 6869017.192932 656849.701340 6868995.352106 6.000000
495000 656852.956663 6868988.032499 656862.955527 6868988.183205 656862.223933 6869036.722107 656852.225069 6869036.571401 656852.956663 6868988.032499 18.000000
500000 656871.207885 6868992.460918 656871.057179 6869002.459782 656849.556608 6869002.135718 656849.707314 6868992.136854 656871.207885 6868992.460918 18.000000
500000 656859.065388 6869007.500475 656869.064252 6869007.651182 656868.439406 6869049.107730 656858.440542 6869048.957024 656859.065388 6869007.500475 18.000000
505000 656861.445522 6868986.295812 656871.444386 6868986.446518 656870.780059 6869030.522547 656860.781194 6869030.371841 656861.445522 6868986.295812 18.000000
505000 656849.922009 6868992.475251 656859.920873 6868992.625957 656859.501523 6869020.448484 656849.502659 6869020.297777 656849.922009 6868992.475251 18.000000
510000 656871.420863 6868994.450702 656871.270157 6869004.449566 656849.162564 6869004.116353 656849.313270 6868994.117489 656871.420863 6868994.450702 18.000000
515000 656853.821851 6868992.936142 656863.820715 6868993.086848 656863.115468 6869039.877743 656853.116604 6869039.727037 656853.821851 6868992.936142 18.000000
520000 656849.325618 6869011.119532 656854.325050 6869011.194885 656854.133414 6869023.909295 656849.133982 6869023.833942 656849.325618 6869011.119532 6.000000
520000 656866.932997 6868988.200106 656871.932429 6868988.275459 656871.678068 6869005.151532 656866.678636 6869005.076179 656866.932997 6868988.200106 6.000000
525000 656858.847636 6869007.123833 656868.846500 6869007.274540 656868.363253 6869039.336441 656858.364389 6869039.185735 656858.847636 6869007.123833 18.000000
525000 656853.979084 6868994.685367 656863.977948 6868994.836073 656863.296640 6869040.038672 656853.297776 6869039.887966 656853.979084 6868994.685367 18.000000
530000 656861.681560 6868995.863872 656861.606207 6869000.863304 656849.405208 6869000.679406 656849.480561 6868995.679974 656861.681560 6868995.863872 6.000000
530000 656856.537495 6869021.989461 656866.536360 6869022.140167 656866.164192 6869046.832266 656856.165328 6869046.681560 656856.537495 6869021.989461 18.000000
535000 656850.010180 6868981.166988 656860.009044 6868981.317694 656859.386327 6869022.632967 656849.387463 6869022.482261 656850.010180 6868981.166988 18.000000
540000 656850.561643 6868990.771654 656860.560507 6868990.922360 656859.812758 6869040.533138 656849.813894 6869040.382432 656850.561643 6868990.771654 18.000000
545000 656870.388361 6868998.667319 656870.237655 6869008.666184 656850.581596 6869008.369921 656850.732302 6868998.371057 656870.388361 6868998.667319 18.000000
550000 656871.580004 6869034.601213 656871.429298 6869044.600077 656849.731695 6869044.273044 656849.882401 6869034.274180 656871.580004 6869034.601213 18.000000
550000 656861.632749 6868982.849963 656871.631613 6868983.000669 656871.098865 6869018.346800 656861.100001 6869018.196094 656861.632749 6868982.849963 18.000000
555000 656849.933244 6868984.670291 656859.932108 6868984.820997 656859.396961 6869020.326311 656849.398097 6869020.175605 656849.933244 6868984.670291 18.000000
560000 656866.760678 6869009.874994 656871.760110 6869009.950347 656871.406210 6869033.430474 656866.406778 6869033.355121 656866.760678 6869009.874994 6.000000
560000 656849.482925 6869019.159848 656854.482357 6869019.235201 656854.218921 6869036.713365 656849.219489 6869036.638011 656849.482925 6869019.159848 6.000000
565000 656871.138605 6868984.764927 656870.987899 6868994.763792 656849.835939 6868994.444983 656849.986645 6868984.446118 656871.138605 6868984.764927 18.000000
565000 656861.104482 6869004.422441 656871.103347 6869004.573147 656870.451193 6869047.841425 656860.452329 6869047.690719 656861.104482 6869004.422441 18.000000
570000 656849.495720 6869017.196588 656854.495153 6869017.271941 656854.126816 6869041.709863 656849.127384 6869041.634510 656849.495720 6869017.196588 6.000000
570000 656866.549989 6868986.453415 656871.549421 6868986.528768 656871.181509 6869010.938592 656866.182076 6869010.863239 656866.549989 6868986.453415 6.000000
575000 656849.652374 6869005.943621 656859.651238 6869006.094327 656859.029522 6869047.343218 656849.030657 6869047.192512 656849.652374 6869005.943621 18.000000
580000 656870.612335 6868995.892587 656870.461629 6869005.891451 656851.059812 6869005.599021 656851.210518 6868995.600156 656870.612335 6868995.892587 18.000000
580000 656849.307691 6869030.643632 656854.307123 6869030.718986 656854.106717 6869044.015267 656849.107285 6869043.939914 656849.307691 6869030.643632 6.000000
580000 656870.893220 6869036.143136 656870.817867 6869041.142568 656862.680802 6869041.019924 656862.756155 6869036.020491 656870.893220 6869036.143136 6.000000
585000 656854.746416 6868980.155280 656864.745280 6868980.305986 656864.006316 6869029.333856 656854.007452 6869029.183150 656854.746416 6868980.155280 18.000000
590000 656854.413982 6868981.161607 656864.412847 6868981.312313 656863.691393 6869029.178443 656853.692529 6869029.027737 656854.413982 6868981.161607 18.000000
595000 656871.754211 6869036.906933 656871.678858 6869041.906365 656859.153329 6869041.717576 656859.228682 6869036.718144 656871.754211 6869036.906933 6.000000
595000 656871.780182 6869025.820477 656871.704829 6869030.819910 656856.108050 6869030.584830 656856.183403 6869025.585398 656871.780182 6869025.820477 6.000000
600000 656870.596214 6869023.912199 656870.445508 6869033.911064 656850.453444 6869033.609737 656850.604150 6869023.610873 656870.596214 6869023.912199 18.000000
605000 656852.568237 6868994.198286 656862.567102 6868994.348992 656861.847136 6869042.116386 656851.848272 6869041.965680 656852.568237 6868994.198286 18.000000
610000 656859.416382 6868977.358731 656869.415246 6868977.509437 656868.686646 6869025.849751 656858.687781 6869025.699045 656859.416382 6868977.358731 18.000000
615000 656858.810569 6868986.550561 656868.809433 6868986.701267 656868.117297 6869032.622304 656858.118433 6869032.471598 656858.810569 6868986.550561 18.000000
620000 656850.062743 6868996.283115 656860.061607 6868996.433821 656859.386179 6869041.246325 656849.387314 6869041.095619 656850.062743 6868996.283115 18.000000
620000 656872.012929 6868981.756179 656871.862223 6868991.755043 656849.603435 6868991.419552 656849.754141 6868981.420687 656872.012929 6868981.756179 18.000000
625000 656872.012929 6868981.756179 656871.862223 6868991.755043 656849.603435 6868991.419552 656849.754141 6868981.420687 656872.012929 6868981.756179 18.000000
625000 656850.273773 6869009.355383 656860.272637 6869009.506089 656859.742914 6869044.651547 656849.744049 6869044.500841 656850.273773 6869009.355383 18.000000
630000 656856.490094 6868980.053976 656866.488958 6868980.204682 656865.796690 6869026.134442 656855.797826 6869025.983736 656856.490094 6868980.053976 18.000000
635000 656862.193383 6868985.295190 656872.192247 6868985.445896 656871.527979 6869029.517923 656861.529115 6869029.367217 656862.193383 6868985.295190 18.000000
640000 656871.971941 6868979.900507 656871.821235 6868989.899371 656849.643831 6868989.565106 656849.794537 6868979.566242 656871.971941 6868979.900507 18.000000
640000 656870.603703 6868996.154953 656870.452997 6869006.153817 656849.270710 6869005.834551 656849.421416 6868995.835686 656870.603703 6868996.154953 18.000000
645000 656871.971941 6868979.900507 656871.821235 6868989.899371 656849.643831 6868989.565106 656849.794537 6868979.566242 656871.971941 6868979.900507 18.000000
645000 656870.603703 6868996.154953 656870.452997 6869006.153817 656849.270710 6869005.834551 656849.421416 6868995.835686 656870.603703 6868996.154953 18.000000
645000 656871.691546 6869020.925247 656871.540840 6869030.924111 656849.111148 6869030.586044 656849.261854 6869020.587180 656871.691546 6869020.925247 18.000000
650000 656871.971941 6868979.900507 656871.821235 6868989.899371 656849.643831 6868989.565106 656849.794537 6868979.566242 656871.971941 6868979.900507 18.000000
650000 656870.603703 6868996.154953 656870.452997 6869006.153817 656849.270710 6869005.834551 656849.421416 6868995.835686 656870.603703 6868996.154953 18.000000
650000 656871.691546 6869020.925247 656871.540840 6869030.924111 656849.111148 6869030.586044 656849.261854 6869020.587180 656871.691546 6869020.925247 18.000000
655000 656871.971941 6868979.900507 656871.821235 6868989.899371 656849.643831 6868989.565106 656849.794537 6868979.566242 656871.971941 6868979.900507 18.000000
655000 656870.603703 6868996.154953 656870.452997 6869006.153817 656849.270710 6869005.834551 656849.421416 6868995.835686 656870.603703 6868996.154953 18.000000
655000 656871.691546 6869020.925247 656871.540840 6869030.924111 656849.111148 6869030.586044 656849.261854 6869020.587180 656871.691546 6869020.925247 18.000000
660000 656871.971941 6868979.900507 656871.821235 6868989.899371 656849.643831 6868989.565106 656849.794537 6868979.566242 656871.971941 6868979.900507 18.000000
660000 656870.603703 6868996.154953 656870.452997 6869006.153817 656849.270710 6869005.834551 656849.421416 6868995.835686 656870.603703 6868996.154953 18.000000
660000 656871.691546 6869020.925247 656871.540840 6869030.924111 656849.111148 6869030.586044 656849.261854 6869020.587180 656871.691546 6869020.925247 18.000000
665000 656871.971941 6868979.900507 656871.821235 6868989.899371 656849.643831 6868989.565106 656849.794537 6868979.566242 656871.971941 6868979.900507 18.000000
665000 656870.603703 6868996.154953 656870.452997 6869006.153817 656849.270710 6869005.834551 656849.421416 6868995.835686 656870.603703 6868996.154953 18.000000
665000 656871.691546 6869020.925247 656871.540840 6869030.924111 656849.111148 6869030.586044 656849.261854 6869020.587180 656871.691546 6869020.925247 18.000000
670000 656871.971941 6868979.900507 656871.821235 6868989.899371 656849.643831 6868989.565106 656849.794537 6868979.566242 656871.971941 6868979.900507 18.000000
670000 656870.603703 6868996.154953 656870.452997 6869006.153817 656849.270710 6869005.834551 656849.421416 6868995.835686 656870.603703 6868996.154953 18.000000
670000 656871.691546 6869020.925247 656871.540840 6869030.924111 656849.111148 6869030.586044 656849.261854 6869020.587180 656871.691546 6869020.925247 18.000000
670000 656870.289948 6869036.774263 656870.139242 6869046.773127 656848.998076 6869046.454481 656849.148782 6869036.455616 656870.289948 6869036.774263 18.000000
675000 656871.971941 6868979.900507 656871.821235 6868989.899371 656849.643831 6868989.565106 656849.794537 6868979.566242 656871.971941 6868979.900507 18.000000
675000 656870.603703 6868996.154953 656870.452997 6869006.153817 656849.270710 6869005.834551 656849.421416 6868995.835686 656870.603703 6868996.154953 18.000000
675000 656871.691546 6869020.925247 656871.540840 6869030.924111 656849.111148 6869030.586044 656849.261854 6869020.587180 656871.691546 6869020.925247 18.000000
680000 656871.971941 6868979.900507 656871.821235 6868989.899371 656849.643831 6868989.565106 656849.794537 6868979.566242 656871.971941 6868979.900507 18.000000
680000 656870.603703 6868996.154953 656870.452997 6869006.153817 656849.270710 6869005.834551 656849.421416 6868995.835686 656870.603703 6868996.154953 18.000000
680000 656871.691546 6869020.925247 656871.540840 6869030.924111 656849.111148 6869030.586044 656849.261854 6869020.587180 656871.691546 6869020.925247 18.000000
685000 656871.971941 6868979.900507 656871.821235 6868989.899371 656849.643831 6868989.565106 656849.794537 6868979.566242 656871.971941 6868979.900507 18.000000
685000 656870.603703 6868996.154953 656870.452997 6869006.153817 656849.270710 6869005.834551 656849.421416 6868995.835686 656870.603703 6868996.154953 18.000000
685000 656871.691546 6869020.925247 656871.540840 6869030.924111 656849.111148 6869030.586044 656849.261854 6869020.587180 656871.691546 6869020.925247 18.000000
690000 656871.971941 6868979.900507 656871.821235 6868989.899371 656849.643831 6868989.565106 656849.794537 6868979.566242 656871.971941 6868979.900507 18.000000
690000 656870.603703 6868996.154953 656870.452997 6869006.153817 656849.270710 6869005.834551 656849.421416 6868995.835686 656870.603703 6868996.154953 18.000000
690000 656871.691546 6869020.925247 656871.540840 6869030.924111 656849.111148 6869030.586044 656849.261854 6869020.587180 656871.691546 6869020.925247 18.000000
695000 656871.971941 6868979.900507 656871.821235 6868989.899371 656849.643831 6868989.565106 656849.794537 6868979.566242 656871.971941 6868979.900507 18.000000
695000 656870.603703 6868996.154953 656870.452997 6869006.153817 656849.270710 6869005.834551 656849.421416 6868995.835686 656870.603703 6868996.154953 18.000000
695000 656871.691546 6869020.925247 656871.540840 6869030.924111 656849.111148 6869030.586044 656849.261854 6869020.587180 656871.691546 6869020.925247 18.000000
700000 656871.971941 6868979.900507 656871.821235 6868989.899371 656849.643831 6868989.565106 656849.794537 6868979.566242 656871.971941 6868979.900507 18.000000
700000 656870.603703 6868996.154953 656870.452997 6869006.153817 656849.270710 6869005.834551 656849.421416 6868995.835686 656870.603703 6868996.154953 18.000000
700000 656871.691546 6869020.925247 656871.540840 6869030.924111 656849.111148 6869030.586044 656849.261854 6869020.587180 656871.691546 6869020.925247 18.000000
705000 656871.971941 6868979.900507 656871.821235 6868989.899371 656849.643831 6868989.565106 656849.794537 6868979.566242 656871.971941 6868979.900507 18.000000
705000 656870.603703 6868996.154953 656870.452997 6869006.153817 656849.270710 6869005.834551 656849.421416 6868995.835686 656870.603703 6868996.154953 18.000000
705000 656871.691546 6869020.925247 656871.540840 6869030.924111 656849.111148 6869030.586044 656849.261854 6869020.587180 656871.691546 6869020.925247 18.000000
710000 656871.971941 6868979.900507 656871.821235 6868989.899371 656849.643831 6868989.565106 656849.794537 6868979.566242 656871.971941 6868979.900507 18.000000
710000 656870.603703 6868996.154953 656870.452997 6869006.153817 656849.270710 6869005.834551 656849.421416 6868995.835686 656870.603703 6868996.154953 18.000000
710000 656871.691546 6869020.925247 656871.540840 6869030.924111 656849.111148 6869030.586044 656849.261854 6869020.587180 656871.691546 6869020.925247 18.000000
715000 656871.971941 6868979.900507 656871.821235 6868989.899371 656849.643831 6868989.565106 656849.794537 6868979.566242 656871.971941 6868979.900507 18.000000
715000 656870.603703 6868996.154953 656870.452997 6869006.153817 656849.270710 6869005.834551 656849.421416 6868995.835686 656870.603703 6868996.154953 18.000000
715000 656871.691546 6869020.925247 656871.540840 6869030.924111 656849.111148 6869030.586044 656849.261854 6869020.587180 656871.691546 6869020.925247 18.000000
720000 656870.603703 6868996.154953 656870.452997 6869006.153817 656849.270710 6869005.834551 656849.421416 6868995.835686 656870.603703 6868996.154953 18.000000
720000 656871.871447 6869021.545603 656871.720741 6869031.544467 656849.417493 6869031.208306 656849.568199 6869021.209441 656871.871447 6869021.545603 18.000000
720000 656871.364540 6868980.292110 656871.213834 6868990.290974 656849.638223 6868989.965780 656849.788929 6868979.966916 656871.364540 6868980.292110 18.000000
725000 656870.603703 6868996.154953 656870.452997 6869006.153817 656849.270710 6869005.834551 656849.421416 6868995.835686 656870.603703 6868996.154953 18.000000
725000 656871.871447 6869021.545603 656871.720741 6869031.544467 656849.417493 6869031.208306 656849.568199 6869021.209441 656871.871447 6869021.545603 18.000000
725000 656871.364540 6868980.292110 656871.213834 6868990.290974 656849.638223 6868989.965780 656849.788929 6868979.966916 656871.364540 6868980.292110 18.000000
730000 656870.603703 6868996.154953 656870.452997 6869006.153817 656849.270710 6869005.834551 656849.421416 6868995.835686 656870.603703 6868996.154953 18.000000
730000 656871.871447 6869021.545603 656871.720741 6869031.544467 656849.417493 6869031.208306 656849.568199 6869021.209441 656871.871447 6869021.545603 18.000000
730000 656871.364540 6868980.292110 656871.213834 6868990.290974 656849.638223 6868989.965780 656849.788929 6868979.966916 656871.364540 6868980.292110 18.000000
735000 656870.603703 6868996.154953 656870.452997 6869006.153817 656849.270710 6869005.834551 656849.421416 6868995.835686 656870.603703 6868996.154953 18.000000
735000 656871.871447 6869021.545603 656871.720741 6869031.544467 656849.417493 6869031.208306 656849.568199 6869021.209441 656871.871447 6869021.545603 18.000000
735000 656871.364540 6868980.292110 656871.213834 6868990.290974 656849.638223 6868989.965780 656849.788929 6868979.966916 656871.364540 6868980.292110 18.000000
740000 656870.603703 6868996.154953 656870.452997 6869006.153817 656849.270710 6869005.834551 656849.421416 6868995.835686 656870.603703 6868996.154953 18.000000
740000 656871.364540 6868980.292110 656871.213834 6868990.290974 656849.638223 6868989.965780 656849.788929 6868979.966916 656871.364540 6868980.292110 18.000000
740000 656869.740537 6869034.396231 656869.589831 6869044.395095 656848.771522 6869044.081315 656848.922228 6869034.082450 656869.740537 6869034.396231 18.000000
745000 656869.306661 6869032.426661 656869.155955 6869042.425525 656849.143168 6869042.123886 656849.293874 6869032.125021 656869.306661 6869032.426661 18.000000
745000 656872.161004 6868985.663170 656872.010298 6868995.662035 656850.973008 6868995.344954 656851.123714 6868985.346090 656872.161004 6868985.663170 18.000000
750000 656861.872957 6868977.958041 656871.871821 6868978.108747 656871.121043 6869027.920437 656861.122179 6869027.769731 656861.872957 6868977.958041 18.000000
755000 656854.393494 6868990.241323 656864.392359 6868990.392029 656863.656649 6869039.203985 656853.657785 6869039.053279 656854.393494 6868990.241323 18.000000
760000 656855.824367 6868998.693908 656865.823231 6868998.844614 656865.084564 6869047.852826 656855.085700 6869047.702120 656855.824367 6868998.693908 18.000000
765000 656871.018576 6869000.653620 656870.867869 6869010.652484 656849.978762 6869010.337637 656850.129468 6869000.338772 656871.018576 6869000.653620 18.000000
765000 656870.849690 6868979.087267 656870.698984 6868989.086131 656851.087908 6868988.790547 656851.238614 6868978.791682 656870.849690 6868979.087267 18.000000
765000 656870.883727 6869029.362385 656870.733021 6869039.361249 656849.281908 6869039.037931 656849.432614 6869029.039067 656870.883727 6869029.362385 18.000000
770000 656871.018576 6869000.653620 656870.867869 6869010.652484 656849.978762 6869010.337637 656850.129468 6869000.338772 656871.018576 6869000.653620 18.000000
770000 656870.849690 6868979.087267 656870.698984 6868989.086131 656851.087908 6868988.790547 656851.238614 6868978.791682 656870.849690 6868979.087267 18.000000
770000 656870.883727 6869029.362385 656870.733021 6869039.361249 656849.281908 6869039.037931 656849.432614 6869029.039067 656870.883727 6869029.362385 18.000000
775000 656871.018576 6869000.653620 656870.867869 6869010.652484 656849.978762 6869010.337637 656850.129468 6869000.338772 656871.018576 6869000.653620 18.000000
775000 656871.836844 6869016.209229 656871.686138 6869026.208093 656849.157442 6869025.868534 656849.308148 6869015.869669 656871.836844 6869016.209229 18.000000
775000 656871.259322 6869032.376097 656871.108616 6869042.374961 656849.615969 6869042.051017 656849.766675 6869032.052153 656871.259322 6869032.376097 18.000000
780000 656871.018576 6869000.653620 656870.867869 6869010.652484 656849.978762 6869010.337637 656850.129468 6869000.338772 656871.018576 6869000.653620 18.000000
780000 656871.836844 6869016.209229 656871.686138 6869026.208093 656849.157442 6869025.868534 656849.308148 6869015.869669 656871.836844 6869016.209229 18.000000
780000 656871.259322 6869032.376097 656871.108616 6869042.374961 656849.615969 6869042.051017 656849.766675 6869032.052153 656871.259322 6869032.376097 18.000000
785000 656871.836844 6869016.209229 656871.686138 6869026.208093 656849.157442 6869025.868534 656849.308148 6869015.869669 656871.836844 6869016.209229 18.000000
785000 656871.259322 6869032.376097 656871.108616 6869042.374961 656849.615969 6869042.051017 656849.766675 6869032.052153 656871.259322 6869032.376097 18.000000
785000 656872.027004 6868980.478319 656871.876298 6868990.477184 656849.780421 6868990.144148 656849.931127 6868980.145283 656872.027004 6868980.478319 18.000000
790000 656871.836844 6869016.209229 656871.686138 6869026.208093 656849.157442 6869025.868534 656849.308148 6869015.869669 656871.836844 6869016.209229 18.000000
790000 656871.259322 6869032.376097 656871.108616 6869042.374961 656849.615969 6869042.051017 656849.766675 6869032.052153 656871.259322 6869032.376097 18.000000
790000 656872.027004 6868980.478319 656871.876298 6868990.477184 656849.780421 6868990.144148 656849.931127 6868980.145283 656872.027004 6868980.478319 18.000000
792197 656871.836844 6869016.209229 656871.686138 6869026.208093 656849.157442 6869025.868534 656849.308148 6869015.869669 656871.836844 6869016.209229 18.000000
792197 656871.259322 6869032.376097 656871.108616 6869042.374961 656849.615969 6869042.051017 656849.766675 6869032.052153 656871.259322 6869032.376097 18.000000
792197 656872.027004 6868980.478319 656871.876298 6868990.477184 656849.780421 6868990.144148 656849.931127 6868980.145283 656872.027004 6868980.478319 18.000000
792197 656871.304519 6869000.284519 656871.153812 6869010.283383 656849.989416 6869009.964387 656850.140122 6868999.965522 656871.304519 6869000.284519 18.000000
